utilA;utilB;utilSum;contract;pareto
2228;8253;10481;[4,67,193,48,10,176,91,129,8,84,122,73,174,135,21,99,16,77,112,71,56,18,62,120,24,197,26,9,143,20,3,2,121,160,92,49,130,22,38,34,124,94,75,12,165,153,187,127,39,107,87,76,50,53,93,23,30,134,58,86,69,64,101,151,54,158,199,6,117,98,25,110,81,52,182,28,162,78,60,79,185,148,167,61,41,36,46,131,59,133,96,157,138,178,152,173,66,126,198,159,140,118,109,29,154,156,106,19,108,146,43,128,85,164,111,83,181,82,192,139,33,13,172,195,40,37,15,35,88,1,189,194,31,171,116,57,0,113,196,89,5,141,119,74,183,63,51,72,147,65,102,115,14,45,55,155,184,161,80,114,177,169,191,11,104,180,163,170,95,137,90,125,149,32,68,97,100,7,175,179,27,150,136,144,70,168,17,103,105,142,190,188,186,145,42,47,132,166,123,44];True
2312;8293;10605;[67,4,193,48,10,176,91,129,8,84,122,73,174,135,21,99,16,77,112,71,56,18,62,120,24,197,26,9,143,20,3,2,121,160,92,49,130,22,38,34,124,94,75,12,165,153,187,127,39,107,87,76,50,53,93,23,30,134,58,86,69,64,101,151,54,158,199,6,117,98,25,110,81,52,182,28,162,78,60,79,185,148,167,61,41,36,46,131,59,133,96,157,138,178,152,173,66,126,198,159,140,118,109,29,154,156,106,19,108,146,43,128,85,164,111,83,181,82,192,139,33,13,172,195,40,37,15,35,88,1,189,194,31,171,116,57,0,113,196,89,5,141,119,74,183,63,51,72,147,65,102,115,14,45,55,155,184,161,80,114,177,169,191,11,104,180,163,170,95,137,90,125,149,32,68,97,100,7,175,179,27,150,136,144,70,168,17,103,105,142,190,188,186,145,42,47,132,166,123,44];False
2295;8297;10592;[193,67,4,48,10,176,91,129,8,84,122,73,174,135,21,99,16,77,112,71,56,18,62,120,24,197,26,9,143,20,3,2,121,160,92,49,130,22,38,34,124,94,75,12,165,153,187,127,39,107,87,76,50,53,93,23,30,134,58,86,69,64,101,151,54,158,199,6,117,98,25,110,81,52,182,28,162,78,60,79,185,148,167,61,41,36,46,131,59,133,96,157,138,178,152,173,66,126,198,159,140,118,109,29,154,156,106,19,108,146,43,128,85,164,111,83,181,82,192,139,33,13,172,195,40,37,15,35,88,1,189,194,31,171,116,57,0,113,196,89,5,141,119,74,183,63,51,72,147,65,102,115,14,45,55,155,184,161,80,114,177,169,191,11,104,180,163,170,95,137,90,125,149,32,68,97,100,7,175,179,27,150,136,144,70,168,17,103,105,142,190,188,186,145,42,47,132,166,123,44];False
2322;8268;10590;[48,67,193,4,10,176,91,129,8,84,122,73,174,135,21,99,16,77,112,71,56,18,62,120,24,197,26,9,143,20,3,2,121,160,92,49,130,22,38,34,124,94,75,12,165,153,187,127,39,107,87,76,50,53,93,23,30,134,58,86,69,64,101,151,54,158,199,6,117,98,25,110,81,52,182,28,162,78,60,79,185,148,167,61,41,36,46,131,59,133,96,157,138,178,152,173,66,126,198,159,140,118,109,29,154,156,106,19,108,146,43,128,85,164,111,83,181,82,192,139,33,13,172,195,40,37,15,35,88,1,189,194,31,171,116,57,0,113,196,89,5,141,119,74,183,63,51,72,147,65,102,115,14,45,55,155,184,161,80,114,177,169,191,11,104,180,163,170,95,137,90,125,149,32,68,97,100,7,175,179,27,150,136,144,70,168,17,103,105,142,190,188,186,145,42,47,132,166,123,44];False
2329;8269;10598;[10,67,193,48,4,176,91,129,8,84,122,73,174,135,21,99,16,77,112,71,56,18,62,120,24,197,26,9,143,20,3,2,121,160,92,49,130,22,38,34,124,94,75,12,165,153,187,127,39,107,87,76,50,53,93,23,30,134,58,86,69,64,101,151,54,158,199,6,117,98,25,110,81,52,182,28,162,78,60,79,185,148,167,61,41,36,46,131,59,133,96,157,138,178,152,173,66,126,198,159,140,118,109,29,154,156,106,19,108,146,43,128,85,164,111,83,181,82,192,139,33,13,172,195,40,37,15,35,88,1,189,194,31,171,116,57,0,113,196,89,5,141,119,74,183,63,51,72,147,65,102,115,14,45,55,155,184,161,80,114,177,169,191,11,104,180,163,170,95,137,90,125,149,32,68,97,100,7,175,179,27,150,136,144,70,168,17,103,105,142,190,188,186,145,42,47,132,166,123,44];False
2220;8278;10498;[176,67,193,48,10,4,91,129,8,84,122,73,174,135,21,99,16,77,112,71,56,18,62,120,24,197,26,9,143,20,3,2,121,160,92,49,130,22,38,34,124,94,75,12,165,153,187,127,39,107,87,76,50,53,93,23,30,134,58,86,69,64,101,151,54,158,199,6,117,98,25,110,81,52,182,28,162,78,60,79,185,148,167,61,41,36,46,131,59,133,96,157,138,178,152,173,66,126,198,159,140,118,109,29,154,156,106,19,108,146,43,128,85,164,111,83,181,82,192,139,33,13,172,195,40,37,15,35,88,1,189,194,31,171,116,57,0,113,196,89,5,141,119,74,183,63,51,72,147,65,102,115,14,45,55,155,184,161,80,114,177,169,191,11,104,180,163,170,95,137,90,125,149,32,68,97,100,7,175,179,27,150,136,144,70,168,17,103,105,142,190,188,186,145,42,47,132,166,123,44];True
2338;8276;10614;[91,67,193,48,10,176,4,129,8,84,122,73,174,135,21,99,16,77,112,71,56,18,62,120,24,197,26,9,143,20,3,2,121,160,92,49,130,22,38,34,124,94,75,12,165,153,187,127,39,107,87,76,50,53,93,23,30,134,58,86,69,64,101,151,54,158,199,6,117,98,25,110,81,52,182,28,162,78,60,79,185,148,167,61,41,36,46,131,59,133,96,157,138,178,152,173,66,126,198,159,140,118,109,29,154,156,106,19,108,146,43,128,85,164,111,83,181,82,192,139,33,13,172,195,40,37,15,35,88,1,189,194,31,171,116,57,0,113,196,89,5,141,119,74,183,63,51,72,147,65,102,115,14,45,55,155,184,161,80,114,177,169,191,11,104,180,163,170,95,137,90,125,149,32,68,97,100,7,175,179,27,150,136,144,70,168,17,103,105,142,190,188,186,145,42,47,132,166,123,44];False
2374;8303;10677;[129,67,193,48,10,176,91,4,8,84,122,73,174,135,21,99,16,77,112,71,56,18,62,120,24,197,26,9,143,20,3,2,121,160,92,49,130,22,38,34,124,94,75,12,165,153,187,127,39,107,87,76,50,53,93,23,30,134,58,86,69,64,101,151,54,158,199,6,117,98,25,110,81,52,182,28,162,78,60,79,185,148,167,61,41,36,46,131,59,133,96,157,138,178,152,173,66,126,198,159,140,118,109,29,154,156,106,19,108,146,43,128,85,164,111,83,181,82,192,139,33,13,172,195,40,37,15,35,88,1,189,194,31,171,116,57,0,113,196,89,5,141,119,74,183,63,51,72,147,65,102,115,14,45,55,155,184,161,80,114,177,169,191,11,104,180,163,170,95,137,90,125,149,32,68,97,100,7,175,179,27,150,136,144,70,168,17,103,105,142,190,188,186,145,42,47,132,166,123,44];False
2439;8275;10714;[8,67,193,48,10,176,91,129,4,84,122,73,174,135,21,99,16,77,112,71,56,18,62,120,24,197,26,9,143,20,3,2,121,160,92,49,130,22,38,34,124,94,75,12,165,153,187,127,39,107,87,76,50,53,93,23,30,134,58,86,69,64,101,151,54,158,199,6,117,98,25,110,81,52,182,28,162,78,60,79,185,148,167,61,41,36,46,131,59,133,96,157,138,178,152,173,66,126,198,159,140,118,109,29,154,156,106,19,108,146,43,128,85,164,111,83,181,82,192,139,33,13,172,195,40,37,15,35,88,1,189,194,31,171,116,57,0,113,196,89,5,141,119,74,183,63,51,72,147,65,102,115,14,45,55,155,184,161,80,114,177,169,191,11,104,180,163,170,95,137,90,125,149,32,68,97,100,7,175,179,27,150,136,144,70,168,17,103,105,142,190,188,186,145,42,47,132,166,123,44];False
2354;8248;10602;[84,67,193,48,10,176,91,129,8,4,122,73,174,135,21,99,16,77,112,71,56,18,62,120,24,197,26,9,143,20,3,2,121,160,92,49,130,22,38,34,124,94,75,12,165,153,187,127,39,107,87,76,50,53,93,23,30,134,58,86,69,64,101,151,54,158,199,6,117,98,25,110,81,52,182,28,162,78,60,79,185,148,167,61,41,36,46,131,59,133,96,157,138,178,152,173,66,126,198,159,140,118,109,29,154,156,106,19,108,146,43,128,85,164,111,83,181,82,192,139,33,13,172,195,40,37,15,35,88,1,189,194,31,171,116,57,0,113,196,89,5,141,119,74,183,63,51,72,147,65,102,115,14,45,55,155,184,161,80,114,177,169,191,11,104,180,163,170,95,137,90,125,149,32,68,97,100,7,175,179,27,150,136,144,70,168,17,103,105,142,190,188,186,145,42,47,132,166,123,44];False
2309;8281;10590;[122,67,193,48,10,176,91,129,8,84,4,73,174,135,21,99,16,77,112,71,56,18,62,120,24,197,26,9,143,20,3,2,121,160,92,49,130,22,38,34,124,94,75,12,165,153,187,127,39,107,87,76,50,53,93,23,30,134,58,86,69,64,101,151,54,158,199,6,117,98,25,110,81,52,182,28,162,78,60,79,185,148,167,61,41,36,46,131,59,133,96,157,138,178,152,173,66,126,198,159,140,118,109,29,154,156,106,19,108,146,43,128,85,164,111,83,181,82,192,139,33,13,172,195,40,37,15,35,88,1,189,194,31,171,116,57,0,113,196,89,5,141,119,74,183,63,51,72,147,65,102,115,14,45,55,155,184,161,80,114,177,169,191,11,104,180,163,170,95,137,90,125,149,32,68,97,100,7,175,179,27,150,136,144,70,168,17,103,105,142,190,188,186,145,42,47,132,166,123,44];False
2364;8251;10615;[73,67,193,48,10,176,91,129,8,84,122,4,174,135,21,99,16,77,112,71,56,18,62,120,24,197,26,9,143,20,3,2,121,160,92,49,130,22,38,34,124,94,75,12,165,153,187,127,39,107,87,76,50,53,93,23,30,134,58,86,69,64,101,151,54,158,199,6,117,98,25,110,81,52,182,28,162,78,60,79,185,148,167,61,41,36,46,131,59,133,96,157,138,178,152,173,66,126,198,159,140,118,109,29,154,156,106,19,108,146,43,128,85,164,111,83,181,82,192,139,33,13,172,195,40,37,15,35,88,1,189,194,31,171,116,57,0,113,196,89,5,141,119,74,183,63,51,72,147,65,102,115,14,45,55,155,184,161,80,114,177,169,191,11,104,180,163,170,95,137,90,125,149,32,68,97,100,7,175,179,27,150,136,144,70,168,17,103,105,142,190,188,186,145,42,47,132,166,123,44];False
2313;8234;10547;[174,67,193,48,10,176,91,129,8,84,122,73,4,135,21,99,16,77,112,71,56,18,62,120,24,197,26,9,143,20,3,2,121,160,92,49,130,22,38,34,124,94,75,12,165,153,187,127,39,107,87,76,50,53,93,23,30,134,58,86,69,64,101,151,54,158,199,6,117,98,25,110,81,52,182,28,162,78,60,79,185,148,167,61,41,36,46,131,59,133,96,157,138,178,152,173,66,126,198,159,140,118,109,29,154,156,106,19,108,146,43,128,85,164,111,83,181,82,192,139,33,13,172,195,40,37,15,35,88,1,189,194,31,171,116,57,0,113,196,89,5,141,119,74,183,63,51,72,147,65,102,115,14,45,55,155,184,161,80,114,177,169,191,11,104,180,163,170,95,137,90,125,149,32,68,97,100,7,175,179,27,150,136,144,70,168,17,103,105,142,190,188,186,145,42,47,132,166,123,44];False
2362;8264;10626;[135,67,193,48,10,176,91,129,8,84,122,73,174,4,21,99,16,77,112,71,56,18,62,120,24,197,26,9,143,20,3,2,121,160,92,49,130,22,38,34,124,94,75,12,165,153,187,127,39,107,87,76,50,53,93,23,30,134,58,86,69,64,101,151,54,158,199,6,117,98,25,110,81,52,182,28,162,78,60,79,185,148,167,61,41,36,46,131,59,133,96,157,138,178,152,173,66,126,198,159,140,118,109,29,154,156,106,19,108,146,43,128,85,164,111,83,181,82,192,139,33,13,172,195,40,37,15,35,88,1,189,194,31,171,116,57,0,113,196,89,5,141,119,74,183,63,51,72,147,65,102,115,14,45,55,155,184,161,80,114,177,169,191,11,104,180,163,170,95,137,90,125,149,32,68,97,100,7,175,179,27,150,136,144,70,168,17,103,105,142,190,188,186,145,42,47,132,166,123,44];False
2322;8263;10585;[21,67,193,48,10,176,91,129,8,84,122,73,174,135,4,99,16,77,112,71,56,18,62,120,24,197,26,9,143,20,3,2,121,160,92,49,130,22,38,34,124,94,75,12,165,153,187,127,39,107,87,76,50,53,93,23,30,134,58,86,69,64,101,151,54,158,199,6,117,98,25,110,81,52,182,28,162,78,60,79,185,148,167,61,41,36,46,131,59,133,96,157,138,178,152,173,66,126,198,159,140,118,109,29,154,156,106,19,108,146,43,128,85,164,111,83,181,82,192,139,33,13,172,195,40,37,15,35,88,1,189,194,31,171,116,57,0,113,196,89,5,141,119,74,183,63,51,72,147,65,102,115,14,45,55,155,184,161,80,114,177,169,191,11,104,180,163,170,95,137,90,125,149,32,68,97,100,7,175,179,27,150,136,144,70,168,17,103,105,142,190,188,186,145,42,47,132,166,123,44];False
2351;8270;10621;[99,67,193,48,10,176,91,129,8,84,122,73,174,135,21,4,16,77,112,71,56,18,62,120,24,197,26,9,143,20,3,2,121,160,92,49,130,22,38,34,124,94,75,12,165,153,187,127,39,107,87,76,50,53,93,23,30,134,58,86,69,64,101,151,54,158,199,6,117,98,25,110,81,52,182,28,162,78,60,79,185,148,167,61,41,36,46,131,59,133,96,157,138,178,152,173,66,126,198,159,140,118,109,29,154,156,106,19,108,146,43,128,85,164,111,83,181,82,192,139,33,13,172,195,40,37,15,35,88,1,189,194,31,171,116,57,0,113,196,89,5,141,119,74,183,63,51,72,147,65,102,115,14,45,55,155,184,161,80,114,177,169,191,11,104,180,163,170,95,137,90,125,149,32,68,97,100,7,175,179,27,150,136,144,70,168,17,103,105,142,190,188,186,145,42,47,132,166,123,44];False
2424;8242;10666;[16,67,193,48,10,176,91,129,8,84,122,73,174,135,21,99,4,77,112,71,56,18,62,120,24,197,26,9,143,20,3,2,121,160,92,49,130,22,38,34,124,94,75,12,165,153,187,127,39,107,87,76,50,53,93,23,30,134,58,86,69,64,101,151,54,158,199,6,117,98,25,110,81,52,182,28,162,78,60,79,185,148,167,61,41,36,46,131,59,133,96,157,138,178,152,173,66,126,198,159,140,118,109,29,154,156,106,19,108,146,43,128,85,164,111,83,181,82,192,139,33,13,172,195,40,37,15,35,88,1,189,194,31,171,116,57,0,113,196,89,5,141,119,74,183,63,51,72,147,65,102,115,14,45,55,155,184,161,80,114,177,169,191,11,104,180,163,170,95,137,90,125,149,32,68,97,100,7,175,179,27,150,136,144,70,168,17,103,105,142,190,188,186,145,42,47,132,166,123,44];False
2324;8289;10613;[77,67,193,48,10,176,91,129,8,84,122,73,174,135,21,99,16,4,112,71,56,18,62,120,24,197,26,9,143,20,3,2,121,160,92,49,130,22,38,34,124,94,75,12,165,153,187,127,39,107,87,76,50,53,93,23,30,134,58,86,69,64,101,151,54,158,199,6,117,98,25,110,81,52,182,28,162,78,60,79,185,148,167,61,41,36,46,131,59,133,96,157,138,178,152,173,66,126,198,159,140,118,109,29,154,156,106,19,108,146,43,128,85,164,111,83,181,82,192,139,33,13,172,195,40,37,15,35,88,1,189,194,31,171,116,57,0,113,196,89,5,141,119,74,183,63,51,72,147,65,102,115,14,45,55,155,184,161,80,114,177,169,191,11,104,180,163,170,95,137,90,125,149,32,68,97,100,7,175,179,27,150,136,144,70,168,17,103,105,142,190,188,186,145,42,47,132,166,123,44];False
2379;8302;10681;[112,67,193,48,10,176,91,129,8,84,122,73,174,135,21,99,16,77,4,71,56,18,62,120,24,197,26,9,143,20,3,2,121,160,92,49,130,22,38,34,124,94,75,12,165,153,187,127,39,107,87,76,50,53,93,23,30,134,58,86,69,64,101,151,54,158,199,6,117,98,25,110,81,52,182,28,162,78,60,79,185,148,167,61,41,36,46,131,59,133,96,157,138,178,152,173,66,126,198,159,140,118,109,29,154,156,106,19,108,146,43,128,85,164,111,83,181,82,192,139,33,13,172,195,40,37,15,35,88,1,189,194,31,171,116,57,0,113,196,89,5,141,119,74,183,63,51,72,147,65,102,115,14,45,55,155,184,161,80,114,177,169,191,11,104,180,163,170,95,137,90,125,149,32,68,97,100,7,175,179,27,150,136,144,70,168,17,103,105,142,190,188,186,145,42,47,132,166,123,44];False
2349;8275;10624;[71,67,193,48,10,176,91,129,8,84,122,73,174,135,21,99,16,77,112,4,56,18,62,120,24,197,26,9,143,20,3,2,121,160,92,49,130,22,38,34,124,94,75,12,165,153,187,127,39,107,87,76,50,53,93,23,30,134,58,86,69,64,101,151,54,158,199,6,117,98,25,110,81,52,182,28,162,78,60,79,185,148,167,61,41,36,46,131,59,133,96,157,138,178,152,173,66,126,198,159,140,118,109,29,154,156,106,19,108,146,43,128,85,164,111,83,181,82,192,139,33,13,172,195,40,37,15,35,88,1,189,194,31,171,116,57,0,113,196,89,5,141,119,74,183,63,51,72,147,65,102,115,14,45,55,155,184,161,80,114,177,169,191,11,104,180,163,170,95,137,90,125,149,32,68,97,100,7,175,179,27,150,136,144,70,168,17,103,105,142,190,188,186,145,42,47,132,166,123,44];False
2356;8264;10620;[56,67,193,48,10,176,91,129,8,84,122,73,174,135,21,99,16,77,112,71,4,18,62,120,24,197,26,9,143,20,3,2,121,160,92,49,130,22,38,34,124,94,75,12,165,153,187,127,39,107,87,76,50,53,93,23,30,134,58,86,69,64,101,151,54,158,199,6,117,98,25,110,81,52,182,28,162,78,60,79,185,148,167,61,41,36,46,131,59,133,96,157,138,178,152,173,66,126,198,159,140,118,109,29,154,156,106,19,108,146,43,128,85,164,111,83,181,82,192,139,33,13,172,195,40,37,15,35,88,1,189,194,31,171,116,57,0,113,196,89,5,141,119,74,183,63,51,72,147,65,102,115,14,45,55,155,184,161,80,114,177,169,191,11,104,180,163,170,95,137,90,125,149,32,68,97,100,7,175,179,27,150,136,144,70,168,17,103,105,142,190,188,186,145,42,47,132,166,123,44];False
2411;8284;10695;[18,67,193,48,10,176,91,129,8,84,122,73,174,135,21,99,16,77,112,71,56,4,62,120,24,197,26,9,143,20,3,2,121,160,92,49,130,22,38,34,124,94,75,12,165,153,187,127,39,107,87,76,50,53,93,23,30,134,58,86,69,64,101,151,54,158,199,6,117,98,25,110,81,52,182,28,162,78,60,79,185,148,167,61,41,36,46,131,59,133,96,157,138,178,152,173,66,126,198,159,140,118,109,29,154,156,106,19,108,146,43,128,85,164,111,83,181,82,192,139,33,13,172,195,40,37,15,35,88,1,189,194,31,171,116,57,0,113,196,89,5,141,119,74,183,63,51,72,147,65,102,115,14,45,55,155,184,161,80,114,177,169,191,11,104,180,163,170,95,137,90,125,149,32,68,97,100,7,175,179,27,150,136,144,70,168,17,103,105,142,190,188,186,145,42,47,132,166,123,44];False
2246;8343;10589;[62,67,193,48,10,176,91,129,8,84,122,73,174,135,21,99,16,77,112,71,56,18,4,120,24,197,26,9,143,20,3,2,121,160,92,49,130,22,38,34,124,94,75,12,165,153,187,127,39,107,87,76,50,53,93,23,30,134,58,86,69,64,101,151,54,158,199,6,117,98,25,110,81,52,182,28,162,78,60,79,185,148,167,61,41,36,46,131,59,133,96,157,138,178,152,173,66,126,198,159,140,118,109,29,154,156,106,19,108,146,43,128,85,164,111,83,181,82,192,139,33,13,172,195,40,37,15,35,88,1,189,194,31,171,116,57,0,113,196,89,5,141,119,74,183,63,51,72,147,65,102,115,14,45,55,155,184,161,80,114,177,169,191,11,104,180,163,170,95,137,90,125,149,32,68,97,100,7,175,179,27,150,136,144,70,168,17,103,105,142,190,188,186,145,42,47,132,166,123,44];False
2300;8338;10638;[120,67,193,48,10,176,91,129,8,84,122,73,174,135,21,99,16,77,112,71,56,18,62,4,24,197,26,9,143,20,3,2,121,160,92,49,130,22,38,34,124,94,75,12,165,153,187,127,39,107,87,76,50,53,93,23,30,134,58,86,69,64,101,151,54,158,199,6,117,98,25,110,81,52,182,28,162,78,60,79,185,148,167,61,41,36,46,131,59,133,96,157,138,178,152,173,66,126,198,159,140,118,109,29,154,156,106,19,108,146,43,128,85,164,111,83,181,82,192,139,33,13,172,195,40,37,15,35,88,1,189,194,31,171,116,57,0,113,196,89,5,141,119,74,183,63,51,72,147,65,102,115,14,45,55,155,184,161,80,114,177,169,191,11,104,180,163,170,95,137,90,125,149,32,68,97,100,7,175,179,27,150,136,144,70,168,17,103,105,142,190,188,186,145,42,47,132,166,123,44];False
2365;8319;10684;[24,67,193,48,10,176,91,129,8,84,122,73,174,135,21,99,16,77,112,71,56,18,62,120,4,197,26,9,143,20,3,2,121,160,92,49,130,22,38,34,124,94,75,12,165,153,187,127,39,107,87,76,50,53,93,23,30,134,58,86,69,64,101,151,54,158,199,6,117,98,25,110,81,52,182,28,162,78,60,79,185,148,167,61,41,36,46,131,59,133,96,157,138,178,152,173,66,126,198,159,140,118,109,29,154,156,106,19,108,146,43,128,85,164,111,83,181,82,192,139,33,13,172,195,40,37,15,35,88,1,189,194,31,171,116,57,0,113,196,89,5,141,119,74,183,63,51,72,147,65,102,115,14,45,55,155,184,161,80,114,177,169,191,11,104,180,163,170,95,137,90,125,149,32,68,97,100,7,175,179,27,150,136,144,70,168,17,103,105,142,190,188,186,145,42,47,132,166,123,44];False
2319;8305;10624;[197,67,193,48,10,176,91,129,8,84,122,73,174,135,21,99,16,77,112,71,56,18,62,120,24,4,26,9,143,20,3,2,121,160,92,49,130,22,38,34,124,94,75,12,165,153,187,127,39,107,87,76,50,53,93,23,30,134,58,86,69,64,101,151,54,158,199,6,117,98,25,110,81,52,182,28,162,78,60,79,185,148,167,61,41,36,46,131,59,133,96,157,138,178,152,173,66,126,198,159,140,118,109,29,154,156,106,19,108,146,43,128,85,164,111,83,181,82,192,139,33,13,172,195,40,37,15,35,88,1,189,194,31,171,116,57,0,113,196,89,5,141,119,74,183,63,51,72,147,65,102,115,14,45,55,155,184,161,80,114,177,169,191,11,104,180,163,170,95,137,90,125,149,32,68,97,100,7,175,179,27,150,136,144,70,168,17,103,105,142,190,188,186,145,42,47,132,166,123,44];False
2293;8308;10601;[26,67,193,48,10,176,91,129,8,84,122,73,174,135,21,99,16,77,112,71,56,18,62,120,24,197,4,9,143,20,3,2,121,160,92,49,130,22,38,34,124,94,75,12,165,153,187,127,39,107,87,76,50,53,93,23,30,134,58,86,69,64,101,151,54,158,199,6,117,98,25,110,81,52,182,28,162,78,60,79,185,148,167,61,41,36,46,131,59,133,96,157,138,178,152,173,66,126,198,159,140,118,109,29,154,156,106,19,108,146,43,128,85,164,111,83,181,82,192,139,33,13,172,195,40,37,15,35,88,1,189,194,31,171,116,57,0,113,196,89,5,141,119,74,183,63,51,72,147,65,102,115,14,45,55,155,184,161,80,114,177,169,191,11,104,180,163,170,95,137,90,125,149,32,68,97,100,7,175,179,27,150,136,144,70,168,17,103,105,142,190,188,186,145,42,47,132,166,123,44];False
2363;8268;10631;[9,67,193,48,10,176,91,129,8,84,122,73,174,135,21,99,16,77,112,71,56,18,62,120,24,197,26,4,143,20,3,2,121,160,92,49,130,22,38,34,124,94,75,12,165,153,187,127,39,107,87,76,50,53,93,23,30,134,58,86,69,64,101,151,54,158,199,6,117,98,25,110,81,52,182,28,162,78,60,79,185,148,167,61,41,36,46,131,59,133,96,157,138,178,152,173,66,126,198,159,140,118,109,29,154,156,106,19,108,146,43,128,85,164,111,83,181,82,192,139,33,13,172,195,40,37,15,35,88,1,189,194,31,171,116,57,0,113,196,89,5,141,119,74,183,63,51,72,147,65,102,115,14,45,55,155,184,161,80,114,177,169,191,11,104,180,163,170,95,137,90,125,149,32,68,97,100,7,175,179,27,150,136,144,70,168,17,103,105,142,190,188,186,145,42,47,132,166,123,44];False
2295;8233;10528;[143,67,193,48,10,176,91,129,8,84,122,73,174,135,21,99,16,77,112,71,56,18,62,120,24,197,26,9,4,20,3,2,121,160,92,49,130,22,38,34,124,94,75,12,165,153,187,127,39,107,87,76,50,53,93,23,30,134,58,86,69,64,101,151,54,158,199,6,117,98,25,110,81,52,182,28,162,78,60,79,185,148,167,61,41,36,46,131,59,133,96,157,138,178,152,173,66,126,198,159,140,118,109,29,154,156,106,19,108,146,43,128,85,164,111,83,181,82,192,139,33,13,172,195,40,37,15,35,88,1,189,194,31,171,116,57,0,113,196,89,5,141,119,74,183,63,51,72,147,65,102,115,14,45,55,155,184,161,80,114,177,169,191,11,104,180,163,170,95,137,90,125,149,32,68,97,100,7,175,179,27,150,136,144,70,168,17,103,105,142,190,188,186,145,42,47,132,166,123,44];True
2285;8246;10531;[20,67,193,48,10,176,91,129,8,84,122,73,174,135,21,99,16,77,112,71,56,18,62,120,24,197,26,9,143,4,3,2,121,160,92,49,130,22,38,34,124,94,75,12,165,153,187,127,39,107,87,76,50,53,93,23,30,134,58,86,69,64,101,151,54,158,199,6,117,98,25,110,81,52,182,28,162,78,60,79,185,148,167,61,41,36,46,131,59,133,96,157,138,178,152,173,66,126,198,159,140,118,109,29,154,156,106,19,108,146,43,128,85,164,111,83,181,82,192,139,33,13,172,195,40,37,15,35,88,1,189,194,31,171,116,57,0,113,196,89,5,141,119,74,183,63,51,72,147,65,102,115,14,45,55,155,184,161,80,114,177,169,191,11,104,180,163,170,95,137,90,125,149,32,68,97,100,7,175,179,27,150,136,144,70,168,17,103,105,142,190,188,186,145,42,47,132,166,123,44];False
2327;8302;10629;[3,67,193,48,10,176,91,129,8,84,122,73,174,135,21,99,16,77,112,71,56,18,62,120,24,197,26,9,143,20,4,2,121,160,92,49,130,22,38,34,124,94,75,12,165,153,187,127,39,107,87,76,50,53,93,23,30,134,58,86,69,64,101,151,54,158,199,6,117,98,25,110,81,52,182,28,162,78,60,79,185,148,167,61,41,36,46,131,59,133,96,157,138,178,152,173,66,126,198,159,140,118,109,29,154,156,106,19,108,146,43,128,85,164,111,83,181,82,192,139,33,13,172,195,40,37,15,35,88,1,189,194,31,171,116,57,0,113,196,89,5,141,119,74,183,63,51,72,147,65,102,115,14,45,55,155,184,161,80,114,177,169,191,11,104,180,163,170,95,137,90,125,149,32,68,97,100,7,175,179,27,150,136,144,70,168,17,103,105,142,190,188,186,145,42,47,132,166,123,44];False
2249;8295;10544;[2,67,193,48,10,176,91,129,8,84,122,73,174,135,21,99,16,77,112,71,56,18,62,120,24,197,26,9,143,20,3,4,121,160,92,49,130,22,38,34,124,94,75,12,165,153,187,127,39,107,87,76,50,53,93,23,30,134,58,86,69,64,101,151,54,158,199,6,117,98,25,110,81,52,182,28,162,78,60,79,185,148,167,61,41,36,46,131,59,133,96,157,138,178,152,173,66,126,198,159,140,118,109,29,154,156,106,19,108,146,43,128,85,164,111,83,181,82,192,139,33,13,172,195,40,37,15,35,88,1,189,194,31,171,116,57,0,113,196,89,5,141,119,74,183,63,51,72,147,65,102,115,14,45,55,155,184,161,80,114,177,169,191,11,104,180,163,170,95,137,90,125,149,32,68,97,100,7,175,179,27,150,136,144,70,168,17,103,105,142,190,188,186,145,42,47,132,166,123,44];False
2353;8267;10620;[121,67,193,48,10,176,91,129,8,84,122,73,174,135,21,99,16,77,112,71,56,18,62,120,24,197,26,9,143,20,3,2,4,160,92,49,130,22,38,34,124,94,75,12,165,153,187,127,39,107,87,76,50,53,93,23,30,134,58,86,69,64,101,151,54,158,199,6,117,98,25,110,81,52,182,28,162,78,60,79,185,148,167,61,41,36,46,131,59,133,96,157,138,178,152,173,66,126,198,159,140,118,109,29,154,156,106,19,108,146,43,128,85,164,111,83,181,82,192,139,33,13,172,195,40,37,15,35,88,1,189,194,31,171,116,57,0,113,196,89,5,141,119,74,183,63,51,72,147,65,102,115,14,45,55,155,184,161,80,114,177,169,191,11,104,180,163,170,95,137,90,125,149,32,68,97,100,7,175,179,27,150,136,144,70,168,17,103,105,142,190,188,186,145,42,47,132,166,123,44];False
2299;8270;10569;[160,67,193,48,10,176,91,129,8,84,122,73,174,135,21,99,16,77,112,71,56,18,62,120,24,197,26,9,143,20,3,2,121,4,92,49,130,22,38,34,124,94,75,12,165,153,187,127,39,107,87,76,50,53,93,23,30,134,58,86,69,64,101,151,54,158,199,6,117,98,25,110,81,52,182,28,162,78,60,79,185,148,167,61,41,36,46,131,59,133,96,157,138,178,152,173,66,126,198,159,140,118,109,29,154,156,106,19,108,146,43,128,85,164,111,83,181,82,192,139,33,13,172,195,40,37,15,35,88,1,189,194,31,171,116,57,0,113,196,89,5,141,119,74,183,63,51,72,147,65,102,115,14,45,55,155,184,161,80,114,177,169,191,11,104,180,163,170,95,137,90,125,149,32,68,97,100,7,175,179,27,150,136,144,70,168,17,103,105,142,190,188,186,145,42,47,132,166,123,44];False
2273;8240;10513;[92,67,193,48,10,176,91,129,8,84,122,73,174,135,21,99,16,77,112,71,56,18,62,120,24,197,26,9,143,20,3,2,121,160,4,49,130,22,38,34,124,94,75,12,165,153,187,127,39,107,87,76,50,53,93,23,30,134,58,86,69,64,101,151,54,158,199,6,117,98,25,110,81,52,182,28,162,78,60,79,185,148,167,61,41,36,46,131,59,133,96,157,138,178,152,173,66,126,198,159,140,118,109,29,154,156,106,19,108,146,43,128,85,164,111,83,181,82,192,139,33,13,172,195,40,37,15,35,88,1,189,194,31,171,116,57,0,113,196,89,5,141,119,74,183,63,51,72,147,65,102,115,14,45,55,155,184,161,80,114,177,169,191,11,104,180,163,170,95,137,90,125,149,32,68,97,100,7,175,179,27,150,136,144,70,168,17,103,105,142,190,188,186,145,42,47,132,166,123,44];True
2299;8271;10570;[49,67,193,48,10,176,91,129,8,84,122,73,174,135,21,99,16,77,112,71,56,18,62,120,24,197,26,9,143,20,3,2,121,160,92,4,130,22,38,34,124,94,75,12,165,153,187,127,39,107,87,76,50,53,93,23,30,134,58,86,69,64,101,151,54,158,199,6,117,98,25,110,81,52,182,28,162,78,60,79,185,148,167,61,41,36,46,131,59,133,96,157,138,178,152,173,66,126,198,159,140,118,109,29,154,156,106,19,108,146,43,128,85,164,111,83,181,82,192,139,33,13,172,195,40,37,15,35,88,1,189,194,31,171,116,57,0,113,196,89,5,141,119,74,183,63,51,72,147,65,102,115,14,45,55,155,184,161,80,114,177,169,191,11,104,180,163,170,95,137,90,125,149,32,68,97,100,7,175,179,27,150,136,144,70,168,17,103,105,142,190,188,186,145,42,47,132,166,123,44];False
2273;8321;10594;[130,67,193,48,10,176,91,129,8,84,122,73,174,135,21,99,16,77,112,71,56,18,62,120,24,197,26,9,143,20,3,2,121,160,92,49,4,22,38,34,124,94,75,12,165,153,187,127,39,107,87,76,50,53,93,23,30,134,58,86,69,64,101,151,54,158,199,6,117,98,25,110,81,52,182,28,162,78,60,79,185,148,167,61,41,36,46,131,59,133,96,157,138,178,152,173,66,126,198,159,140,118,109,29,154,156,106,19,108,146,43,128,85,164,111,83,181,82,192,139,33,13,172,195,40,37,15,35,88,1,189,194,31,171,116,57,0,113,196,89,5,141,119,74,183,63,51,72,147,65,102,115,14,45,55,155,184,161,80,114,177,169,191,11,104,180,163,170,95,137,90,125,149,32,68,97,100,7,175,179,27,150,136,144,70,168,17,103,105,142,190,188,186,145,42,47,132,166,123,44];False
2299;8313;10612;[22,67,193,48,10,176,91,129,8,84,122,73,174,135,21,99,16,77,112,71,56,18,62,120,24,197,26,9,143,20,3,2,121,160,92,49,130,4,38,34,124,94,75,12,165,153,187,127,39,107,87,76,50,53,93,23,30,134,58,86,69,64,101,151,54,158,199,6,117,98,25,110,81,52,182,28,162,78,60,79,185,148,167,61,41,36,46,131,59,133,96,157,138,178,152,173,66,126,198,159,140,118,109,29,154,156,106,19,108,146,43,128,85,164,111,83,181,82,192,139,33,13,172,195,40,37,15,35,88,1,189,194,31,171,116,57,0,113,196,89,5,141,119,74,183,63,51,72,147,65,102,115,14,45,55,155,184,161,80,114,177,169,191,11,104,180,163,170,95,137,90,125,149,32,68,97,100,7,175,179,27,150,136,144,70,168,17,103,105,142,190,188,186,145,42,47,132,166,123,44];False
2404;8283;10687;[38,67,193,48,10,176,91,129,8,84,122,73,174,135,21,99,16,77,112,71,56,18,62,120,24,197,26,9,143,20,3,2,121,160,92,49,130,22,4,34,124,94,75,12,165,153,187,127,39,107,87,76,50,53,93,23,30,134,58,86,69,64,101,151,54,158,199,6,117,98,25,110,81,52,182,28,162,78,60,79,185,148,167,61,41,36,46,131,59,133,96,157,138,178,152,173,66,126,198,159,140,118,109,29,154,156,106,19,108,146,43,128,85,164,111,83,181,82,192,139,33,13,172,195,40,37,15,35,88,1,189,194,31,171,116,57,0,113,196,89,5,141,119,74,183,63,51,72,147,65,102,115,14,45,55,155,184,161,80,114,177,169,191,11,104,180,163,170,95,137,90,125,149,32,68,97,100,7,175,179,27,150,136,144,70,168,17,103,105,142,190,188,186,145,42,47,132,166,123,44];False
2349;8222;10571;[34,67,193,48,10,176,91,129,8,84,122,73,174,135,21,99,16,77,112,71,56,18,62,120,24,197,26,9,143,20,3,2,121,160,92,49,130,22,38,4,124,94,75,12,165,153,187,127,39,107,87,76,50,53,93,23,30,134,58,86,69,64,101,151,54,158,199,6,117,98,25,110,81,52,182,28,162,78,60,79,185,148,167,61,41,36,46,131,59,133,96,157,138,178,152,173,66,126,198,159,140,118,109,29,154,156,106,19,108,146,43,128,85,164,111,83,181,82,192,139,33,13,172,195,40,37,15,35,88,1,189,194,31,171,116,57,0,113,196,89,5,141,119,74,183,63,51,72,147,65,102,115,14,45,55,155,184,161,80,114,177,169,191,11,104,180,163,170,95,137,90,125,149,32,68,97,100,7,175,179,27,150,136,144,70,168,17,103,105,142,190,188,186,145,42,47,132,166,123,44];False
2345;8251;10596;[124,67,193,48,10,176,91,129,8,84,122,73,174,135,21,99,16,77,112,71,56,18,62,120,24,197,26,9,143,20,3,2,121,160,92,49,130,22,38,34,4,94,75,12,165,153,187,127,39,107,87,76,50,53,93,23,30,134,58,86,69,64,101,151,54,158,199,6,117,98,25,110,81,52,182,28,162,78,60,79,185,148,167,61,41,36,46,131,59,133,96,157,138,178,152,173,66,126,198,159,140,118,109,29,154,156,106,19,108,146,43,128,85,164,111,83,181,82,192,139,33,13,172,195,40,37,15,35,88,1,189,194,31,171,116,57,0,113,196,89,5,141,119,74,183,63,51,72,147,65,102,115,14,45,55,155,184,161,80,114,177,169,191,11,104,180,163,170,95,137,90,125,149,32,68,97,100,7,175,179,27,150,136,144,70,168,17,103,105,142,190,188,186,145,42,47,132,166,123,44];False
2388;8268;10656;[94,67,193,48,10,176,91,129,8,84,122,73,174,135,21,99,16,77,112,71,56,18,62,120,24,197,26,9,143,20,3,2,121,160,92,49,130,22,38,34,124,4,75,12,165,153,187,127,39,107,87,76,50,53,93,23,30,134,58,86,69,64,101,151,54,158,199,6,117,98,25,110,81,52,182,28,162,78,60,79,185,148,167,61,41,36,46,131,59,133,96,157,138,178,152,173,66,126,198,159,140,118,109,29,154,156,106,19,108,146,43,128,85,164,111,83,181,82,192,139,33,13,172,195,40,37,15,35,88,1,189,194,31,171,116,57,0,113,196,89,5,141,119,74,183,63,51,72,147,65,102,115,14,45,55,155,184,161,80,114,177,169,191,11,104,180,163,170,95,137,90,125,149,32,68,97,100,7,175,179,27,150,136,144,70,168,17,103,105,142,190,188,186,145,42,47,132,166,123,44];False
2266;8291;10557;[75,67,193,48,10,176,91,129,8,84,122,73,174,135,21,99,16,77,112,71,56,18,62,120,24,197,26,9,143,20,3,2,121,160,92,49,130,22,38,34,124,94,4,12,165,153,187,127,39,107,87,76,50,53,93,23,30,134,58,86,69,64,101,151,54,158,199,6,117,98,25,110,81,52,182,28,162,78,60,79,185,148,167,61,41,36,46,131,59,133,96,157,138,178,152,173,66,126,198,159,140,118,109,29,154,156,106,19,108,146,43,128,85,164,111,83,181,82,192,139,33,13,172,195,40,37,15,35,88,1,189,194,31,171,116,57,0,113,196,89,5,141,119,74,183,63,51,72,147,65,102,115,14,45,55,155,184,161,80,114,177,169,191,11,104,180,163,170,95,137,90,125,149,32,68,97,100,7,175,179,27,150,136,144,70,168,17,103,105,142,190,188,186,145,42,47,132,166,123,44];False
2273;8288;10561;[12,67,193,48,10,176,91,129,8,84,122,73,174,135,21,99,16,77,112,71,56,18,62,120,24,197,26,9,143,20,3,2,121,160,92,49,130,22,38,34,124,94,75,4,165,153,187,127,39,107,87,76,50,53,93,23,30,134,58,86,69,64,101,151,54,158,199,6,117,98,25,110,81,52,182,28,162,78,60,79,185,148,167,61,41,36,46,131,59,133,96,157,138,178,152,173,66,126,198,159,140,118,109,29,154,156,106,19,108,146,43,128,85,164,111,83,181,82,192,139,33,13,172,195,40,37,15,35,88,1,189,194,31,171,116,57,0,113,196,89,5,141,119,74,183,63,51,72,147,65,102,115,14,45,55,155,184,161,80,114,177,169,191,11,104,180,163,170,95,137,90,125,149,32,68,97,100,7,175,179,27,150,136,144,70,168,17,103,105,142,190,188,186,145,42,47,132,166,123,44];False
2435;8283;10718;[165,67,193,48,10,176,91,129,8,84,122,73,174,135,21,99,16,77,112,71,56,18,62,120,24,197,26,9,143,20,3,2,121,160,92,49,130,22,38,34,124,94,75,12,4,153,187,127,39,107,87,76,50,53,93,23,30,134,58,86,69,64,101,151,54,158,199,6,117,98,25,110,81,52,182,28,162,78,60,79,185,148,167,61,41,36,46,131,59,133,96,157,138,178,152,173,66,126,198,159,140,118,109,29,154,156,106,19,108,146,43,128,85,164,111,83,181,82,192,139,33,13,172,195,40,37,15,35,88,1,189,194,31,171,116,57,0,113,196,89,5,141,119,74,183,63,51,72,147,65,102,115,14,45,55,155,184,161,80,114,177,169,191,11,104,180,163,170,95,137,90,125,149,32,68,97,100,7,175,179,27,150,136,144,70,168,17,103,105,142,190,188,186,145,42,47,132,166,123,44];False
2259;8299;10558;[153,67,193,48,10,176,91,129,8,84,122,73,174,135,21,99,16,77,112,71,56,18,62,120,24,197,26,9,143,20,3,2,121,160,92,49,130,22,38,34,124,94,75,12,165,4,187,127,39,107,87,76,50,53,93,23,30,134,58,86,69,64,101,151,54,158,199,6,117,98,25,110,81,52,182,28,162,78,60,79,185,148,167,61,41,36,46,131,59,133,96,157,138,178,152,173,66,126,198,159,140,118,109,29,154,156,106,19,108,146,43,128,85,164,111,83,181,82,192,139,33,13,172,195,40,37,15,35,88,1,189,194,31,171,116,57,0,113,196,89,5,141,119,74,183,63,51,72,147,65,102,115,14,45,55,155,184,161,80,114,177,169,191,11,104,180,163,170,95,137,90,125,149,32,68,97,100,7,175,179,27,150,136,144,70,168,17,103,105,142,190,188,186,145,42,47,132,166,123,44];False
2368;8305;10673;[187,67,193,48,10,176,91,129,8,84,122,73,174,135,21,99,16,77,112,71,56,18,62,120,24,197,26,9,143,20,3,2,121,160,92,49,130,22,38,34,124,94,75,12,165,153,4,127,39,107,87,76,50,53,93,23,30,134,58,86,69,64,101,151,54,158,199,6,117,98,25,110,81,52,182,28,162,78,60,79,185,148,167,61,41,36,46,131,59,133,96,157,138,178,152,173,66,126,198,159,140,118,109,29,154,156,106,19,108,146,43,128,85,164,111,83,181,82,192,139,33,13,172,195,40,37,15,35,88,1,189,194,31,171,116,57,0,113,196,89,5,141,119,74,183,63,51,72,147,65,102,115,14,45,55,155,184,161,80,114,177,169,191,11,104,180,163,170,95,137,90,125,149,32,68,97,100,7,175,179,27,150,136,144,70,168,17,103,105,142,190,188,186,145,42,47,132,166,123,44];False
2477;8321;10798;[127,67,193,48,10,176,91,129,8,84,122,73,174,135,21,99,16,77,112,71,56,18,62,120,24,197,26,9,143,20,3,2,121,160,92,49,130,22,38,34,124,94,75,12,165,153,187,4,39,107,87,76,50,53,93,23,30,134,58,86,69,64,101,151,54,158,199,6,117,98,25,110,81,52,182,28,162,78,60,79,185,148,167,61,41,36,46,131,59,133,96,157,138,178,152,173,66,126,198,159,140,118,109,29,154,156,106,19,108,146,43,128,85,164,111,83,181,82,192,139,33,13,172,195,40,37,15,35,88,1,189,194,31,171,116,57,0,113,196,89,5,141,119,74,183,63,51,72,147,65,102,115,14,45,55,155,184,161,80,114,177,169,191,11,104,180,163,170,95,137,90,125,149,32,68,97,100,7,175,179,27,150,136,144,70,168,17,103,105,142,190,188,186,145,42,47,132,166,123,44];False
2438;8334;10772;[39,67,193,48,10,176,91,129,8,84,122,73,174,135,21,99,16,77,112,71,56,18,62,120,24,197,26,9,143,20,3,2,121,160,92,49,130,22,38,34,124,94,75,12,165,153,187,127,4,107,87,76,50,53,93,23,30,134,58,86,69,64,101,151,54,158,199,6,117,98,25,110,81,52,182,28,162,78,60,79,185,148,167,61,41,36,46,131,59,133,96,157,138,178,152,173,66,126,198,159,140,118,109,29,154,156,106,19,108,146,43,128,85,164,111,83,181,82,192,139,33,13,172,195,40,37,15,35,88,1,189,194,31,171,116,57,0,113,196,89,5,141,119,74,183,63,51,72,147,65,102,115,14,45,55,155,184,161,80,114,177,169,191,11,104,180,163,170,95,137,90,125,149,32,68,97,100,7,175,179,27,150,136,144,70,168,17,103,105,142,190,188,186,145,42,47,132,166,123,44];False
2388;8323;10711;[107,67,193,48,10,176,91,129,8,84,122,73,174,135,21,99,16,77,112,71,56,18,62,120,24,197,26,9,143,20,3,2,121,160,92,49,130,22,38,34,124,94,75,12,165,153,187,127,39,4,87,76,50,53,93,23,30,134,58,86,69,64,101,151,54,158,199,6,117,98,25,110,81,52,182,28,162,78,60,79,185,148,167,61,41,36,46,131,59,133,96,157,138,178,152,173,66,126,198,159,140,118,109,29,154,156,106,19,108,146,43,128,85,164,111,83,181,82,192,139,33,13,172,195,40,37,15,35,88,1,189,194,31,171,116,57,0,113,196,89,5,141,119,74,183,63,51,72,147,65,102,115,14,45,55,155,184,161,80,114,177,169,191,11,104,180,163,170,95,137,90,125,149,32,68,97,100,7,175,179,27,150,136,144,70,168,17,103,105,142,190,188,186,145,42,47,132,166,123,44];False
2320;8295;10615;[87,67,193,48,10,176,91,129,8,84,122,73,174,135,21,99,16,77,112,71,56,18,62,120,24,197,26,9,143,20,3,2,121,160,92,49,130,22,38,34,124,94,75,12,165,153,187,127,39,107,4,76,50,53,93,23,30,134,58,86,69,64,101,151,54,158,199,6,117,98,25,110,81,52,182,28,162,78,60,79,185,148,167,61,41,36,46,131,59,133,96,157,138,178,152,173,66,126,198,159,140,118,109,29,154,156,106,19,108,146,43,128,85,164,111,83,181,82,192,139,33,13,172,195,40,37,15,35,88,1,189,194,31,171,116,57,0,113,196,89,5,141,119,74,183,63,51,72,147,65,102,115,14,45,55,155,184,161,80,114,177,169,191,11,104,180,163,170,95,137,90,125,149,32,68,97,100,7,175,179,27,150,136,144,70,168,17,103,105,142,190,188,186,145,42,47,132,166,123,44];False
2343;8274;10617;[76,67,193,48,10,176,91,129,8,84,122,73,174,135,21,99,16,77,112,71,56,18,62,120,24,197,26,9,143,20,3,2,121,160,92,49,130,22,38,34,124,94,75,12,165,153,187,127,39,107,87,4,50,53,93,23,30,134,58,86,69,64,101,151,54,158,199,6,117,98,25,110,81,52,182,28,162,78,60,79,185,148,167,61,41,36,46,131,59,133,96,157,138,178,152,173,66,126,198,159,140,118,109,29,154,156,106,19,108,146,43,128,85,164,111,83,181,82,192,139,33,13,172,195,40,37,15,35,88,1,189,194,31,171,116,57,0,113,196,89,5,141,119,74,183,63,51,72,147,65,102,115,14,45,55,155,184,161,80,114,177,169,191,11,104,180,163,170,95,137,90,125,149,32,68,97,100,7,175,179,27,150,136,144,70,168,17,103,105,142,190,188,186,145,42,47,132,166,123,44];False
2347;8254;10601;[50,67,193,48,10,176,91,129,8,84,122,73,174,135,21,99,16,77,112,71,56,18,62,120,24,197,26,9,143,20,3,2,121,160,92,49,130,22,38,34,124,94,75,12,165,153,187,127,39,107,87,76,4,53,93,23,30,134,58,86,69,64,101,151,54,158,199,6,117,98,25,110,81,52,182,28,162,78,60,79,185,148,167,61,41,36,46,131,59,133,96,157,138,178,152,173,66,126,198,159,140,118,109,29,154,156,106,19,108,146,43,128,85,164,111,83,181,82,192,139,33,13,172,195,40,37,15,35,88,1,189,194,31,171,116,57,0,113,196,89,5,141,119,74,183,63,51,72,147,65,102,115,14,45,55,155,184,161,80,114,177,169,191,11,104,180,163,170,95,137,90,125,149,32,68,97,100,7,175,179,27,150,136,144,70,168,17,103,105,142,190,188,186,145,42,47,132,166,123,44];False
2275;8242;10517;[53,67,193,48,10,176,91,129,8,84,122,73,174,135,21,99,16,77,112,71,56,18,62,120,24,197,26,9,143,20,3,2,121,160,92,49,130,22,38,34,124,94,75,12,165,153,187,127,39,107,87,76,50,4,93,23,30,134,58,86,69,64,101,151,54,158,199,6,117,98,25,110,81,52,182,28,162,78,60,79,185,148,167,61,41,36,46,131,59,133,96,157,138,178,152,173,66,126,198,159,140,118,109,29,154,156,106,19,108,146,43,128,85,164,111,83,181,82,192,139,33,13,172,195,40,37,15,35,88,1,189,194,31,171,116,57,0,113,196,89,5,141,119,74,183,63,51,72,147,65,102,115,14,45,55,155,184,161,80,114,177,169,191,11,104,180,163,170,95,137,90,125,149,32,68,97,100,7,175,179,27,150,136,144,70,168,17,103,105,142,190,188,186,145,42,47,132,166,123,44];False
2322;8277;10599;[93,67,193,48,10,176,91,129,8,84,122,73,174,135,21,99,16,77,112,71,56,18,62,120,24,197,26,9,143,20,3,2,121,160,92,49,130,22,38,34,124,94,75,12,165,153,187,127,39,107,87,76,50,53,4,23,30,134,58,86,69,64,101,151,54,158,199,6,117,98,25,110,81,52,182,28,162,78,60,79,185,148,167,61,41,36,46,131,59,133,96,157,138,178,152,173,66,126,198,159,140,118,109,29,154,156,106,19,108,146,43,128,85,164,111,83,181,82,192,139,33,13,172,195,40,37,15,35,88,1,189,194,31,171,116,57,0,113,196,89,5,141,119,74,183,63,51,72,147,65,102,115,14,45,55,155,184,161,80,114,177,169,191,11,104,180,163,170,95,137,90,125,149,32,68,97,100,7,175,179,27,150,136,144,70,168,17,103,105,142,190,188,186,145,42,47,132,166,123,44];False
2334;8290;10624;[23,67,193,48,10,176,91,129,8,84,122,73,174,135,21,99,16,77,112,71,56,18,62,120,24,197,26,9,143,20,3,2,121,160,92,49,130,22,38,34,124,94,75,12,165,153,187,127,39,107,87,76,50,53,93,4,30,134,58,86,69,64,101,151,54,158,199,6,117,98,25,110,81,52,182,28,162,78,60,79,185,148,167,61,41,36,46,131,59,133,96,157,138,178,152,173,66,126,198,159,140,118,109,29,154,156,106,19,108,146,43,128,85,164,111,83,181,82,192,139,33,13,172,195,40,37,15,35,88,1,189,194,31,171,116,57,0,113,196,89,5,141,119,74,183,63,51,72,147,65,102,115,14,45,55,155,184,161,80,114,177,169,191,11,104,180,163,170,95,137,90,125,149,32,68,97,100,7,175,179,27,150,136,144,70,168,17,103,105,142,190,188,186,145,42,47,132,166,123,44];False
2348;8344;10692;[30,67,193,48,10,176,91,129,8,84,122,73,174,135,21,99,16,77,112,71,56,18,62,120,24,197,26,9,143,20,3,2,121,160,92,49,130,22,38,34,124,94,75,12,165,153,187,127,39,107,87,76,50,53,93,23,4,134,58,86,69,64,101,151,54,158,199,6,117,98,25,110,81,52,182,28,162,78,60,79,185,148,167,61,41,36,46,131,59,133,96,157,138,178,152,173,66,126,198,159,140,118,109,29,154,156,106,19,108,146,43,128,85,164,111,83,181,82,192,139,33,13,172,195,40,37,15,35,88,1,189,194,31,171,116,57,0,113,196,89,5,141,119,74,183,63,51,72,147,65,102,115,14,45,55,155,184,161,80,114,177,169,191,11,104,180,163,170,95,137,90,125,149,32,68,97,100,7,175,179,27,150,136,144,70,168,17,103,105,142,190,188,186,145,42,47,132,166,123,44];False
2432;8338;10770;[134,67,193,48,10,176,91,129,8,84,122,73,174,135,21,99,16,77,112,71,56,18,62,120,24,197,26,9,143,20,3,2,121,160,92,49,130,22,38,34,124,94,75,12,165,153,187,127,39,107,87,76,50,53,93,23,30,4,58,86,69,64,101,151,54,158,199,6,117,98,25,110,81,52,182,28,162,78,60,79,185,148,167,61,41,36,46,131,59,133,96,157,138,178,152,173,66,126,198,159,140,118,109,29,154,156,106,19,108,146,43,128,85,164,111,83,181,82,192,139,33,13,172,195,40,37,15,35,88,1,189,194,31,171,116,57,0,113,196,89,5,141,119,74,183,63,51,72,147,65,102,115,14,45,55,155,184,161,80,114,177,169,191,11,104,180,163,170,95,137,90,125,149,32,68,97,100,7,175,179,27,150,136,144,70,168,17,103,105,142,190,188,186,145,42,47,132,166,123,44];False
2357;8313;10670;[58,67,193,48,10,176,91,129,8,84,122,73,174,135,21,99,16,77,112,71,56,18,62,120,24,197,26,9,143,20,3,2,121,160,92,49,130,22,38,34,124,94,75,12,165,153,187,127,39,107,87,76,50,53,93,23,30,134,4,86,69,64,101,151,54,158,199,6,117,98,25,110,81,52,182,28,162,78,60,79,185,148,167,61,41,36,46,131,59,133,96,157,138,178,152,173,66,126,198,159,140,118,109,29,154,156,106,19,108,146,43,128,85,164,111,83,181,82,192,139,33,13,172,195,40,37,15,35,88,1,189,194,31,171,116,57,0,113,196,89,5,141,119,74,183,63,51,72,147,65,102,115,14,45,55,155,184,161,80,114,177,169,191,11,104,180,163,170,95,137,90,125,149,32,68,97,100,7,175,179,27,150,136,144,70,168,17,103,105,142,190,188,186,145,42,47,132,166,123,44];False
2316;8306;10622;[86,67,193,48,10,176,91,129,8,84,122,73,174,135,21,99,16,77,112,71,56,18,62,120,24,197,26,9,143,20,3,2,121,160,92,49,130,22,38,34,124,94,75,12,165,153,187,127,39,107,87,76,50,53,93,23,30,134,58,4,69,64,101,151,54,158,199,6,117,98,25,110,81,52,182,28,162,78,60,79,185,148,167,61,41,36,46,131,59,133,96,157,138,178,152,173,66,126,198,159,140,118,109,29,154,156,106,19,108,146,43,128,85,164,111,83,181,82,192,139,33,13,172,195,40,37,15,35,88,1,189,194,31,171,116,57,0,113,196,89,5,141,119,74,183,63,51,72,147,65,102,115,14,45,55,155,184,161,80,114,177,169,191,11,104,180,163,170,95,137,90,125,149,32,68,97,100,7,175,179,27,150,136,144,70,168,17,103,105,142,190,188,186,145,42,47,132,166,123,44];False
2294;8288;10582;[69,67,193,48,10,176,91,129,8,84,122,73,174,135,21,99,16,77,112,71,56,18,62,120,24,197,26,9,143,20,3,2,121,160,92,49,130,22,38,34,124,94,75,12,165,153,187,127,39,107,87,76,50,53,93,23,30,134,58,86,4,64,101,151,54,158,199,6,117,98,25,110,81,52,182,28,162,78,60,79,185,148,167,61,41,36,46,131,59,133,96,157,138,178,152,173,66,126,198,159,140,118,109,29,154,156,106,19,108,146,43,128,85,164,111,83,181,82,192,139,33,13,172,195,40,37,15,35,88,1,189,194,31,171,116,57,0,113,196,89,5,141,119,74,183,63,51,72,147,65,102,115,14,45,55,155,184,161,80,114,177,169,191,11,104,180,163,170,95,137,90,125,149,32,68,97,100,7,175,179,27,150,136,144,70,168,17,103,105,142,190,188,186,145,42,47,132,166,123,44];False
2333;8305;10638;[64,67,193,48,10,176,91,129,8,84,122,73,174,135,21,99,16,77,112,71,56,18,62,120,24,197,26,9,143,20,3,2,121,160,92,49,130,22,38,34,124,94,75,12,165,153,187,127,39,107,87,76,50,53,93,23,30,134,58,86,69,4,101,151,54,158,199,6,117,98,25,110,81,52,182,28,162,78,60,79,185,148,167,61,41,36,46,131,59,133,96,157,138,178,152,173,66,126,198,159,140,118,109,29,154,156,106,19,108,146,43,128,85,164,111,83,181,82,192,139,33,13,172,195,40,37,15,35,88,1,189,194,31,171,116,57,0,113,196,89,5,141,119,74,183,63,51,72,147,65,102,115,14,45,55,155,184,161,80,114,177,169,191,11,104,180,163,170,95,137,90,125,149,32,68,97,100,7,175,179,27,150,136,144,70,168,17,103,105,142,190,188,186,145,42,47,132,166,123,44];False
2404;8324;10728;[101,67,193,48,10,176,91,129,8,84,122,73,174,135,21,99,16,77,112,71,56,18,62,120,24,197,26,9,143,20,3,2,121,160,92,49,130,22,38,34,124,94,75,12,165,153,187,127,39,107,87,76,50,53,93,23,30,134,58,86,69,64,4,151,54,158,199,6,117,98,25,110,81,52,182,28,162,78,60,79,185,148,167,61,41,36,46,131,59,133,96,157,138,178,152,173,66,126,198,159,140,118,109,29,154,156,106,19,108,146,43,128,85,164,111,83,181,82,192,139,33,13,172,195,40,37,15,35,88,1,189,194,31,171,116,57,0,113,196,89,5,141,119,74,183,63,51,72,147,65,102,115,14,45,55,155,184,161,80,114,177,169,191,11,104,180,163,170,95,137,90,125,149,32,68,97,100,7,175,179,27,150,136,144,70,168,17,103,105,142,190,188,186,145,42,47,132,166,123,44];False
2249;8335;10584;[151,67,193,48,10,176,91,129,8,84,122,73,174,135,21,99,16,77,112,71,56,18,62,120,24,197,26,9,143,20,3,2,121,160,92,49,130,22,38,34,124,94,75,12,165,153,187,127,39,107,87,76,50,53,93,23,30,134,58,86,69,64,101,4,54,158,199,6,117,98,25,110,81,52,182,28,162,78,60,79,185,148,167,61,41,36,46,131,59,133,96,157,138,178,152,173,66,126,198,159,140,118,109,29,154,156,106,19,108,146,43,128,85,164,111,83,181,82,192,139,33,13,172,195,40,37,15,35,88,1,189,194,31,171,116,57,0,113,196,89,5,141,119,74,183,63,51,72,147,65,102,115,14,45,55,155,184,161,80,114,177,169,191,11,104,180,163,170,95,137,90,125,149,32,68,97,100,7,175,179,27,150,136,144,70,168,17,103,105,142,190,188,186,145,42,47,132,166,123,44];False
2423;8348;10771;[54,67,193,48,10,176,91,129,8,84,122,73,174,135,21,99,16,77,112,71,56,18,62,120,24,197,26,9,143,20,3,2,121,160,92,49,130,22,38,34,124,94,75,12,165,153,187,127,39,107,87,76,50,53,93,23,30,134,58,86,69,64,101,151,4,158,199,6,117,98,25,110,81,52,182,28,162,78,60,79,185,148,167,61,41,36,46,131,59,133,96,157,138,178,152,173,66,126,198,159,140,118,109,29,154,156,106,19,108,146,43,128,85,164,111,83,181,82,192,139,33,13,172,195,40,37,15,35,88,1,189,194,31,171,116,57,0,113,196,89,5,141,119,74,183,63,51,72,147,65,102,115,14,45,55,155,184,161,80,114,177,169,191,11,104,180,163,170,95,137,90,125,149,32,68,97,100,7,175,179,27,150,136,144,70,168,17,103,105,142,190,188,186,145,42,47,132,166,123,44];False
2398;8357;10755;[158,67,193,48,10,176,91,129,8,84,122,73,174,135,21,99,16,77,112,71,56,18,62,120,24,197,26,9,143,20,3,2,121,160,92,49,130,22,38,34,124,94,75,12,165,153,187,127,39,107,87,76,50,53,93,23,30,134,58,86,69,64,101,151,54,4,199,6,117,98,25,110,81,52,182,28,162,78,60,79,185,148,167,61,41,36,46,131,59,133,96,157,138,178,152,173,66,126,198,159,140,118,109,29,154,156,106,19,108,146,43,128,85,164,111,83,181,82,192,139,33,13,172,195,40,37,15,35,88,1,189,194,31,171,116,57,0,113,196,89,5,141,119,74,183,63,51,72,147,65,102,115,14,45,55,155,184,161,80,114,177,169,191,11,104,180,163,170,95,137,90,125,149,32,68,97,100,7,175,179,27,150,136,144,70,168,17,103,105,142,190,188,186,145,42,47,132,166,123,44];False
2308;8310;10618;[199,67,193,48,10,176,91,129,8,84,122,73,174,135,21,99,16,77,112,71,56,18,62,120,24,197,26,9,143,20,3,2,121,160,92,49,130,22,38,34,124,94,75,12,165,153,187,127,39,107,87,76,50,53,93,23,30,134,58,86,69,64,101,151,54,158,4,6,117,98,25,110,81,52,182,28,162,78,60,79,185,148,167,61,41,36,46,131,59,133,96,157,138,178,152,173,66,126,198,159,140,118,109,29,154,156,106,19,108,146,43,128,85,164,111,83,181,82,192,139,33,13,172,195,40,37,15,35,88,1,189,194,31,171,116,57,0,113,196,89,5,141,119,74,183,63,51,72,147,65,102,115,14,45,55,155,184,161,80,114,177,169,191,11,104,180,163,170,95,137,90,125,149,32,68,97,100,7,175,179,27,150,136,144,70,168,17,103,105,142,190,188,186,145,42,47,132,166,123,44];False
2347;8278;10625;[6,67,193,48,10,176,91,129,8,84,122,73,174,135,21,99,16,77,112,71,56,18,62,120,24,197,26,9,143,20,3,2,121,160,92,49,130,22,38,34,124,94,75,12,165,153,187,127,39,107,87,76,50,53,93,23,30,134,58,86,69,64,101,151,54,158,199,4,117,98,25,110,81,52,182,28,162,78,60,79,185,148,167,61,41,36,46,131,59,133,96,157,138,178,152,173,66,126,198,159,140,118,109,29,154,156,106,19,108,146,43,128,85,164,111,83,181,82,192,139,33,13,172,195,40,37,15,35,88,1,189,194,31,171,116,57,0,113,196,89,5,141,119,74,183,63,51,72,147,65,102,115,14,45,55,155,184,161,80,114,177,169,191,11,104,180,163,170,95,137,90,125,149,32,68,97,100,7,175,179,27,150,136,144,70,168,17,103,105,142,190,188,186,145,42,47,132,166,123,44];False
2341;8320;10661;[117,67,193,48,10,176,91,129,8,84,122,73,174,135,21,99,16,77,112,71,56,18,62,120,24,197,26,9,143,20,3,2,121,160,92,49,130,22,38,34,124,94,75,12,165,153,187,127,39,107,87,76,50,53,93,23,30,134,58,86,69,64,101,151,54,158,199,6,4,98,25,110,81,52,182,28,162,78,60,79,185,148,167,61,41,36,46,131,59,133,96,157,138,178,152,173,66,126,198,159,140,118,109,29,154,156,106,19,108,146,43,128,85,164,111,83,181,82,192,139,33,13,172,195,40,37,15,35,88,1,189,194,31,171,116,57,0,113,196,89,5,141,119,74,183,63,51,72,147,65,102,115,14,45,55,155,184,161,80,114,177,169,191,11,104,180,163,170,95,137,90,125,149,32,68,97,100,7,175,179,27,150,136,144,70,168,17,103,105,142,190,188,186,145,42,47,132,166,123,44];False
2387;8337;10724;[98,67,193,48,10,176,91,129,8,84,122,73,174,135,21,99,16,77,112,71,56,18,62,120,24,197,26,9,143,20,3,2,121,160,92,49,130,22,38,34,124,94,75,12,165,153,187,127,39,107,87,76,50,53,93,23,30,134,58,86,69,64,101,151,54,158,199,6,117,4,25,110,81,52,182,28,162,78,60,79,185,148,167,61,41,36,46,131,59,133,96,157,138,178,152,173,66,126,198,159,140,118,109,29,154,156,106,19,108,146,43,128,85,164,111,83,181,82,192,139,33,13,172,195,40,37,15,35,88,1,189,194,31,171,116,57,0,113,196,89,5,141,119,74,183,63,51,72,147,65,102,115,14,45,55,155,184,161,80,114,177,169,191,11,104,180,163,170,95,137,90,125,149,32,68,97,100,7,175,179,27,150,136,144,70,168,17,103,105,142,190,188,186,145,42,47,132,166,123,44];False
2357;8321;10678;[25,67,193,48,10,176,91,129,8,84,122,73,174,135,21,99,16,77,112,71,56,18,62,120,24,197,26,9,143,20,3,2,121,160,92,49,130,22,38,34,124,94,75,12,165,153,187,127,39,107,87,76,50,53,93,23,30,134,58,86,69,64,101,151,54,158,199,6,117,98,4,110,81,52,182,28,162,78,60,79,185,148,167,61,41,36,46,131,59,133,96,157,138,178,152,173,66,126,198,159,140,118,109,29,154,156,106,19,108,146,43,128,85,164,111,83,181,82,192,139,33,13,172,195,40,37,15,35,88,1,189,194,31,171,116,57,0,113,196,89,5,141,119,74,183,63,51,72,147,65,102,115,14,45,55,155,184,161,80,114,177,169,191,11,104,180,163,170,95,137,90,125,149,32,68,97,100,7,175,179,27,150,136,144,70,168,17,103,105,142,190,188,186,145,42,47,132,166,123,44];False
2333;8339;10672;[110,67,193,48,10,176,91,129,8,84,122,73,174,135,21,99,16,77,112,71,56,18,62,120,24,197,26,9,143,20,3,2,121,160,92,49,130,22,38,34,124,94,75,12,165,153,187,127,39,107,87,76,50,53,93,23,30,134,58,86,69,64,101,151,54,158,199,6,117,98,25,4,81,52,182,28,162,78,60,79,185,148,167,61,41,36,46,131,59,133,96,157,138,178,152,173,66,126,198,159,140,118,109,29,154,156,106,19,108,146,43,128,85,164,111,83,181,82,192,139,33,13,172,195,40,37,15,35,88,1,189,194,31,171,116,57,0,113,196,89,5,141,119,74,183,63,51,72,147,65,102,115,14,45,55,155,184,161,80,114,177,169,191,11,104,180,163,170,95,137,90,125,149,32,68,97,100,7,175,179,27,150,136,144,70,168,17,103,105,142,190,188,186,145,42,47,132,166,123,44];False
2374;8329;10703;[81,67,193,48,10,176,91,129,8,84,122,73,174,135,21,99,16,77,112,71,56,18,62,120,24,197,26,9,143,20,3,2,121,160,92,49,130,22,38,34,124,94,75,12,165,153,187,127,39,107,87,76,50,53,93,23,30,134,58,86,69,64,101,151,54,158,199,6,117,98,25,110,4,52,182,28,162,78,60,79,185,148,167,61,41,36,46,131,59,133,96,157,138,178,152,173,66,126,198,159,140,118,109,29,154,156,106,19,108,146,43,128,85,164,111,83,181,82,192,139,33,13,172,195,40,37,15,35,88,1,189,194,31,171,116,57,0,113,196,89,5,141,119,74,183,63,51,72,147,65,102,115,14,45,55,155,184,161,80,114,177,169,191,11,104,180,163,170,95,137,90,125,149,32,68,97,100,7,175,179,27,150,136,144,70,168,17,103,105,142,190,188,186,145,42,47,132,166,123,44];False
2406;8312;10718;[52,67,193,48,10,176,91,129,8,84,122,73,174,135,21,99,16,77,112,71,56,18,62,120,24,197,26,9,143,20,3,2,121,160,92,49,130,22,38,34,124,94,75,12,165,153,187,127,39,107,87,76,50,53,93,23,30,134,58,86,69,64,101,151,54,158,199,6,117,98,25,110,81,4,182,28,162,78,60,79,185,148,167,61,41,36,46,131,59,133,96,157,138,178,152,173,66,126,198,159,140,118,109,29,154,156,106,19,108,146,43,128,85,164,111,83,181,82,192,139,33,13,172,195,40,37,15,35,88,1,189,194,31,171,116,57,0,113,196,89,5,141,119,74,183,63,51,72,147,65,102,115,14,45,55,155,184,161,80,114,177,169,191,11,104,180,163,170,95,137,90,125,149,32,68,97,100,7,175,179,27,150,136,144,70,168,17,103,105,142,190,188,186,145,42,47,132,166,123,44];False
2303;8300;10603;[182,67,193,48,10,176,91,129,8,84,122,73,174,135,21,99,16,77,112,71,56,18,62,120,24,197,26,9,143,20,3,2,121,160,92,49,130,22,38,34,124,94,75,12,165,153,187,127,39,107,87,76,50,53,93,23,30,134,58,86,69,64,101,151,54,158,199,6,117,98,25,110,81,52,4,28,162,78,60,79,185,148,167,61,41,36,46,131,59,133,96,157,138,178,152,173,66,126,198,159,140,118,109,29,154,156,106,19,108,146,43,128,85,164,111,83,181,82,192,139,33,13,172,195,40,37,15,35,88,1,189,194,31,171,116,57,0,113,196,89,5,141,119,74,183,63,51,72,147,65,102,115,14,45,55,155,184,161,80,114,177,169,191,11,104,180,163,170,95,137,90,125,149,32,68,97,100,7,175,179,27,150,136,144,70,168,17,103,105,142,190,188,186,145,42,47,132,166,123,44];False
2356;8291;10647;[28,67,193,48,10,176,91,129,8,84,122,73,174,135,21,99,16,77,112,71,56,18,62,120,24,197,26,9,143,20,3,2,121,160,92,49,130,22,38,34,124,94,75,12,165,153,187,127,39,107,87,76,50,53,93,23,30,134,58,86,69,64,101,151,54,158,199,6,117,98,25,110,81,52,182,4,162,78,60,79,185,148,167,61,41,36,46,131,59,133,96,157,138,178,152,173,66,126,198,159,140,118,109,29,154,156,106,19,108,146,43,128,85,164,111,83,181,82,192,139,33,13,172,195,40,37,15,35,88,1,189,194,31,171,116,57,0,113,196,89,5,141,119,74,183,63,51,72,147,65,102,115,14,45,55,155,184,161,80,114,177,169,191,11,104,180,163,170,95,137,90,125,149,32,68,97,100,7,175,179,27,150,136,144,70,168,17,103,105,142,190,188,186,145,42,47,132,166,123,44];False
2302;8291;10593;[162,67,193,48,10,176,91,129,8,84,122,73,174,135,21,99,16,77,112,71,56,18,62,120,24,197,26,9,143,20,3,2,121,160,92,49,130,22,38,34,124,94,75,12,165,153,187,127,39,107,87,76,50,53,93,23,30,134,58,86,69,64,101,151,54,158,199,6,117,98,25,110,81,52,182,28,4,78,60,79,185,148,167,61,41,36,46,131,59,133,96,157,138,178,152,173,66,126,198,159,140,118,109,29,154,156,106,19,108,146,43,128,85,164,111,83,181,82,192,139,33,13,172,195,40,37,15,35,88,1,189,194,31,171,116,57,0,113,196,89,5,141,119,74,183,63,51,72,147,65,102,115,14,45,55,155,184,161,80,114,177,169,191,11,104,180,163,170,95,137,90,125,149,32,68,97,100,7,175,179,27,150,136,144,70,168,17,103,105,142,190,188,186,145,42,47,132,166,123,44];False
2313;8265;10578;[78,67,193,48,10,176,91,129,8,84,122,73,174,135,21,99,16,77,112,71,56,18,62,120,24,197,26,9,143,20,3,2,121,160,92,49,130,22,38,34,124,94,75,12,165,153,187,127,39,107,87,76,50,53,93,23,30,134,58,86,69,64,101,151,54,158,199,6,117,98,25,110,81,52,182,28,162,4,60,79,185,148,167,61,41,36,46,131,59,133,96,157,138,178,152,173,66,126,198,159,140,118,109,29,154,156,106,19,108,146,43,128,85,164,111,83,181,82,192,139,33,13,172,195,40,37,15,35,88,1,189,194,31,171,116,57,0,113,196,89,5,141,119,74,183,63,51,72,147,65,102,115,14,45,55,155,184,161,80,114,177,169,191,11,104,180,163,170,95,137,90,125,149,32,68,97,100,7,175,179,27,150,136,144,70,168,17,103,105,142,190,188,186,145,42,47,132,166,123,44];False
2369;8345;10714;[60,67,193,48,10,176,91,129,8,84,122,73,174,135,21,99,16,77,112,71,56,18,62,120,24,197,26,9,143,20,3,2,121,160,92,49,130,22,38,34,124,94,75,12,165,153,187,127,39,107,87,76,50,53,93,23,30,134,58,86,69,64,101,151,54,158,199,6,117,98,25,110,81,52,182,28,162,78,4,79,185,148,167,61,41,36,46,131,59,133,96,157,138,178,152,173,66,126,198,159,140,118,109,29,154,156,106,19,108,146,43,128,85,164,111,83,181,82,192,139,33,13,172,195,40,37,15,35,88,1,189,194,31,171,116,57,0,113,196,89,5,141,119,74,183,63,51,72,147,65,102,115,14,45,55,155,184,161,80,114,177,169,191,11,104,180,163,170,95,137,90,125,149,32,68,97,100,7,175,179,27,150,136,144,70,168,17,103,105,142,190,188,186,145,42,47,132,166,123,44];False
2406;8357;10763;[79,67,193,48,10,176,91,129,8,84,122,73,174,135,21,99,16,77,112,71,56,18,62,120,24,197,26,9,143,20,3,2,121,160,92,49,130,22,38,34,124,94,75,12,165,153,187,127,39,107,87,76,50,53,93,23,30,134,58,86,69,64,101,151,54,158,199,6,117,98,25,110,81,52,182,28,162,78,60,4,185,148,167,61,41,36,46,131,59,133,96,157,138,178,152,173,66,126,198,159,140,118,109,29,154,156,106,19,108,146,43,128,85,164,111,83,181,82,192,139,33,13,172,195,40,37,15,35,88,1,189,194,31,171,116,57,0,113,196,89,5,141,119,74,183,63,51,72,147,65,102,115,14,45,55,155,184,161,80,114,177,169,191,11,104,180,163,170,95,137,90,125,149,32,68,97,100,7,175,179,27,150,136,144,70,168,17,103,105,142,190,188,186,145,42,47,132,166,123,44];False
2310;8341;10651;[185,67,193,48,10,176,91,129,8,84,122,73,174,135,21,99,16,77,112,71,56,18,62,120,24,197,26,9,143,20,3,2,121,160,92,49,130,22,38,34,124,94,75,12,165,153,187,127,39,107,87,76,50,53,93,23,30,134,58,86,69,64,101,151,54,158,199,6,117,98,25,110,81,52,182,28,162,78,60,79,4,148,167,61,41,36,46,131,59,133,96,157,138,178,152,173,66,126,198,159,140,118,109,29,154,156,106,19,108,146,43,128,85,164,111,83,181,82,192,139,33,13,172,195,40,37,15,35,88,1,189,194,31,171,116,57,0,113,196,89,5,141,119,74,183,63,51,72,147,65,102,115,14,45,55,155,184,161,80,114,177,169,191,11,104,180,163,170,95,137,90,125,149,32,68,97,100,7,175,179,27,150,136,144,70,168,17,103,105,142,190,188,186,145,42,47,132,166,123,44];False
2332;8334;10666;[148,67,193,48,10,176,91,129,8,84,122,73,174,135,21,99,16,77,112,71,56,18,62,120,24,197,26,9,143,20,3,2,121,160,92,49,130,22,38,34,124,94,75,12,165,153,187,127,39,107,87,76,50,53,93,23,30,134,58,86,69,64,101,151,54,158,199,6,117,98,25,110,81,52,182,28,162,78,60,79,185,4,167,61,41,36,46,131,59,133,96,157,138,178,152,173,66,126,198,159,140,118,109,29,154,156,106,19,108,146,43,128,85,164,111,83,181,82,192,139,33,13,172,195,40,37,15,35,88,1,189,194,31,171,116,57,0,113,196,89,5,141,119,74,183,63,51,72,147,65,102,115,14,45,55,155,184,161,80,114,177,169,191,11,104,180,163,170,95,137,90,125,149,32,68,97,100,7,175,179,27,150,136,144,70,168,17,103,105,142,190,188,186,145,42,47,132,166,123,44];False
2348;8324;10672;[167,67,193,48,10,176,91,129,8,84,122,73,174,135,21,99,16,77,112,71,56,18,62,120,24,197,26,9,143,20,3,2,121,160,92,49,130,22,38,34,124,94,75,12,165,153,187,127,39,107,87,76,50,53,93,23,30,134,58,86,69,64,101,151,54,158,199,6,117,98,25,110,81,52,182,28,162,78,60,79,185,148,4,61,41,36,46,131,59,133,96,157,138,178,152,173,66,126,198,159,140,118,109,29,154,156,106,19,108,146,43,128,85,164,111,83,181,82,192,139,33,13,172,195,40,37,15,35,88,1,189,194,31,171,116,57,0,113,196,89,5,141,119,74,183,63,51,72,147,65,102,115,14,45,55,155,184,161,80,114,177,169,191,11,104,180,163,170,95,137,90,125,149,32,68,97,100,7,175,179,27,150,136,144,70,168,17,103,105,142,190,188,186,145,42,47,132,166,123,44];False
2374;8316;10690;[61,67,193,48,10,176,91,129,8,84,122,73,174,135,21,99,16,77,112,71,56,18,62,120,24,197,26,9,143,20,3,2,121,160,92,49,130,22,38,34,124,94,75,12,165,153,187,127,39,107,87,76,50,53,93,23,30,134,58,86,69,64,101,151,54,158,199,6,117,98,25,110,81,52,182,28,162,78,60,79,185,148,167,4,41,36,46,131,59,133,96,157,138,178,152,173,66,126,198,159,140,118,109,29,154,156,106,19,108,146,43,128,85,164,111,83,181,82,192,139,33,13,172,195,40,37,15,35,88,1,189,194,31,171,116,57,0,113,196,89,5,141,119,74,183,63,51,72,147,65,102,115,14,45,55,155,184,161,80,114,177,169,191,11,104,180,163,170,95,137,90,125,149,32,68,97,100,7,175,179,27,150,136,144,70,168,17,103,105,142,190,188,186,145,42,47,132,166,123,44];False
2395;8279;10674;[41,67,193,48,10,176,91,129,8,84,122,73,174,135,21,99,16,77,112,71,56,18,62,120,24,197,26,9,143,20,3,2,121,160,92,49,130,22,38,34,124,94,75,12,165,153,187,127,39,107,87,76,50,53,93,23,30,134,58,86,69,64,101,151,54,158,199,6,117,98,25,110,81,52,182,28,162,78,60,79,185,148,167,61,4,36,46,131,59,133,96,157,138,178,152,173,66,126,198,159,140,118,109,29,154,156,106,19,108,146,43,128,85,164,111,83,181,82,192,139,33,13,172,195,40,37,15,35,88,1,189,194,31,171,116,57,0,113,196,89,5,141,119,74,183,63,51,72,147,65,102,115,14,45,55,155,184,161,80,114,177,169,191,11,104,180,163,170,95,137,90,125,149,32,68,97,100,7,175,179,27,150,136,144,70,168,17,103,105,142,190,188,186,145,42,47,132,166,123,44];False
2357;8293;10650;[36,67,193,48,10,176,91,129,8,84,122,73,174,135,21,99,16,77,112,71,56,18,62,120,24,197,26,9,143,20,3,2,121,160,92,49,130,22,38,34,124,94,75,12,165,153,187,127,39,107,87,76,50,53,93,23,30,134,58,86,69,64,101,151,54,158,199,6,117,98,25,110,81,52,182,28,162,78,60,79,185,148,167,61,41,4,46,131,59,133,96,157,138,178,152,173,66,126,198,159,140,118,109,29,154,156,106,19,108,146,43,128,85,164,111,83,181,82,192,139,33,13,172,195,40,37,15,35,88,1,189,194,31,171,116,57,0,113,196,89,5,141,119,74,183,63,51,72,147,65,102,115,14,45,55,155,184,161,80,114,177,169,191,11,104,180,163,170,95,137,90,125,149,32,68,97,100,7,175,179,27,150,136,144,70,168,17,103,105,142,190,188,186,145,42,47,132,166,123,44];False
2397;8272;10669;[46,67,193,48,10,176,91,129,8,84,122,73,174,135,21,99,16,77,112,71,56,18,62,120,24,197,26,9,143,20,3,2,121,160,92,49,130,22,38,34,124,94,75,12,165,153,187,127,39,107,87,76,50,53,93,23,30,134,58,86,69,64,101,151,54,158,199,6,117,98,25,110,81,52,182,28,162,78,60,79,185,148,167,61,41,36,4,131,59,133,96,157,138,178,152,173,66,126,198,159,140,118,109,29,154,156,106,19,108,146,43,128,85,164,111,83,181,82,192,139,33,13,172,195,40,37,15,35,88,1,189,194,31,171,116,57,0,113,196,89,5,141,119,74,183,63,51,72,147,65,102,115,14,45,55,155,184,161,80,114,177,169,191,11,104,180,163,170,95,137,90,125,149,32,68,97,100,7,175,179,27,150,136,144,70,168,17,103,105,142,190,188,186,145,42,47,132,166,123,44];False
2357;8296;10653;[131,67,193,48,10,176,91,129,8,84,122,73,174,135,21,99,16,77,112,71,56,18,62,120,24,197,26,9,143,20,3,2,121,160,92,49,130,22,38,34,124,94,75,12,165,153,187,127,39,107,87,76,50,53,93,23,30,134,58,86,69,64,101,151,54,158,199,6,117,98,25,110,81,52,182,28,162,78,60,79,185,148,167,61,41,36,46,4,59,133,96,157,138,178,152,173,66,126,198,159,140,118,109,29,154,156,106,19,108,146,43,128,85,164,111,83,181,82,192,139,33,13,172,195,40,37,15,35,88,1,189,194,31,171,116,57,0,113,196,89,5,141,119,74,183,63,51,72,147,65,102,115,14,45,55,155,184,161,80,114,177,169,191,11,104,180,163,170,95,137,90,125,149,32,68,97,100,7,175,179,27,150,136,144,70,168,17,103,105,142,190,188,186,145,42,47,132,166,123,44];False
2333;8337;10670;[59,67,193,48,10,176,91,129,8,84,122,73,174,135,21,99,16,77,112,71,56,18,62,120,24,197,26,9,143,20,3,2,121,160,92,49,130,22,38,34,124,94,75,12,165,153,187,127,39,107,87,76,50,53,93,23,30,134,58,86,69,64,101,151,54,158,199,6,117,98,25,110,81,52,182,28,162,78,60,79,185,148,167,61,41,36,46,131,4,133,96,157,138,178,152,173,66,126,198,159,140,118,109,29,154,156,106,19,108,146,43,128,85,164,111,83,181,82,192,139,33,13,172,195,40,37,15,35,88,1,189,194,31,171,116,57,0,113,196,89,5,141,119,74,183,63,51,72,147,65,102,115,14,45,55,155,184,161,80,114,177,169,191,11,104,180,163,170,95,137,90,125,149,32,68,97,100,7,175,179,27,150,136,144,70,168,17,103,105,142,190,188,186,145,42,47,132,166,123,44];False
2277;8355;10632;[133,67,193,48,10,176,91,129,8,84,122,73,174,135,21,99,16,77,112,71,56,18,62,120,24,197,26,9,143,20,3,2,121,160,92,49,130,22,38,34,124,94,75,12,165,153,187,127,39,107,87,76,50,53,93,23,30,134,58,86,69,64,101,151,54,158,199,6,117,98,25,110,81,52,182,28,162,78,60,79,185,148,167,61,41,36,46,131,59,4,96,157,138,178,152,173,66,126,198,159,140,118,109,29,154,156,106,19,108,146,43,128,85,164,111,83,181,82,192,139,33,13,172,195,40,37,15,35,88,1,189,194,31,171,116,57,0,113,196,89,5,141,119,74,183,63,51,72,147,65,102,115,14,45,55,155,184,161,80,114,177,169,191,11,104,180,163,170,95,137,90,125,149,32,68,97,100,7,175,179,27,150,136,144,70,168,17,103,105,142,190,188,186,145,42,47,132,166,123,44];False
2344;8327;10671;[96,67,193,48,10,176,91,129,8,84,122,73,174,135,21,99,16,77,112,71,56,18,62,120,24,197,26,9,143,20,3,2,121,160,92,49,130,22,38,34,124,94,75,12,165,153,187,127,39,107,87,76,50,53,93,23,30,134,58,86,69,64,101,151,54,158,199,6,117,98,25,110,81,52,182,28,162,78,60,79,185,148,167,61,41,36,46,131,59,133,4,157,138,178,152,173,66,126,198,159,140,118,109,29,154,156,106,19,108,146,43,128,85,164,111,83,181,82,192,139,33,13,172,195,40,37,15,35,88,1,189,194,31,171,116,57,0,113,196,89,5,141,119,74,183,63,51,72,147,65,102,115,14,45,55,155,184,161,80,114,177,169,191,11,104,180,163,170,95,137,90,125,149,32,68,97,100,7,175,179,27,150,136,144,70,168,17,103,105,142,190,188,186,145,42,47,132,166,123,44];False
2409;8284;10693;[157,67,193,48,10,176,91,129,8,84,122,73,174,135,21,99,16,77,112,71,56,18,62,120,24,197,26,9,143,20,3,2,121,160,92,49,130,22,38,34,124,94,75,12,165,153,187,127,39,107,87,76,50,53,93,23,30,134,58,86,69,64,101,151,54,158,199,6,117,98,25,110,81,52,182,28,162,78,60,79,185,148,167,61,41,36,46,131,59,133,96,4,138,178,152,173,66,126,198,159,140,118,109,29,154,156,106,19,108,146,43,128,85,164,111,83,181,82,192,139,33,13,172,195,40,37,15,35,88,1,189,194,31,171,116,57,0,113,196,89,5,141,119,74,183,63,51,72,147,65,102,115,14,45,55,155,184,161,80,114,177,169,191,11,104,180,163,170,95,137,90,125,149,32,68,97,100,7,175,179,27,150,136,144,70,168,17,103,105,142,190,188,186,145,42,47,132,166,123,44];False
2355;8288;10643;[138,67,193,48,10,176,91,129,8,84,122,73,174,135,21,99,16,77,112,71,56,18,62,120,24,197,26,9,143,20,3,2,121,160,92,49,130,22,38,34,124,94,75,12,165,153,187,127,39,107,87,76,50,53,93,23,30,134,58,86,69,64,101,151,54,158,199,6,117,98,25,110,81,52,182,28,162,78,60,79,185,148,167,61,41,36,46,131,59,133,96,157,4,178,152,173,66,126,198,159,140,118,109,29,154,156,106,19,108,146,43,128,85,164,111,83,181,82,192,139,33,13,172,195,40,37,15,35,88,1,189,194,31,171,116,57,0,113,196,89,5,141,119,74,183,63,51,72,147,65,102,115,14,45,55,155,184,161,80,114,177,169,191,11,104,180,163,170,95,137,90,125,149,32,68,97,100,7,175,179,27,150,136,144,70,168,17,103,105,142,190,188,186,145,42,47,132,166,123,44];False
2464;8274;10738;[178,67,193,48,10,176,91,129,8,84,122,73,174,135,21,99,16,77,112,71,56,18,62,120,24,197,26,9,143,20,3,2,121,160,92,49,130,22,38,34,124,94,75,12,165,153,187,127,39,107,87,76,50,53,93,23,30,134,58,86,69,64,101,151,54,158,199,6,117,98,25,110,81,52,182,28,162,78,60,79,185,148,167,61,41,36,46,131,59,133,96,157,138,4,152,173,66,126,198,159,140,118,109,29,154,156,106,19,108,146,43,128,85,164,111,83,181,82,192,139,33,13,172,195,40,37,15,35,88,1,189,194,31,171,116,57,0,113,196,89,5,141,119,74,183,63,51,72,147,65,102,115,14,45,55,155,184,161,80,114,177,169,191,11,104,180,163,170,95,137,90,125,149,32,68,97,100,7,175,179,27,150,136,144,70,168,17,103,105,142,190,188,186,145,42,47,132,166,123,44];False
2342;8258;10600;[152,67,193,48,10,176,91,129,8,84,122,73,174,135,21,99,16,77,112,71,56,18,62,120,24,197,26,9,143,20,3,2,121,160,92,49,130,22,38,34,124,94,75,12,165,153,187,127,39,107,87,76,50,53,93,23,30,134,58,86,69,64,101,151,54,158,199,6,117,98,25,110,81,52,182,28,162,78,60,79,185,148,167,61,41,36,46,131,59,133,96,157,138,178,4,173,66,126,198,159,140,118,109,29,154,156,106,19,108,146,43,128,85,164,111,83,181,82,192,139,33,13,172,195,40,37,15,35,88,1,189,194,31,171,116,57,0,113,196,89,5,141,119,74,183,63,51,72,147,65,102,115,14,45,55,155,184,161,80,114,177,169,191,11,104,180,163,170,95,137,90,125,149,32,68,97,100,7,175,179,27,150,136,144,70,168,17,103,105,142,190,188,186,145,42,47,132,166,123,44];False
2380;8260;10640;[173,67,193,48,10,176,91,129,8,84,122,73,174,135,21,99,16,77,112,71,56,18,62,120,24,197,26,9,143,20,3,2,121,160,92,49,130,22,38,34,124,94,75,12,165,153,187,127,39,107,87,76,50,53,93,23,30,134,58,86,69,64,101,151,54,158,199,6,117,98,25,110,81,52,182,28,162,78,60,79,185,148,167,61,41,36,46,131,59,133,96,157,138,178,152,4,66,126,198,159,140,118,109,29,154,156,106,19,108,146,43,128,85,164,111,83,181,82,192,139,33,13,172,195,40,37,15,35,88,1,189,194,31,171,116,57,0,113,196,89,5,141,119,74,183,63,51,72,147,65,102,115,14,45,55,155,184,161,80,114,177,169,191,11,104,180,163,170,95,137,90,125,149,32,68,97,100,7,175,179,27,150,136,144,70,168,17,103,105,142,190,188,186,145,42,47,132,166,123,44];False
2324;8276;10600;[66,67,193,48,10,176,91,129,8,84,122,73,174,135,21,99,16,77,112,71,56,18,62,120,24,197,26,9,143,20,3,2,121,160,92,49,130,22,38,34,124,94,75,12,165,153,187,127,39,107,87,76,50,53,93,23,30,134,58,86,69,64,101,151,54,158,199,6,117,98,25,110,81,52,182,28,162,78,60,79,185,148,167,61,41,36,46,131,59,133,96,157,138,178,152,173,4,126,198,159,140,118,109,29,154,156,106,19,108,146,43,128,85,164,111,83,181,82,192,139,33,13,172,195,40,37,15,35,88,1,189,194,31,171,116,57,0,113,196,89,5,141,119,74,183,63,51,72,147,65,102,115,14,45,55,155,184,161,80,114,177,169,191,11,104,180,163,170,95,137,90,125,149,32,68,97,100,7,175,179,27,150,136,144,70,168,17,103,105,142,190,188,186,145,42,47,132,166,123,44];False
2433;8288;10721;[126,67,193,48,10,176,91,129,8,84,122,73,174,135,21,99,16,77,112,71,56,18,62,120,24,197,26,9,143,20,3,2,121,160,92,49,130,22,38,34,124,94,75,12,165,153,187,127,39,107,87,76,50,53,93,23,30,134,58,86,69,64,101,151,54,158,199,6,117,98,25,110,81,52,182,28,162,78,60,79,185,148,167,61,41,36,46,131,59,133,96,157,138,178,152,173,66,4,198,159,140,118,109,29,154,156,106,19,108,146,43,128,85,164,111,83,181,82,192,139,33,13,172,195,40,37,15,35,88,1,189,194,31,171,116,57,0,113,196,89,5,141,119,74,183,63,51,72,147,65,102,115,14,45,55,155,184,161,80,114,177,169,191,11,104,180,163,170,95,137,90,125,149,32,68,97,100,7,175,179,27,150,136,144,70,168,17,103,105,142,190,188,186,145,42,47,132,166,123,44];False
2375;8238;10613;[198,67,193,48,10,176,91,129,8,84,122,73,174,135,21,99,16,77,112,71,56,18,62,120,24,197,26,9,143,20,3,2,121,160,92,49,130,22,38,34,124,94,75,12,165,153,187,127,39,107,87,76,50,53,93,23,30,134,58,86,69,64,101,151,54,158,199,6,117,98,25,110,81,52,182,28,162,78,60,79,185,148,167,61,41,36,46,131,59,133,96,157,138,178,152,173,66,126,4,159,140,118,109,29,154,156,106,19,108,146,43,128,85,164,111,83,181,82,192,139,33,13,172,195,40,37,15,35,88,1,189,194,31,171,116,57,0,113,196,89,5,141,119,74,183,63,51,72,147,65,102,115,14,45,55,155,184,161,80,114,177,169,191,11,104,180,163,170,95,137,90,125,149,32,68,97,100,7,175,179,27,150,136,144,70,168,17,103,105,142,190,188,186,145,42,47,132,166,123,44];False
2391;8285;10676;[159,67,193,48,10,176,91,129,8,84,122,73,174,135,21,99,16,77,112,71,56,18,62,120,24,197,26,9,143,20,3,2,121,160,92,49,130,22,38,34,124,94,75,12,165,153,187,127,39,107,87,76,50,53,93,23,30,134,58,86,69,64,101,151,54,158,199,6,117,98,25,110,81,52,182,28,162,78,60,79,185,148,167,61,41,36,46,131,59,133,96,157,138,178,152,173,66,126,198,4,140,118,109,29,154,156,106,19,108,146,43,128,85,164,111,83,181,82,192,139,33,13,172,195,40,37,15,35,88,1,189,194,31,171,116,57,0,113,196,89,5,141,119,74,183,63,51,72,147,65,102,115,14,45,55,155,184,161,80,114,177,169,191,11,104,180,163,170,95,137,90,125,149,32,68,97,100,7,175,179,27,150,136,144,70,168,17,103,105,142,190,188,186,145,42,47,132,166,123,44];False
2365;8284;10649;[140,67,193,48,10,176,91,129,8,84,122,73,174,135,21,99,16,77,112,71,56,18,62,120,24,197,26,9,143,20,3,2,121,160,92,49,130,22,38,34,124,94,75,12,165,153,187,127,39,107,87,76,50,53,93,23,30,134,58,86,69,64,101,151,54,158,199,6,117,98,25,110,81,52,182,28,162,78,60,79,185,148,167,61,41,36,46,131,59,133,96,157,138,178,152,173,66,126,198,159,4,118,109,29,154,156,106,19,108,146,43,128,85,164,111,83,181,82,192,139,33,13,172,195,40,37,15,35,88,1,189,194,31,171,116,57,0,113,196,89,5,141,119,74,183,63,51,72,147,65,102,115,14,45,55,155,184,161,80,114,177,169,191,11,104,180,163,170,95,137,90,125,149,32,68,97,100,7,175,179,27,150,136,144,70,168,17,103,105,142,190,188,186,145,42,47,132,166,123,44];False
2350;8257;10607;[118,67,193,48,10,176,91,129,8,84,122,73,174,135,21,99,16,77,112,71,56,18,62,120,24,197,26,9,143,20,3,2,121,160,92,49,130,22,38,34,124,94,75,12,165,153,187,127,39,107,87,76,50,53,93,23,30,134,58,86,69,64,101,151,54,158,199,6,117,98,25,110,81,52,182,28,162,78,60,79,185,148,167,61,41,36,46,131,59,133,96,157,138,178,152,173,66,126,198,159,140,4,109,29,154,156,106,19,108,146,43,128,85,164,111,83,181,82,192,139,33,13,172,195,40,37,15,35,88,1,189,194,31,171,116,57,0,113,196,89,5,141,119,74,183,63,51,72,147,65,102,115,14,45,55,155,184,161,80,114,177,169,191,11,104,180,163,170,95,137,90,125,149,32,68,97,100,7,175,179,27,150,136,144,70,168,17,103,105,142,190,188,186,145,42,47,132,166,123,44];False
2308;8284;10592;[109,67,193,48,10,176,91,129,8,84,122,73,174,135,21,99,16,77,112,71,56,18,62,120,24,197,26,9,143,20,3,2,121,160,92,49,130,22,38,34,124,94,75,12,165,153,187,127,39,107,87,76,50,53,93,23,30,134,58,86,69,64,101,151,54,158,199,6,117,98,25,110,81,52,182,28,162,78,60,79,185,148,167,61,41,36,46,131,59,133,96,157,138,178,152,173,66,126,198,159,140,118,4,29,154,156,106,19,108,146,43,128,85,164,111,83,181,82,192,139,33,13,172,195,40,37,15,35,88,1,189,194,31,171,116,57,0,113,196,89,5,141,119,74,183,63,51,72,147,65,102,115,14,45,55,155,184,161,80,114,177,169,191,11,104,180,163,170,95,137,90,125,149,32,68,97,100,7,175,179,27,150,136,144,70,168,17,103,105,142,190,188,186,145,42,47,132,166,123,44];False
2374;8272;10646;[29,67,193,48,10,176,91,129,8,84,122,73,174,135,21,99,16,77,112,71,56,18,62,120,24,197,26,9,143,20,3,2,121,160,92,49,130,22,38,34,124,94,75,12,165,153,187,127,39,107,87,76,50,53,93,23,30,134,58,86,69,64,101,151,54,158,199,6,117,98,25,110,81,52,182,28,162,78,60,79,185,148,167,61,41,36,46,131,59,133,96,157,138,178,152,173,66,126,198,159,140,118,109,4,154,156,106,19,108,146,43,128,85,164,111,83,181,82,192,139,33,13,172,195,40,37,15,35,88,1,189,194,31,171,116,57,0,113,196,89,5,141,119,74,183,63,51,72,147,65,102,115,14,45,55,155,184,161,80,114,177,169,191,11,104,180,163,170,95,137,90,125,149,32,68,97,100,7,175,179,27,150,136,144,70,168,17,103,105,142,190,188,186,145,42,47,132,166,123,44];False
2428;8228;10656;[154,67,193,48,10,176,91,129,8,84,122,73,174,135,21,99,16,77,112,71,56,18,62,120,24,197,26,9,143,20,3,2,121,160,92,49,130,22,38,34,124,94,75,12,165,153,187,127,39,107,87,76,50,53,93,23,30,134,58,86,69,64,101,151,54,158,199,6,117,98,25,110,81,52,182,28,162,78,60,79,185,148,167,61,41,36,46,131,59,133,96,157,138,178,152,173,66,126,198,159,140,118,109,29,4,156,106,19,108,146,43,128,85,164,111,83,181,82,192,139,33,13,172,195,40,37,15,35,88,1,189,194,31,171,116,57,0,113,196,89,5,141,119,74,183,63,51,72,147,65,102,115,14,45,55,155,184,161,80,114,177,169,191,11,104,180,163,170,95,137,90,125,149,32,68,97,100,7,175,179,27,150,136,144,70,168,17,103,105,142,190,188,186,145,42,47,132,166,123,44];False
2286;8284;10570;[156,67,193,48,10,176,91,129,8,84,122,73,174,135,21,99,16,77,112,71,56,18,62,120,24,197,26,9,143,20,3,2,121,160,92,49,130,22,38,34,124,94,75,12,165,153,187,127,39,107,87,76,50,53,93,23,30,134,58,86,69,64,101,151,54,158,199,6,117,98,25,110,81,52,182,28,162,78,60,79,185,148,167,61,41,36,46,131,59,133,96,157,138,178,152,173,66,126,198,159,140,118,109,29,154,4,106,19,108,146,43,128,85,164,111,83,181,82,192,139,33,13,172,195,40,37,15,35,88,1,189,194,31,171,116,57,0,113,196,89,5,141,119,74,183,63,51,72,147,65,102,115,14,45,55,155,184,161,80,114,177,169,191,11,104,180,163,170,95,137,90,125,149,32,68,97,100,7,175,179,27,150,136,144,70,168,17,103,105,142,190,188,186,145,42,47,132,166,123,44];False
2398;8257;10655;[106,67,193,48,10,176,91,129,8,84,122,73,174,135,21,99,16,77,112,71,56,18,62,120,24,197,26,9,143,20,3,2,121,160,92,49,130,22,38,34,124,94,75,12,165,153,187,127,39,107,87,76,50,53,93,23,30,134,58,86,69,64,101,151,54,158,199,6,117,98,25,110,81,52,182,28,162,78,60,79,185,148,167,61,41,36,46,131,59,133,96,157,138,178,152,173,66,126,198,159,140,118,109,29,154,156,4,19,108,146,43,128,85,164,111,83,181,82,192,139,33,13,172,195,40,37,15,35,88,1,189,194,31,171,116,57,0,113,196,89,5,141,119,74,183,63,51,72,147,65,102,115,14,45,55,155,184,161,80,114,177,169,191,11,104,180,163,170,95,137,90,125,149,32,68,97,100,7,175,179,27,150,136,144,70,168,17,103,105,142,190,188,186,145,42,47,132,166,123,44];False
2370;8265;10635;[19,67,193,48,10,176,91,129,8,84,122,73,174,135,21,99,16,77,112,71,56,18,62,120,24,197,26,9,143,20,3,2,121,160,92,49,130,22,38,34,124,94,75,12,165,153,187,127,39,107,87,76,50,53,93,23,30,134,58,86,69,64,101,151,54,158,199,6,117,98,25,110,81,52,182,28,162,78,60,79,185,148,167,61,41,36,46,131,59,133,96,157,138,178,152,173,66,126,198,159,140,118,109,29,154,156,106,4,108,146,43,128,85,164,111,83,181,82,192,139,33,13,172,195,40,37,15,35,88,1,189,194,31,171,116,57,0,113,196,89,5,141,119,74,183,63,51,72,147,65,102,115,14,45,55,155,184,161,80,114,177,169,191,11,104,180,163,170,95,137,90,125,149,32,68,97,100,7,175,179,27,150,136,144,70,168,17,103,105,142,190,188,186,145,42,47,132,166,123,44];False
2313;8253;10566;[108,67,193,48,10,176,91,129,8,84,122,73,174,135,21,99,16,77,112,71,56,18,62,120,24,197,26,9,143,20,3,2,121,160,92,49,130,22,38,34,124,94,75,12,165,153,187,127,39,107,87,76,50,53,93,23,30,134,58,86,69,64,101,151,54,158,199,6,117,98,25,110,81,52,182,28,162,78,60,79,185,148,167,61,41,36,46,131,59,133,96,157,138,178,152,173,66,126,198,159,140,118,109,29,154,156,106,19,4,146,43,128,85,164,111,83,181,82,192,139,33,13,172,195,40,37,15,35,88,1,189,194,31,171,116,57,0,113,196,89,5,141,119,74,183,63,51,72,147,65,102,115,14,45,55,155,184,161,80,114,177,169,191,11,104,180,163,170,95,137,90,125,149,32,68,97,100,7,175,179,27,150,136,144,70,168,17,103,105,142,190,188,186,145,42,47,132,166,123,44];False
2383;8255;10638;[146,67,193,48,10,176,91,129,8,84,122,73,174,135,21,99,16,77,112,71,56,18,62,120,24,197,26,9,143,20,3,2,121,160,92,49,130,22,38,34,124,94,75,12,165,153,187,127,39,107,87,76,50,53,93,23,30,134,58,86,69,64,101,151,54,158,199,6,117,98,25,110,81,52,182,28,162,78,60,79,185,148,167,61,41,36,46,131,59,133,96,157,138,178,152,173,66,126,198,159,140,118,109,29,154,156,106,19,108,4,43,128,85,164,111,83,181,82,192,139,33,13,172,195,40,37,15,35,88,1,189,194,31,171,116,57,0,113,196,89,5,141,119,74,183,63,51,72,147,65,102,115,14,45,55,155,184,161,80,114,177,169,191,11,104,180,163,170,95,137,90,125,149,32,68,97,100,7,175,179,27,150,136,144,70,168,17,103,105,142,190,188,186,145,42,47,132,166,123,44];False
2326;8282;10608;[43,67,193,48,10,176,91,129,8,84,122,73,174,135,21,99,16,77,112,71,56,18,62,120,24,197,26,9,143,20,3,2,121,160,92,49,130,22,38,34,124,94,75,12,165,153,187,127,39,107,87,76,50,53,93,23,30,134,58,86,69,64,101,151,54,158,199,6,117,98,25,110,81,52,182,28,162,78,60,79,185,148,167,61,41,36,46,131,59,133,96,157,138,178,152,173,66,126,198,159,140,118,109,29,154,156,106,19,108,146,4,128,85,164,111,83,181,82,192,139,33,13,172,195,40,37,15,35,88,1,189,194,31,171,116,57,0,113,196,89,5,141,119,74,183,63,51,72,147,65,102,115,14,45,55,155,184,161,80,114,177,169,191,11,104,180,163,170,95,137,90,125,149,32,68,97,100,7,175,179,27,150,136,144,70,168,17,103,105,142,190,188,186,145,42,47,132,166,123,44];False
2276;8340;10616;[128,67,193,48,10,176,91,129,8,84,122,73,174,135,21,99,16,77,112,71,56,18,62,120,24,197,26,9,143,20,3,2,121,160,92,49,130,22,38,34,124,94,75,12,165,153,187,127,39,107,87,76,50,53,93,23,30,134,58,86,69,64,101,151,54,158,199,6,117,98,25,110,81,52,182,28,162,78,60,79,185,148,167,61,41,36,46,131,59,133,96,157,138,178,152,173,66,126,198,159,140,118,109,29,154,156,106,19,108,146,43,4,85,164,111,83,181,82,192,139,33,13,172,195,40,37,15,35,88,1,189,194,31,171,116,57,0,113,196,89,5,141,119,74,183,63,51,72,147,65,102,115,14,45,55,155,184,161,80,114,177,169,191,11,104,180,163,170,95,137,90,125,149,32,68,97,100,7,175,179,27,150,136,144,70,168,17,103,105,142,190,188,186,145,42,47,132,166,123,44];False
2389;8324;10713;[85,67,193,48,10,176,91,129,8,84,122,73,174,135,21,99,16,77,112,71,56,18,62,120,24,197,26,9,143,20,3,2,121,160,92,49,130,22,38,34,124,94,75,12,165,153,187,127,39,107,87,76,50,53,93,23,30,134,58,86,69,64,101,151,54,158,199,6,117,98,25,110,81,52,182,28,162,78,60,79,185,148,167,61,41,36,46,131,59,133,96,157,138,178,152,173,66,126,198,159,140,118,109,29,154,156,106,19,108,146,43,128,4,164,111,83,181,82,192,139,33,13,172,195,40,37,15,35,88,1,189,194,31,171,116,57,0,113,196,89,5,141,119,74,183,63,51,72,147,65,102,115,14,45,55,155,184,161,80,114,177,169,191,11,104,180,163,170,95,137,90,125,149,32,68,97,100,7,175,179,27,150,136,144,70,168,17,103,105,142,190,188,186,145,42,47,132,166,123,44];False
2347;8274;10621;[164,67,193,48,10,176,91,129,8,84,122,73,174,135,21,99,16,77,112,71,56,18,62,120,24,197,26,9,143,20,3,2,121,160,92,49,130,22,38,34,124,94,75,12,165,153,187,127,39,107,87,76,50,53,93,23,30,134,58,86,69,64,101,151,54,158,199,6,117,98,25,110,81,52,182,28,162,78,60,79,185,148,167,61,41,36,46,131,59,133,96,157,138,178,152,173,66,126,198,159,140,118,109,29,154,156,106,19,108,146,43,128,85,4,111,83,181,82,192,139,33,13,172,195,40,37,15,35,88,1,189,194,31,171,116,57,0,113,196,89,5,141,119,74,183,63,51,72,147,65,102,115,14,45,55,155,184,161,80,114,177,169,191,11,104,180,163,170,95,137,90,125,149,32,68,97,100,7,175,179,27,150,136,144,70,168,17,103,105,142,190,188,186,145,42,47,132,166,123,44];False
2346;8281;10627;[111,67,193,48,10,176,91,129,8,84,122,73,174,135,21,99,16,77,112,71,56,18,62,120,24,197,26,9,143,20,3,2,121,160,92,49,130,22,38,34,124,94,75,12,165,153,187,127,39,107,87,76,50,53,93,23,30,134,58,86,69,64,101,151,54,158,199,6,117,98,25,110,81,52,182,28,162,78,60,79,185,148,167,61,41,36,46,131,59,133,96,157,138,178,152,173,66,126,198,159,140,118,109,29,154,156,106,19,108,146,43,128,85,164,4,83,181,82,192,139,33,13,172,195,40,37,15,35,88,1,189,194,31,171,116,57,0,113,196,89,5,141,119,74,183,63,51,72,147,65,102,115,14,45,55,155,184,161,80,114,177,169,191,11,104,180,163,170,95,137,90,125,149,32,68,97,100,7,175,179,27,150,136,144,70,168,17,103,105,142,190,188,186,145,42,47,132,166,123,44];False
2351;8318;10669;[83,67,193,48,10,176,91,129,8,84,122,73,174,135,21,99,16,77,112,71,56,18,62,120,24,197,26,9,143,20,3,2,121,160,92,49,130,22,38,34,124,94,75,12,165,153,187,127,39,107,87,76,50,53,93,23,30,134,58,86,69,64,101,151,54,158,199,6,117,98,25,110,81,52,182,28,162,78,60,79,185,148,167,61,41,36,46,131,59,133,96,157,138,178,152,173,66,126,198,159,140,118,109,29,154,156,106,19,108,146,43,128,85,164,111,4,181,82,192,139,33,13,172,195,40,37,15,35,88,1,189,194,31,171,116,57,0,113,196,89,5,141,119,74,183,63,51,72,147,65,102,115,14,45,55,155,184,161,80,114,177,169,191,11,104,180,163,170,95,137,90,125,149,32,68,97,100,7,175,179,27,150,136,144,70,168,17,103,105,142,190,188,186,145,42,47,132,166,123,44];False
2385;8297;10682;[181,67,193,48,10,176,91,129,8,84,122,73,174,135,21,99,16,77,112,71,56,18,62,120,24,197,26,9,143,20,3,2,121,160,92,49,130,22,38,34,124,94,75,12,165,153,187,127,39,107,87,76,50,53,93,23,30,134,58,86,69,64,101,151,54,158,199,6,117,98,25,110,81,52,182,28,162,78,60,79,185,148,167,61,41,36,46,131,59,133,96,157,138,178,152,173,66,126,198,159,140,118,109,29,154,156,106,19,108,146,43,128,85,164,111,83,4,82,192,139,33,13,172,195,40,37,15,35,88,1,189,194,31,171,116,57,0,113,196,89,5,141,119,74,183,63,51,72,147,65,102,115,14,45,55,155,184,161,80,114,177,169,191,11,104,180,163,170,95,137,90,125,149,32,68,97,100,7,175,179,27,150,136,144,70,168,17,103,105,142,190,188,186,145,42,47,132,166,123,44];False
2328;8237;10565;[82,67,193,48,10,176,91,129,8,84,122,73,174,135,21,99,16,77,112,71,56,18,62,120,24,197,26,9,143,20,3,2,121,160,92,49,130,22,38,34,124,94,75,12,165,153,187,127,39,107,87,76,50,53,93,23,30,134,58,86,69,64,101,151,54,158,199,6,117,98,25,110,81,52,182,28,162,78,60,79,185,148,167,61,41,36,46,131,59,133,96,157,138,178,152,173,66,126,198,159,140,118,109,29,154,156,106,19,108,146,43,128,85,164,111,83,181,4,192,139,33,13,172,195,40,37,15,35,88,1,189,194,31,171,116,57,0,113,196,89,5,141,119,74,183,63,51,72,147,65,102,115,14,45,55,155,184,161,80,114,177,169,191,11,104,180,163,170,95,137,90,125,149,32,68,97,100,7,175,179,27,150,136,144,70,168,17,103,105,142,190,188,186,145,42,47,132,166,123,44];False
2289;8275;10564;[192,67,193,48,10,176,91,129,8,84,122,73,174,135,21,99,16,77,112,71,56,18,62,120,24,197,26,9,143,20,3,2,121,160,92,49,130,22,38,34,124,94,75,12,165,153,187,127,39,107,87,76,50,53,93,23,30,134,58,86,69,64,101,151,54,158,199,6,117,98,25,110,81,52,182,28,162,78,60,79,185,148,167,61,41,36,46,131,59,133,96,157,138,178,152,173,66,126,198,159,140,118,109,29,154,156,106,19,108,146,43,128,85,164,111,83,181,82,4,139,33,13,172,195,40,37,15,35,88,1,189,194,31,171,116,57,0,113,196,89,5,141,119,74,183,63,51,72,147,65,102,115,14,45,55,155,184,161,80,114,177,169,191,11,104,180,163,170,95,137,90,125,149,32,68,97,100,7,175,179,27,150,136,144,70,168,17,103,105,142,190,188,186,145,42,47,132,166,123,44];False
2338;8316;10654;[139,67,193,48,10,176,91,129,8,84,122,73,174,135,21,99,16,77,112,71,56,18,62,120,24,197,26,9,143,20,3,2,121,160,92,49,130,22,38,34,124,94,75,12,165,153,187,127,39,107,87,76,50,53,93,23,30,134,58,86,69,64,101,151,54,158,199,6,117,98,25,110,81,52,182,28,162,78,60,79,185,148,167,61,41,36,46,131,59,133,96,157,138,178,152,173,66,126,198,159,140,118,109,29,154,156,106,19,108,146,43,128,85,164,111,83,181,82,192,4,33,13,172,195,40,37,15,35,88,1,189,194,31,171,116,57,0,113,196,89,5,141,119,74,183,63,51,72,147,65,102,115,14,45,55,155,184,161,80,114,177,169,191,11,104,180,163,170,95,137,90,125,149,32,68,97,100,7,175,179,27,150,136,144,70,168,17,103,105,142,190,188,186,145,42,47,132,166,123,44];False
2419;8285;10704;[33,67,193,48,10,176,91,129,8,84,122,73,174,135,21,99,16,77,112,71,56,18,62,120,24,197,26,9,143,20,3,2,121,160,92,49,130,22,38,34,124,94,75,12,165,153,187,127,39,107,87,76,50,53,93,23,30,134,58,86,69,64,101,151,54,158,199,6,117,98,25,110,81,52,182,28,162,78,60,79,185,148,167,61,41,36,46,131,59,133,96,157,138,178,152,173,66,126,198,159,140,118,109,29,154,156,106,19,108,146,43,128,85,164,111,83,181,82,192,139,4,13,172,195,40,37,15,35,88,1,189,194,31,171,116,57,0,113,196,89,5,141,119,74,183,63,51,72,147,65,102,115,14,45,55,155,184,161,80,114,177,169,191,11,104,180,163,170,95,137,90,125,149,32,68,97,100,7,175,179,27,150,136,144,70,168,17,103,105,142,190,188,186,145,42,47,132,166,123,44];False
2327;8270;10597;[13,67,193,48,10,176,91,129,8,84,122,73,174,135,21,99,16,77,112,71,56,18,62,120,24,197,26,9,143,20,3,2,121,160,92,49,130,22,38,34,124,94,75,12,165,153,187,127,39,107,87,76,50,53,93,23,30,134,58,86,69,64,101,151,54,158,199,6,117,98,25,110,81,52,182,28,162,78,60,79,185,148,167,61,41,36,46,131,59,133,96,157,138,178,152,173,66,126,198,159,140,118,109,29,154,156,106,19,108,146,43,128,85,164,111,83,181,82,192,139,33,4,172,195,40,37,15,35,88,1,189,194,31,171,116,57,0,113,196,89,5,141,119,74,183,63,51,72,147,65,102,115,14,45,55,155,184,161,80,114,177,169,191,11,104,180,163,170,95,137,90,125,149,32,68,97,100,7,175,179,27,150,136,144,70,168,17,103,105,142,190,188,186,145,42,47,132,166,123,44];False
2312;8299;10611;[172,67,193,48,10,176,91,129,8,84,122,73,174,135,21,99,16,77,112,71,56,18,62,120,24,197,26,9,143,20,3,2,121,160,92,49,130,22,38,34,124,94,75,12,165,153,187,127,39,107,87,76,50,53,93,23,30,134,58,86,69,64,101,151,54,158,199,6,117,98,25,110,81,52,182,28,162,78,60,79,185,148,167,61,41,36,46,131,59,133,96,157,138,178,152,173,66,126,198,159,140,118,109,29,154,156,106,19,108,146,43,128,85,164,111,83,181,82,192,139,33,13,4,195,40,37,15,35,88,1,189,194,31,171,116,57,0,113,196,89,5,141,119,74,183,63,51,72,147,65,102,115,14,45,55,155,184,161,80,114,177,169,191,11,104,180,163,170,95,137,90,125,149,32,68,97,100,7,175,179,27,150,136,144,70,168,17,103,105,142,190,188,186,145,42,47,132,166,123,44];False
2346;8299;10645;[195,67,193,48,10,176,91,129,8,84,122,73,174,135,21,99,16,77,112,71,56,18,62,120,24,197,26,9,143,20,3,2,121,160,92,49,130,22,38,34,124,94,75,12,165,153,187,127,39,107,87,76,50,53,93,23,30,134,58,86,69,64,101,151,54,158,199,6,117,98,25,110,81,52,182,28,162,78,60,79,185,148,167,61,41,36,46,131,59,133,96,157,138,178,152,173,66,126,198,159,140,118,109,29,154,156,106,19,108,146,43,128,85,164,111,83,181,82,192,139,33,13,172,4,40,37,15,35,88,1,189,194,31,171,116,57,0,113,196,89,5,141,119,74,183,63,51,72,147,65,102,115,14,45,55,155,184,161,80,114,177,169,191,11,104,180,163,170,95,137,90,125,149,32,68,97,100,7,175,179,27,150,136,144,70,168,17,103,105,142,190,188,186,145,42,47,132,166,123,44];False
2397;8287;10684;[40,67,193,48,10,176,91,129,8,84,122,73,174,135,21,99,16,77,112,71,56,18,62,120,24,197,26,9,143,20,3,2,121,160,92,49,130,22,38,34,124,94,75,12,165,153,187,127,39,107,87,76,50,53,93,23,30,134,58,86,69,64,101,151,54,158,199,6,117,98,25,110,81,52,182,28,162,78,60,79,185,148,167,61,41,36,46,131,59,133,96,157,138,178,152,173,66,126,198,159,140,118,109,29,154,156,106,19,108,146,43,128,85,164,111,83,181,82,192,139,33,13,172,195,4,37,15,35,88,1,189,194,31,171,116,57,0,113,196,89,5,141,119,74,183,63,51,72,147,65,102,115,14,45,55,155,184,161,80,114,177,169,191,11,104,180,163,170,95,137,90,125,149,32,68,97,100,7,175,179,27,150,136,144,70,168,17,103,105,142,190,188,186,145,42,47,132,166,123,44];False
2373;8274;10647;[37,67,193,48,10,176,91,129,8,84,122,73,174,135,21,99,16,77,112,71,56,18,62,120,24,197,26,9,143,20,3,2,121,160,92,49,130,22,38,34,124,94,75,12,165,153,187,127,39,107,87,76,50,53,93,23,30,134,58,86,69,64,101,151,54,158,199,6,117,98,25,110,81,52,182,28,162,78,60,79,185,148,167,61,41,36,46,131,59,133,96,157,138,178,152,173,66,126,198,159,140,118,109,29,154,156,106,19,108,146,43,128,85,164,111,83,181,82,192,139,33,13,172,195,40,4,15,35,88,1,189,194,31,171,116,57,0,113,196,89,5,141,119,74,183,63,51,72,147,65,102,115,14,45,55,155,184,161,80,114,177,169,191,11,104,180,163,170,95,137,90,125,149,32,68,97,100,7,175,179,27,150,136,144,70,168,17,103,105,142,190,188,186,145,42,47,132,166,123,44];False
2327;8284;10611;[15,67,193,48,10,176,91,129,8,84,122,73,174,135,21,99,16,77,112,71,56,18,62,120,24,197,26,9,143,20,3,2,121,160,92,49,130,22,38,34,124,94,75,12,165,153,187,127,39,107,87,76,50,53,93,23,30,134,58,86,69,64,101,151,54,158,199,6,117,98,25,110,81,52,182,28,162,78,60,79,185,148,167,61,41,36,46,131,59,133,96,157,138,178,152,173,66,126,198,159,140,118,109,29,154,156,106,19,108,146,43,128,85,164,111,83,181,82,192,139,33,13,172,195,40,37,4,35,88,1,189,194,31,171,116,57,0,113,196,89,5,141,119,74,183,63,51,72,147,65,102,115,14,45,55,155,184,161,80,114,177,169,191,11,104,180,163,170,95,137,90,125,149,32,68,97,100,7,175,179,27,150,136,144,70,168,17,103,105,142,190,188,186,145,42,47,132,166,123,44];False
2350;8256;10606;[35,67,193,48,10,176,91,129,8,84,122,73,174,135,21,99,16,77,112,71,56,18,62,120,24,197,26,9,143,20,3,2,121,160,92,49,130,22,38,34,124,94,75,12,165,153,187,127,39,107,87,76,50,53,93,23,30,134,58,86,69,64,101,151,54,158,199,6,117,98,25,110,81,52,182,28,162,78,60,79,185,148,167,61,41,36,46,131,59,133,96,157,138,178,152,173,66,126,198,159,140,118,109,29,154,156,106,19,108,146,43,128,85,164,111,83,181,82,192,139,33,13,172,195,40,37,15,4,88,1,189,194,31,171,116,57,0,113,196,89,5,141,119,74,183,63,51,72,147,65,102,115,14,45,55,155,184,161,80,114,177,169,191,11,104,180,163,170,95,137,90,125,149,32,68,97,100,7,175,179,27,150,136,144,70,168,17,103,105,142,190,188,186,145,42,47,132,166,123,44];False
2331;8288;10619;[88,67,193,48,10,176,91,129,8,84,122,73,174,135,21,99,16,77,112,71,56,18,62,120,24,197,26,9,143,20,3,2,121,160,92,49,130,22,38,34,124,94,75,12,165,153,187,127,39,107,87,76,50,53,93,23,30,134,58,86,69,64,101,151,54,158,199,6,117,98,25,110,81,52,182,28,162,78,60,79,185,148,167,61,41,36,46,131,59,133,96,157,138,178,152,173,66,126,198,159,140,118,109,29,154,156,106,19,108,146,43,128,85,164,111,83,181,82,192,139,33,13,172,195,40,37,15,35,4,1,189,194,31,171,116,57,0,113,196,89,5,141,119,74,183,63,51,72,147,65,102,115,14,45,55,155,184,161,80,114,177,169,191,11,104,180,163,170,95,137,90,125,149,32,68,97,100,7,175,179,27,150,136,144,70,168,17,103,105,142,190,188,186,145,42,47,132,166,123,44];False
2405;8295;10700;[1,67,193,48,10,176,91,129,8,84,122,73,174,135,21,99,16,77,112,71,56,18,62,120,24,197,26,9,143,20,3,2,121,160,92,49,130,22,38,34,124,94,75,12,165,153,187,127,39,107,87,76,50,53,93,23,30,134,58,86,69,64,101,151,54,158,199,6,117,98,25,110,81,52,182,28,162,78,60,79,185,148,167,61,41,36,46,131,59,133,96,157,138,178,152,173,66,126,198,159,140,118,109,29,154,156,106,19,108,146,43,128,85,164,111,83,181,82,192,139,33,13,172,195,40,37,15,35,88,4,189,194,31,171,116,57,0,113,196,89,5,141,119,74,183,63,51,72,147,65,102,115,14,45,55,155,184,161,80,114,177,169,191,11,104,180,163,170,95,137,90,125,149,32,68,97,100,7,175,179,27,150,136,144,70,168,17,103,105,142,190,188,186,145,42,47,132,166,123,44];False
2416;8270;10686;[189,67,193,48,10,176,91,129,8,84,122,73,174,135,21,99,16,77,112,71,56,18,62,120,24,197,26,9,143,20,3,2,121,160,92,49,130,22,38,34,124,94,75,12,165,153,187,127,39,107,87,76,50,53,93,23,30,134,58,86,69,64,101,151,54,158,199,6,117,98,25,110,81,52,182,28,162,78,60,79,185,148,167,61,41,36,46,131,59,133,96,157,138,178,152,173,66,126,198,159,140,118,109,29,154,156,106,19,108,146,43,128,85,164,111,83,181,82,192,139,33,13,172,195,40,37,15,35,88,1,4,194,31,171,116,57,0,113,196,89,5,141,119,74,183,63,51,72,147,65,102,115,14,45,55,155,184,161,80,114,177,169,191,11,104,180,163,170,95,137,90,125,149,32,68,97,100,7,175,179,27,150,136,144,70,168,17,103,105,142,190,188,186,145,42,47,132,166,123,44];False
2416;8237;10653;[194,67,193,48,10,176,91,129,8,84,122,73,174,135,21,99,16,77,112,71,56,18,62,120,24,197,26,9,143,20,3,2,121,160,92,49,130,22,38,34,124,94,75,12,165,153,187,127,39,107,87,76,50,53,93,23,30,134,58,86,69,64,101,151,54,158,199,6,117,98,25,110,81,52,182,28,162,78,60,79,185,148,167,61,41,36,46,131,59,133,96,157,138,178,152,173,66,126,198,159,140,118,109,29,154,156,106,19,108,146,43,128,85,164,111,83,181,82,192,139,33,13,172,195,40,37,15,35,88,1,189,4,31,171,116,57,0,113,196,89,5,141,119,74,183,63,51,72,147,65,102,115,14,45,55,155,184,161,80,114,177,169,191,11,104,180,163,170,95,137,90,125,149,32,68,97,100,7,175,179,27,150,136,144,70,168,17,103,105,142,190,188,186,145,42,47,132,166,123,44];False
2372;8253;10625;[31,67,193,48,10,176,91,129,8,84,122,73,174,135,21,99,16,77,112,71,56,18,62,120,24,197,26,9,143,20,3,2,121,160,92,49,130,22,38,34,124,94,75,12,165,153,187,127,39,107,87,76,50,53,93,23,30,134,58,86,69,64,101,151,54,158,199,6,117,98,25,110,81,52,182,28,162,78,60,79,185,148,167,61,41,36,46,131,59,133,96,157,138,178,152,173,66,126,198,159,140,118,109,29,154,156,106,19,108,146,43,128,85,164,111,83,181,82,192,139,33,13,172,195,40,37,15,35,88,1,189,194,4,171,116,57,0,113,196,89,5,141,119,74,183,63,51,72,147,65,102,115,14,45,55,155,184,161,80,114,177,169,191,11,104,180,163,170,95,137,90,125,149,32,68,97,100,7,175,179,27,150,136,144,70,168,17,103,105,142,190,188,186,145,42,47,132,166,123,44];False
2458;8277;10735;[171,67,193,48,10,176,91,129,8,84,122,73,174,135,21,99,16,77,112,71,56,18,62,120,24,197,26,9,143,20,3,2,121,160,92,49,130,22,38,34,124,94,75,12,165,153,187,127,39,107,87,76,50,53,93,23,30,134,58,86,69,64,101,151,54,158,199,6,117,98,25,110,81,52,182,28,162,78,60,79,185,148,167,61,41,36,46,131,59,133,96,157,138,178,152,173,66,126,198,159,140,118,109,29,154,156,106,19,108,146,43,128,85,164,111,83,181,82,192,139,33,13,172,195,40,37,15,35,88,1,189,194,31,4,116,57,0,113,196,89,5,141,119,74,183,63,51,72,147,65,102,115,14,45,55,155,184,161,80,114,177,169,191,11,104,180,163,170,95,137,90,125,149,32,68,97,100,7,175,179,27,150,136,144,70,168,17,103,105,142,190,188,186,145,42,47,132,166,123,44];False
2353;8316;10669;[116,67,193,48,10,176,91,129,8,84,122,73,174,135,21,99,16,77,112,71,56,18,62,120,24,197,26,9,143,20,3,2,121,160,92,49,130,22,38,34,124,94,75,12,165,153,187,127,39,107,87,76,50,53,93,23,30,134,58,86,69,64,101,151,54,158,199,6,117,98,25,110,81,52,182,28,162,78,60,79,185,148,167,61,41,36,46,131,59,133,96,157,138,178,152,173,66,126,198,159,140,118,109,29,154,156,106,19,108,146,43,128,85,164,111,83,181,82,192,139,33,13,172,195,40,37,15,35,88,1,189,194,31,171,4,57,0,113,196,89,5,141,119,74,183,63,51,72,147,65,102,115,14,45,55,155,184,161,80,114,177,169,191,11,104,180,163,170,95,137,90,125,149,32,68,97,100,7,175,179,27,150,136,144,70,168,17,103,105,142,190,188,186,145,42,47,132,166,123,44];False
2394;8296;10690;[57,67,193,48,10,176,91,129,8,84,122,73,174,135,21,99,16,77,112,71,56,18,62,120,24,197,26,9,143,20,3,2,121,160,92,49,130,22,38,34,124,94,75,12,165,153,187,127,39,107,87,76,50,53,93,23,30,134,58,86,69,64,101,151,54,158,199,6,117,98,25,110,81,52,182,28,162,78,60,79,185,148,167,61,41,36,46,131,59,133,96,157,138,178,152,173,66,126,198,159,140,118,109,29,154,156,106,19,108,146,43,128,85,164,111,83,181,82,192,139,33,13,172,195,40,37,15,35,88,1,189,194,31,171,116,4,0,113,196,89,5,141,119,74,183,63,51,72,147,65,102,115,14,45,55,155,184,161,80,114,177,169,191,11,104,180,163,170,95,137,90,125,149,32,68,97,100,7,175,179,27,150,136,144,70,168,17,103,105,142,190,188,186,145,42,47,132,166,123,44];False
2222;8331;10553;[0,67,193,48,10,176,91,129,8,84,122,73,174,135,21,99,16,77,112,71,56,18,62,120,24,197,26,9,143,20,3,2,121,160,92,49,130,22,38,34,124,94,75,12,165,153,187,127,39,107,87,76,50,53,93,23,30,134,58,86,69,64,101,151,54,158,199,6,117,98,25,110,81,52,182,28,162,78,60,79,185,148,167,61,41,36,46,131,59,133,96,157,138,178,152,173,66,126,198,159,140,118,109,29,154,156,106,19,108,146,43,128,85,164,111,83,181,82,192,139,33,13,172,195,40,37,15,35,88,1,189,194,31,171,116,57,4,113,196,89,5,141,119,74,183,63,51,72,147,65,102,115,14,45,55,155,184,161,80,114,177,169,191,11,104,180,163,170,95,137,90,125,149,32,68,97,100,7,175,179,27,150,136,144,70,168,17,103,105,142,190,188,186,145,42,47,132,166,123,44];False
2379;8327;10706;[113,67,193,48,10,176,91,129,8,84,122,73,174,135,21,99,16,77,112,71,56,18,62,120,24,197,26,9,143,20,3,2,121,160,92,49,130,22,38,34,124,94,75,12,165,153,187,127,39,107,87,76,50,53,93,23,30,134,58,86,69,64,101,151,54,158,199,6,117,98,25,110,81,52,182,28,162,78,60,79,185,148,167,61,41,36,46,131,59,133,96,157,138,178,152,173,66,126,198,159,140,118,109,29,154,156,106,19,108,146,43,128,85,164,111,83,181,82,192,139,33,13,172,195,40,37,15,35,88,1,189,194,31,171,116,57,0,4,196,89,5,141,119,74,183,63,51,72,147,65,102,115,14,45,55,155,184,161,80,114,177,169,191,11,104,180,163,170,95,137,90,125,149,32,68,97,100,7,175,179,27,150,136,144,70,168,17,103,105,142,190,188,186,145,42,47,132,166,123,44];False
2375;8288;10663;[196,67,193,48,10,176,91,129,8,84,122,73,174,135,21,99,16,77,112,71,56,18,62,120,24,197,26,9,143,20,3,2,121,160,92,49,130,22,38,34,124,94,75,12,165,153,187,127,39,107,87,76,50,53,93,23,30,134,58,86,69,64,101,151,54,158,199,6,117,98,25,110,81,52,182,28,162,78,60,79,185,148,167,61,41,36,46,131,59,133,96,157,138,178,152,173,66,126,198,159,140,118,109,29,154,156,106,19,108,146,43,128,85,164,111,83,181,82,192,139,33,13,172,195,40,37,15,35,88,1,189,194,31,171,116,57,0,113,4,89,5,141,119,74,183,63,51,72,147,65,102,115,14,45,55,155,184,161,80,114,177,169,191,11,104,180,163,170,95,137,90,125,149,32,68,97,100,7,175,179,27,150,136,144,70,168,17,103,105,142,190,188,186,145,42,47,132,166,123,44];False
2332;8287;10619;[89,67,193,48,10,176,91,129,8,84,122,73,174,135,21,99,16,77,112,71,56,18,62,120,24,197,26,9,143,20,3,2,121,160,92,49,130,22,38,34,124,94,75,12,165,153,187,127,39,107,87,76,50,53,93,23,30,134,58,86,69,64,101,151,54,158,199,6,117,98,25,110,81,52,182,28,162,78,60,79,185,148,167,61,41,36,46,131,59,133,96,157,138,178,152,173,66,126,198,159,140,118,109,29,154,156,106,19,108,146,43,128,85,164,111,83,181,82,192,139,33,13,172,195,40,37,15,35,88,1,189,194,31,171,116,57,0,113,196,4,5,141,119,74,183,63,51,72,147,65,102,115,14,45,55,155,184,161,80,114,177,169,191,11,104,180,163,170,95,137,90,125,149,32,68,97,100,7,175,179,27,150,136,144,70,168,17,103,105,142,190,188,186,145,42,47,132,166,123,44];False
2334;8310;10644;[5,67,193,48,10,176,91,129,8,84,122,73,174,135,21,99,16,77,112,71,56,18,62,120,24,197,26,9,143,20,3,2,121,160,92,49,130,22,38,34,124,94,75,12,165,153,187,127,39,107,87,76,50,53,93,23,30,134,58,86,69,64,101,151,54,158,199,6,117,98,25,110,81,52,182,28,162,78,60,79,185,148,167,61,41,36,46,131,59,133,96,157,138,178,152,173,66,126,198,159,140,118,109,29,154,156,106,19,108,146,43,128,85,164,111,83,181,82,192,139,33,13,172,195,40,37,15,35,88,1,189,194,31,171,116,57,0,113,196,89,4,141,119,74,183,63,51,72,147,65,102,115,14,45,55,155,184,161,80,114,177,169,191,11,104,180,163,170,95,137,90,125,149,32,68,97,100,7,175,179,27,150,136,144,70,168,17,103,105,142,190,188,186,145,42,47,132,166,123,44];False
2355;8369;10724;[141,67,193,48,10,176,91,129,8,84,122,73,174,135,21,99,16,77,112,71,56,18,62,120,24,197,26,9,143,20,3,2,121,160,92,49,130,22,38,34,124,94,75,12,165,153,187,127,39,107,87,76,50,53,93,23,30,134,58,86,69,64,101,151,54,158,199,6,117,98,25,110,81,52,182,28,162,78,60,79,185,148,167,61,41,36,46,131,59,133,96,157,138,178,152,173,66,126,198,159,140,118,109,29,154,156,106,19,108,146,43,128,85,164,111,83,181,82,192,139,33,13,172,195,40,37,15,35,88,1,189,194,31,171,116,57,0,113,196,89,5,4,119,74,183,63,51,72,147,65,102,115,14,45,55,155,184,161,80,114,177,169,191,11,104,180,163,170,95,137,90,125,149,32,68,97,100,7,175,179,27,150,136,144,70,168,17,103,105,142,190,188,186,145,42,47,132,166,123,44];False
2343;8326;10669;[119,67,193,48,10,176,91,129,8,84,122,73,174,135,21,99,16,77,112,71,56,18,62,120,24,197,26,9,143,20,3,2,121,160,92,49,130,22,38,34,124,94,75,12,165,153,187,127,39,107,87,76,50,53,93,23,30,134,58,86,69,64,101,151,54,158,199,6,117,98,25,110,81,52,182,28,162,78,60,79,185,148,167,61,41,36,46,131,59,133,96,157,138,178,152,173,66,126,198,159,140,118,109,29,154,156,106,19,108,146,43,128,85,164,111,83,181,82,192,139,33,13,172,195,40,37,15,35,88,1,189,194,31,171,116,57,0,113,196,89,5,141,4,74,183,63,51,72,147,65,102,115,14,45,55,155,184,161,80,114,177,169,191,11,104,180,163,170,95,137,90,125,149,32,68,97,100,7,175,179,27,150,136,144,70,168,17,103,105,142,190,188,186,145,42,47,132,166,123,44];False
2314;8247;10561;[74,67,193,48,10,176,91,129,8,84,122,73,174,135,21,99,16,77,112,71,56,18,62,120,24,197,26,9,143,20,3,2,121,160,92,49,130,22,38,34,124,94,75,12,165,153,187,127,39,107,87,76,50,53,93,23,30,134,58,86,69,64,101,151,54,158,199,6,117,98,25,110,81,52,182,28,162,78,60,79,185,148,167,61,41,36,46,131,59,133,96,157,138,178,152,173,66,126,198,159,140,118,109,29,154,156,106,19,108,146,43,128,85,164,111,83,181,82,192,139,33,13,172,195,40,37,15,35,88,1,189,194,31,171,116,57,0,113,196,89,5,141,119,4,183,63,51,72,147,65,102,115,14,45,55,155,184,161,80,114,177,169,191,11,104,180,163,170,95,137,90,125,149,32,68,97,100,7,175,179,27,150,136,144,70,168,17,103,105,142,190,188,186,145,42,47,132,166,123,44];False
2239;8273;10512;[183,67,193,48,10,176,91,129,8,84,122,73,174,135,21,99,16,77,112,71,56,18,62,120,24,197,26,9,143,20,3,2,121,160,92,49,130,22,38,34,124,94,75,12,165,153,187,127,39,107,87,76,50,53,93,23,30,134,58,86,69,64,101,151,54,158,199,6,117,98,25,110,81,52,182,28,162,78,60,79,185,148,167,61,41,36,46,131,59,133,96,157,138,178,152,173,66,126,198,159,140,118,109,29,154,156,106,19,108,146,43,128,85,164,111,83,181,82,192,139,33,13,172,195,40,37,15,35,88,1,189,194,31,171,116,57,0,113,196,89,5,141,119,74,4,63,51,72,147,65,102,115,14,45,55,155,184,161,80,114,177,169,191,11,104,180,163,170,95,137,90,125,149,32,68,97,100,7,175,179,27,150,136,144,70,168,17,103,105,142,190,188,186,145,42,47,132,166,123,44];False
2300;8271;10571;[63,67,193,48,10,176,91,129,8,84,122,73,174,135,21,99,16,77,112,71,56,18,62,120,24,197,26,9,143,20,3,2,121,160,92,49,130,22,38,34,124,94,75,12,165,153,187,127,39,107,87,76,50,53,93,23,30,134,58,86,69,64,101,151,54,158,199,6,117,98,25,110,81,52,182,28,162,78,60,79,185,148,167,61,41,36,46,131,59,133,96,157,138,178,152,173,66,126,198,159,140,118,109,29,154,156,106,19,108,146,43,128,85,164,111,83,181,82,192,139,33,13,172,195,40,37,15,35,88,1,189,194,31,171,116,57,0,113,196,89,5,141,119,74,183,4,51,72,147,65,102,115,14,45,55,155,184,161,80,114,177,169,191,11,104,180,163,170,95,137,90,125,149,32,68,97,100,7,175,179,27,150,136,144,70,168,17,103,105,142,190,188,186,145,42,47,132,166,123,44];False
2382;8261;10643;[51,67,193,48,10,176,91,129,8,84,122,73,174,135,21,99,16,77,112,71,56,18,62,120,24,197,26,9,143,20,3,2,121,160,92,49,130,22,38,34,124,94,75,12,165,153,187,127,39,107,87,76,50,53,93,23,30,134,58,86,69,64,101,151,54,158,199,6,117,98,25,110,81,52,182,28,162,78,60,79,185,148,167,61,41,36,46,131,59,133,96,157,138,178,152,173,66,126,198,159,140,118,109,29,154,156,106,19,108,146,43,128,85,164,111,83,181,82,192,139,33,13,172,195,40,37,15,35,88,1,189,194,31,171,116,57,0,113,196,89,5,141,119,74,183,63,4,72,147,65,102,115,14,45,55,155,184,161,80,114,177,169,191,11,104,180,163,170,95,137,90,125,149,32,68,97,100,7,175,179,27,150,136,144,70,168,17,103,105,142,190,188,186,145,42,47,132,166,123,44];False
2377;8250;10627;[72,67,193,48,10,176,91,129,8,84,122,73,174,135,21,99,16,77,112,71,56,18,62,120,24,197,26,9,143,20,3,2,121,160,92,49,130,22,38,34,124,94,75,12,165,153,187,127,39,107,87,76,50,53,93,23,30,134,58,86,69,64,101,151,54,158,199,6,117,98,25,110,81,52,182,28,162,78,60,79,185,148,167,61,41,36,46,131,59,133,96,157,138,178,152,173,66,126,198,159,140,118,109,29,154,156,106,19,108,146,43,128,85,164,111,83,181,82,192,139,33,13,172,195,40,37,15,35,88,1,189,194,31,171,116,57,0,113,196,89,5,141,119,74,183,63,51,4,147,65,102,115,14,45,55,155,184,161,80,114,177,169,191,11,104,180,163,170,95,137,90,125,149,32,68,97,100,7,175,179,27,150,136,144,70,168,17,103,105,142,190,188,186,145,42,47,132,166,123,44];False
2345;8230;10575;[147,67,193,48,10,176,91,129,8,84,122,73,174,135,21,99,16,77,112,71,56,18,62,120,24,197,26,9,143,20,3,2,121,160,92,49,130,22,38,34,124,94,75,12,165,153,187,127,39,107,87,76,50,53,93,23,30,134,58,86,69,64,101,151,54,158,199,6,117,98,25,110,81,52,182,28,162,78,60,79,185,148,167,61,41,36,46,131,59,133,96,157,138,178,152,173,66,126,198,159,140,118,109,29,154,156,106,19,108,146,43,128,85,164,111,83,181,82,192,139,33,13,172,195,40,37,15,35,88,1,189,194,31,171,116,57,0,113,196,89,5,141,119,74,183,63,51,72,4,65,102,115,14,45,55,155,184,161,80,114,177,169,191,11,104,180,163,170,95,137,90,125,149,32,68,97,100,7,175,179,27,150,136,144,70,168,17,103,105,142,190,188,186,145,42,47,132,166,123,44];False
2348;8240;10588;[65,67,193,48,10,176,91,129,8,84,122,73,174,135,21,99,16,77,112,71,56,18,62,120,24,197,26,9,143,20,3,2,121,160,92,49,130,22,38,34,124,94,75,12,165,153,187,127,39,107,87,76,50,53,93,23,30,134,58,86,69,64,101,151,54,158,199,6,117,98,25,110,81,52,182,28,162,78,60,79,185,148,167,61,41,36,46,131,59,133,96,157,138,178,152,173,66,126,198,159,140,118,109,29,154,156,106,19,108,146,43,128,85,164,111,83,181,82,192,139,33,13,172,195,40,37,15,35,88,1,189,194,31,171,116,57,0,113,196,89,5,141,119,74,183,63,51,72,147,4,102,115,14,45,55,155,184,161,80,114,177,169,191,11,104,180,163,170,95,137,90,125,149,32,68,97,100,7,175,179,27,150,136,144,70,168,17,103,105,142,190,188,186,145,42,47,132,166,123,44];False
2356;8224;10580;[102,67,193,48,10,176,91,129,8,84,122,73,174,135,21,99,16,77,112,71,56,18,62,120,24,197,26,9,143,20,3,2,121,160,92,49,130,22,38,34,124,94,75,12,165,153,187,127,39,107,87,76,50,53,93,23,30,134,58,86,69,64,101,151,54,158,199,6,117,98,25,110,81,52,182,28,162,78,60,79,185,148,167,61,41,36,46,131,59,133,96,157,138,178,152,173,66,126,198,159,140,118,109,29,154,156,106,19,108,146,43,128,85,164,111,83,181,82,192,139,33,13,172,195,40,37,15,35,88,1,189,194,31,171,116,57,0,113,196,89,5,141,119,74,183,63,51,72,147,65,4,115,14,45,55,155,184,161,80,114,177,169,191,11,104,180,163,170,95,137,90,125,149,32,68,97,100,7,175,179,27,150,136,144,70,168,17,103,105,142,190,188,186,145,42,47,132,166,123,44];False
2389;8256;10645;[115,67,193,48,10,176,91,129,8,84,122,73,174,135,21,99,16,77,112,71,56,18,62,120,24,197,26,9,143,20,3,2,121,160,92,49,130,22,38,34,124,94,75,12,165,153,187,127,39,107,87,76,50,53,93,23,30,134,58,86,69,64,101,151,54,158,199,6,117,98,25,110,81,52,182,28,162,78,60,79,185,148,167,61,41,36,46,131,59,133,96,157,138,178,152,173,66,126,198,159,140,118,109,29,154,156,106,19,108,146,43,128,85,164,111,83,181,82,192,139,33,13,172,195,40,37,15,35,88,1,189,194,31,171,116,57,0,113,196,89,5,141,119,74,183,63,51,72,147,65,102,4,14,45,55,155,184,161,80,114,177,169,191,11,104,180,163,170,95,137,90,125,149,32,68,97,100,7,175,179,27,150,136,144,70,168,17,103,105,142,190,188,186,145,42,47,132,166,123,44];False
2348;8270;10618;[14,67,193,48,10,176,91,129,8,84,122,73,174,135,21,99,16,77,112,71,56,18,62,120,24,197,26,9,143,20,3,2,121,160,92,49,130,22,38,34,124,94,75,12,165,153,187,127,39,107,87,76,50,53,93,23,30,134,58,86,69,64,101,151,54,158,199,6,117,98,25,110,81,52,182,28,162,78,60,79,185,148,167,61,41,36,46,131,59,133,96,157,138,178,152,173,66,126,198,159,140,118,109,29,154,156,106,19,108,146,43,128,85,164,111,83,181,82,192,139,33,13,172,195,40,37,15,35,88,1,189,194,31,171,116,57,0,113,196,89,5,141,119,74,183,63,51,72,147,65,102,115,4,45,55,155,184,161,80,114,177,169,191,11,104,180,163,170,95,137,90,125,149,32,68,97,100,7,175,179,27,150,136,144,70,168,17,103,105,142,190,188,186,145,42,47,132,166,123,44];False
2342;8276;10618;[45,67,193,48,10,176,91,129,8,84,122,73,174,135,21,99,16,77,112,71,56,18,62,120,24,197,26,9,143,20,3,2,121,160,92,49,130,22,38,34,124,94,75,12,165,153,187,127,39,107,87,76,50,53,93,23,30,134,58,86,69,64,101,151,54,158,199,6,117,98,25,110,81,52,182,28,162,78,60,79,185,148,167,61,41,36,46,131,59,133,96,157,138,178,152,173,66,126,198,159,140,118,109,29,154,156,106,19,108,146,43,128,85,164,111,83,181,82,192,139,33,13,172,195,40,37,15,35,88,1,189,194,31,171,116,57,0,113,196,89,5,141,119,74,183,63,51,72,147,65,102,115,14,4,55,155,184,161,80,114,177,169,191,11,104,180,163,170,95,137,90,125,149,32,68,97,100,7,175,179,27,150,136,144,70,168,17,103,105,142,190,188,186,145,42,47,132,166,123,44];False
2302;8292;10594;[55,67,193,48,10,176,91,129,8,84,122,73,174,135,21,99,16,77,112,71,56,18,62,120,24,197,26,9,143,20,3,2,121,160,92,49,130,22,38,34,124,94,75,12,165,153,187,127,39,107,87,76,50,53,93,23,30,134,58,86,69,64,101,151,54,158,199,6,117,98,25,110,81,52,182,28,162,78,60,79,185,148,167,61,41,36,46,131,59,133,96,157,138,178,152,173,66,126,198,159,140,118,109,29,154,156,106,19,108,146,43,128,85,164,111,83,181,82,192,139,33,13,172,195,40,37,15,35,88,1,189,194,31,171,116,57,0,113,196,89,5,141,119,74,183,63,51,72,147,65,102,115,14,45,4,155,184,161,80,114,177,169,191,11,104,180,163,170,95,137,90,125,149,32,68,97,100,7,175,179,27,150,136,144,70,168,17,103,105,142,190,188,186,145,42,47,132,166,123,44];False
2344;8269;10613;[155,67,193,48,10,176,91,129,8,84,122,73,174,135,21,99,16,77,112,71,56,18,62,120,24,197,26,9,143,20,3,2,121,160,92,49,130,22,38,34,124,94,75,12,165,153,187,127,39,107,87,76,50,53,93,23,30,134,58,86,69,64,101,151,54,158,199,6,117,98,25,110,81,52,182,28,162,78,60,79,185,148,167,61,41,36,46,131,59,133,96,157,138,178,152,173,66,126,198,159,140,118,109,29,154,156,106,19,108,146,43,128,85,164,111,83,181,82,192,139,33,13,172,195,40,37,15,35,88,1,189,194,31,171,116,57,0,113,196,89,5,141,119,74,183,63,51,72,147,65,102,115,14,45,55,4,184,161,80,114,177,169,191,11,104,180,163,170,95,137,90,125,149,32,68,97,100,7,175,179,27,150,136,144,70,168,17,103,105,142,190,188,186,145,42,47,132,166,123,44];False
2341;8279;10620;[184,67,193,48,10,176,91,129,8,84,122,73,174,135,21,99,16,77,112,71,56,18,62,120,24,197,26,9,143,20,3,2,121,160,92,49,130,22,38,34,124,94,75,12,165,153,187,127,39,107,87,76,50,53,93,23,30,134,58,86,69,64,101,151,54,158,199,6,117,98,25,110,81,52,182,28,162,78,60,79,185,148,167,61,41,36,46,131,59,133,96,157,138,178,152,173,66,126,198,159,140,118,109,29,154,156,106,19,108,146,43,128,85,164,111,83,181,82,192,139,33,13,172,195,40,37,15,35,88,1,189,194,31,171,116,57,0,113,196,89,5,141,119,74,183,63,51,72,147,65,102,115,14,45,55,155,4,161,80,114,177,169,191,11,104,180,163,170,95,137,90,125,149,32,68,97,100,7,175,179,27,150,136,144,70,168,17,103,105,142,190,188,186,145,42,47,132,166,123,44];False
2408;8296;10704;[161,67,193,48,10,176,91,129,8,84,122,73,174,135,21,99,16,77,112,71,56,18,62,120,24,197,26,9,143,20,3,2,121,160,92,49,130,22,38,34,124,94,75,12,165,153,187,127,39,107,87,76,50,53,93,23,30,134,58,86,69,64,101,151,54,158,199,6,117,98,25,110,81,52,182,28,162,78,60,79,185,148,167,61,41,36,46,131,59,133,96,157,138,178,152,173,66,126,198,159,140,118,109,29,154,156,106,19,108,146,43,128,85,164,111,83,181,82,192,139,33,13,172,195,40,37,15,35,88,1,189,194,31,171,116,57,0,113,196,89,5,141,119,74,183,63,51,72,147,65,102,115,14,45,55,155,184,4,80,114,177,169,191,11,104,180,163,170,95,137,90,125,149,32,68,97,100,7,175,179,27,150,136,144,70,168,17,103,105,142,190,188,186,145,42,47,132,166,123,44];False
2312;8300;10612;[80,67,193,48,10,176,91,129,8,84,122,73,174,135,21,99,16,77,112,71,56,18,62,120,24,197,26,9,143,20,3,2,121,160,92,49,130,22,38,34,124,94,75,12,165,153,187,127,39,107,87,76,50,53,93,23,30,134,58,86,69,64,101,151,54,158,199,6,117,98,25,110,81,52,182,28,162,78,60,79,185,148,167,61,41,36,46,131,59,133,96,157,138,178,152,173,66,126,198,159,140,118,109,29,154,156,106,19,108,146,43,128,85,164,111,83,181,82,192,139,33,13,172,195,40,37,15,35,88,1,189,194,31,171,116,57,0,113,196,89,5,141,119,74,183,63,51,72,147,65,102,115,14,45,55,155,184,161,4,114,177,169,191,11,104,180,163,170,95,137,90,125,149,32,68,97,100,7,175,179,27,150,136,144,70,168,17,103,105,142,190,188,186,145,42,47,132,166,123,44];False
2342;8346;10688;[114,67,193,48,10,176,91,129,8,84,122,73,174,135,21,99,16,77,112,71,56,18,62,120,24,197,26,9,143,20,3,2,121,160,92,49,130,22,38,34,124,94,75,12,165,153,187,127,39,107,87,76,50,53,93,23,30,134,58,86,69,64,101,151,54,158,199,6,117,98,25,110,81,52,182,28,162,78,60,79,185,148,167,61,41,36,46,131,59,133,96,157,138,178,152,173,66,126,198,159,140,118,109,29,154,156,106,19,108,146,43,128,85,164,111,83,181,82,192,139,33,13,172,195,40,37,15,35,88,1,189,194,31,171,116,57,0,113,196,89,5,141,119,74,183,63,51,72,147,65,102,115,14,45,55,155,184,161,80,4,177,169,191,11,104,180,163,170,95,137,90,125,149,32,68,97,100,7,175,179,27,150,136,144,70,168,17,103,105,142,190,188,186,145,42,47,132,166,123,44];False
2298;8350;10648;[177,67,193,48,10,176,91,129,8,84,122,73,174,135,21,99,16,77,112,71,56,18,62,120,24,197,26,9,143,20,3,2,121,160,92,49,130,22,38,34,124,94,75,12,165,153,187,127,39,107,87,76,50,53,93,23,30,134,58,86,69,64,101,151,54,158,199,6,117,98,25,110,81,52,182,28,162,78,60,79,185,148,167,61,41,36,46,131,59,133,96,157,138,178,152,173,66,126,198,159,140,118,109,29,154,156,106,19,108,146,43,128,85,164,111,83,181,82,192,139,33,13,172,195,40,37,15,35,88,1,189,194,31,171,116,57,0,113,196,89,5,141,119,74,183,63,51,72,147,65,102,115,14,45,55,155,184,161,80,114,4,169,191,11,104,180,163,170,95,137,90,125,149,32,68,97,100,7,175,179,27,150,136,144,70,168,17,103,105,142,190,188,186,145,42,47,132,166,123,44];False
2309;8289;10598;[169,67,193,48,10,176,91,129,8,84,122,73,174,135,21,99,16,77,112,71,56,18,62,120,24,197,26,9,143,20,3,2,121,160,92,49,130,22,38,34,124,94,75,12,165,153,187,127,39,107,87,76,50,53,93,23,30,134,58,86,69,64,101,151,54,158,199,6,117,98,25,110,81,52,182,28,162,78,60,79,185,148,167,61,41,36,46,131,59,133,96,157,138,178,152,173,66,126,198,159,140,118,109,29,154,156,106,19,108,146,43,128,85,164,111,83,181,82,192,139,33,13,172,195,40,37,15,35,88,1,189,194,31,171,116,57,0,113,196,89,5,141,119,74,183,63,51,72,147,65,102,115,14,45,55,155,184,161,80,114,177,4,191,11,104,180,163,170,95,137,90,125,149,32,68,97,100,7,175,179,27,150,136,144,70,168,17,103,105,142,190,188,186,145,42,47,132,166,123,44];False
2325;8282;10607;[191,67,193,48,10,176,91,129,8,84,122,73,174,135,21,99,16,77,112,71,56,18,62,120,24,197,26,9,143,20,3,2,121,160,92,49,130,22,38,34,124,94,75,12,165,153,187,127,39,107,87,76,50,53,93,23,30,134,58,86,69,64,101,151,54,158,199,6,117,98,25,110,81,52,182,28,162,78,60,79,185,148,167,61,41,36,46,131,59,133,96,157,138,178,152,173,66,126,198,159,140,118,109,29,154,156,106,19,108,146,43,128,85,164,111,83,181,82,192,139,33,13,172,195,40,37,15,35,88,1,189,194,31,171,116,57,0,113,196,89,5,141,119,74,183,63,51,72,147,65,102,115,14,45,55,155,184,161,80,114,177,169,4,11,104,180,163,170,95,137,90,125,149,32,68,97,100,7,175,179,27,150,136,144,70,168,17,103,105,142,190,188,186,145,42,47,132,166,123,44];False
2378;8282;10660;[11,67,193,48,10,176,91,129,8,84,122,73,174,135,21,99,16,77,112,71,56,18,62,120,24,197,26,9,143,20,3,2,121,160,92,49,130,22,38,34,124,94,75,12,165,153,187,127,39,107,87,76,50,53,93,23,30,134,58,86,69,64,101,151,54,158,199,6,117,98,25,110,81,52,182,28,162,78,60,79,185,148,167,61,41,36,46,131,59,133,96,157,138,178,152,173,66,126,198,159,140,118,109,29,154,156,106,19,108,146,43,128,85,164,111,83,181,82,192,139,33,13,172,195,40,37,15,35,88,1,189,194,31,171,116,57,0,113,196,89,5,141,119,74,183,63,51,72,147,65,102,115,14,45,55,155,184,161,80,114,177,169,191,4,104,180,163,170,95,137,90,125,149,32,68,97,100,7,175,179,27,150,136,144,70,168,17,103,105,142,190,188,186,145,42,47,132,166,123,44];False
2310;8281;10591;[104,67,193,48,10,176,91,129,8,84,122,73,174,135,21,99,16,77,112,71,56,18,62,120,24,197,26,9,143,20,3,2,121,160,92,49,130,22,38,34,124,94,75,12,165,153,187,127,39,107,87,76,50,53,93,23,30,134,58,86,69,64,101,151,54,158,199,6,117,98,25,110,81,52,182,28,162,78,60,79,185,148,167,61,41,36,46,131,59,133,96,157,138,178,152,173,66,126,198,159,140,118,109,29,154,156,106,19,108,146,43,128,85,164,111,83,181,82,192,139,33,13,172,195,40,37,15,35,88,1,189,194,31,171,116,57,0,113,196,89,5,141,119,74,183,63,51,72,147,65,102,115,14,45,55,155,184,161,80,114,177,169,191,11,4,180,163,170,95,137,90,125,149,32,68,97,100,7,175,179,27,150,136,144,70,168,17,103,105,142,190,188,186,145,42,47,132,166,123,44];False
2279;8250;10529;[180,67,193,48,10,176,91,129,8,84,122,73,174,135,21,99,16,77,112,71,56,18,62,120,24,197,26,9,143,20,3,2,121,160,92,49,130,22,38,34,124,94,75,12,165,153,187,127,39,107,87,76,50,53,93,23,30,134,58,86,69,64,101,151,54,158,199,6,117,98,25,110,81,52,182,28,162,78,60,79,185,148,167,61,41,36,46,131,59,133,96,157,138,178,152,173,66,126,198,159,140,118,109,29,154,156,106,19,108,146,43,128,85,164,111,83,181,82,192,139,33,13,172,195,40,37,15,35,88,1,189,194,31,171,116,57,0,113,196,89,5,141,119,74,183,63,51,72,147,65,102,115,14,45,55,155,184,161,80,114,177,169,191,11,104,4,163,170,95,137,90,125,149,32,68,97,100,7,175,179,27,150,136,144,70,168,17,103,105,142,190,188,186,145,42,47,132,166,123,44];False
2343;8282;10625;[163,67,193,48,10,176,91,129,8,84,122,73,174,135,21,99,16,77,112,71,56,18,62,120,24,197,26,9,143,20,3,2,121,160,92,49,130,22,38,34,124,94,75,12,165,153,187,127,39,107,87,76,50,53,93,23,30,134,58,86,69,64,101,151,54,158,199,6,117,98,25,110,81,52,182,28,162,78,60,79,185,148,167,61,41,36,46,131,59,133,96,157,138,178,152,173,66,126,198,159,140,118,109,29,154,156,106,19,108,146,43,128,85,164,111,83,181,82,192,139,33,13,172,195,40,37,15,35,88,1,189,194,31,171,116,57,0,113,196,89,5,141,119,74,183,63,51,72,147,65,102,115,14,45,55,155,184,161,80,114,177,169,191,11,104,180,4,170,95,137,90,125,149,32,68,97,100,7,175,179,27,150,136,144,70,168,17,103,105,142,190,188,186,145,42,47,132,166,123,44];False
2319;8328;10647;[170,67,193,48,10,176,91,129,8,84,122,73,174,135,21,99,16,77,112,71,56,18,62,120,24,197,26,9,143,20,3,2,121,160,92,49,130,22,38,34,124,94,75,12,165,153,187,127,39,107,87,76,50,53,93,23,30,134,58,86,69,64,101,151,54,158,199,6,117,98,25,110,81,52,182,28,162,78,60,79,185,148,167,61,41,36,46,131,59,133,96,157,138,178,152,173,66,126,198,159,140,118,109,29,154,156,106,19,108,146,43,128,85,164,111,83,181,82,192,139,33,13,172,195,40,37,15,35,88,1,189,194,31,171,116,57,0,113,196,89,5,141,119,74,183,63,51,72,147,65,102,115,14,45,55,155,184,161,80,114,177,169,191,11,104,180,163,4,95,137,90,125,149,32,68,97,100,7,175,179,27,150,136,144,70,168,17,103,105,142,190,188,186,145,42,47,132,166,123,44];False
2313;8323;10636;[95,67,193,48,10,176,91,129,8,84,122,73,174,135,21,99,16,77,112,71,56,18,62,120,24,197,26,9,143,20,3,2,121,160,92,49,130,22,38,34,124,94,75,12,165,153,187,127,39,107,87,76,50,53,93,23,30,134,58,86,69,64,101,151,54,158,199,6,117,98,25,110,81,52,182,28,162,78,60,79,185,148,167,61,41,36,46,131,59,133,96,157,138,178,152,173,66,126,198,159,140,118,109,29,154,156,106,19,108,146,43,128,85,164,111,83,181,82,192,139,33,13,172,195,40,37,15,35,88,1,189,194,31,171,116,57,0,113,196,89,5,141,119,74,183,63,51,72,147,65,102,115,14,45,55,155,184,161,80,114,177,169,191,11,104,180,163,170,4,137,90,125,149,32,68,97,100,7,175,179,27,150,136,144,70,168,17,103,105,142,190,188,186,145,42,47,132,166,123,44];False
2336;8291;10627;[137,67,193,48,10,176,91,129,8,84,122,73,174,135,21,99,16,77,112,71,56,18,62,120,24,197,26,9,143,20,3,2,121,160,92,49,130,22,38,34,124,94,75,12,165,153,187,127,39,107,87,76,50,53,93,23,30,134,58,86,69,64,101,151,54,158,199,6,117,98,25,110,81,52,182,28,162,78,60,79,185,148,167,61,41,36,46,131,59,133,96,157,138,178,152,173,66,126,198,159,140,118,109,29,154,156,106,19,108,146,43,128,85,164,111,83,181,82,192,139,33,13,172,195,40,37,15,35,88,1,189,194,31,171,116,57,0,113,196,89,5,141,119,74,183,63,51,72,147,65,102,115,14,45,55,155,184,161,80,114,177,169,191,11,104,180,163,170,95,4,90,125,149,32,68,97,100,7,175,179,27,150,136,144,70,168,17,103,105,142,190,188,186,145,42,47,132,166,123,44];False
2331;8238;10569;[90,67,193,48,10,176,91,129,8,84,122,73,174,135,21,99,16,77,112,71,56,18,62,120,24,197,26,9,143,20,3,2,121,160,92,49,130,22,38,34,124,94,75,12,165,153,187,127,39,107,87,76,50,53,93,23,30,134,58,86,69,64,101,151,54,158,199,6,117,98,25,110,81,52,182,28,162,78,60,79,185,148,167,61,41,36,46,131,59,133,96,157,138,178,152,173,66,126,198,159,140,118,109,29,154,156,106,19,108,146,43,128,85,164,111,83,181,82,192,139,33,13,172,195,40,37,15,35,88,1,189,194,31,171,116,57,0,113,196,89,5,141,119,74,183,63,51,72,147,65,102,115,14,45,55,155,184,161,80,114,177,169,191,11,104,180,163,170,95,137,4,125,149,32,68,97,100,7,175,179,27,150,136,144,70,168,17,103,105,142,190,188,186,145,42,47,132,166,123,44];False
2379;8244;10623;[125,67,193,48,10,176,91,129,8,84,122,73,174,135,21,99,16,77,112,71,56,18,62,120,24,197,26,9,143,20,3,2,121,160,92,49,130,22,38,34,124,94,75,12,165,153,187,127,39,107,87,76,50,53,93,23,30,134,58,86,69,64,101,151,54,158,199,6,117,98,25,110,81,52,182,28,162,78,60,79,185,148,167,61,41,36,46,131,59,133,96,157,138,178,152,173,66,126,198,159,140,118,109,29,154,156,106,19,108,146,43,128,85,164,111,83,181,82,192,139,33,13,172,195,40,37,15,35,88,1,189,194,31,171,116,57,0,113,196,89,5,141,119,74,183,63,51,72,147,65,102,115,14,45,55,155,184,161,80,114,177,169,191,11,104,180,163,170,95,137,90,4,149,32,68,97,100,7,175,179,27,150,136,144,70,168,17,103,105,142,190,188,186,145,42,47,132,166,123,44];False
2341;8278;10619;[149,67,193,48,10,176,91,129,8,84,122,73,174,135,21,99,16,77,112,71,56,18,62,120,24,197,26,9,143,20,3,2,121,160,92,49,130,22,38,34,124,94,75,12,165,153,187,127,39,107,87,76,50,53,93,23,30,134,58,86,69,64,101,151,54,158,199,6,117,98,25,110,81,52,182,28,162,78,60,79,185,148,167,61,41,36,46,131,59,133,96,157,138,178,152,173,66,126,198,159,140,118,109,29,154,156,106,19,108,146,43,128,85,164,111,83,181,82,192,139,33,13,172,195,40,37,15,35,88,1,189,194,31,171,116,57,0,113,196,89,5,141,119,74,183,63,51,72,147,65,102,115,14,45,55,155,184,161,80,114,177,169,191,11,104,180,163,170,95,137,90,125,4,32,68,97,100,7,175,179,27,150,136,144,70,168,17,103,105,142,190,188,186,145,42,47,132,166,123,44];False
2352;8304;10656;[32,67,193,48,10,176,91,129,8,84,122,73,174,135,21,99,16,77,112,71,56,18,62,120,24,197,26,9,143,20,3,2,121,160,92,49,130,22,38,34,124,94,75,12,165,153,187,127,39,107,87,76,50,53,93,23,30,134,58,86,69,64,101,151,54,158,199,6,117,98,25,110,81,52,182,28,162,78,60,79,185,148,167,61,41,36,46,131,59,133,96,157,138,178,152,173,66,126,198,159,140,118,109,29,154,156,106,19,108,146,43,128,85,164,111,83,181,82,192,139,33,13,172,195,40,37,15,35,88,1,189,194,31,171,116,57,0,113,196,89,5,141,119,74,183,63,51,72,147,65,102,115,14,45,55,155,184,161,80,114,177,169,191,11,104,180,163,170,95,137,90,125,149,4,68,97,100,7,175,179,27,150,136,144,70,168,17,103,105,142,190,188,186,145,42,47,132,166,123,44];False
2343;8312;10655;[68,67,193,48,10,176,91,129,8,84,122,73,174,135,21,99,16,77,112,71,56,18,62,120,24,197,26,9,143,20,3,2,121,160,92,49,130,22,38,34,124,94,75,12,165,153,187,127,39,107,87,76,50,53,93,23,30,134,58,86,69,64,101,151,54,158,199,6,117,98,25,110,81,52,182,28,162,78,60,79,185,148,167,61,41,36,46,131,59,133,96,157,138,178,152,173,66,126,198,159,140,118,109,29,154,156,106,19,108,146,43,128,85,164,111,83,181,82,192,139,33,13,172,195,40,37,15,35,88,1,189,194,31,171,116,57,0,113,196,89,5,141,119,74,183,63,51,72,147,65,102,115,14,45,55,155,184,161,80,114,177,169,191,11,104,180,163,170,95,137,90,125,149,32,4,97,100,7,175,179,27,150,136,144,70,168,17,103,105,142,190,188,186,145,42,47,132,166,123,44];False
2311;8284;10595;[97,67,193,48,10,176,91,129,8,84,122,73,174,135,21,99,16,77,112,71,56,18,62,120,24,197,26,9,143,20,3,2,121,160,92,49,130,22,38,34,124,94,75,12,165,153,187,127,39,107,87,76,50,53,93,23,30,134,58,86,69,64,101,151,54,158,199,6,117,98,25,110,81,52,182,28,162,78,60,79,185,148,167,61,41,36,46,131,59,133,96,157,138,178,152,173,66,126,198,159,140,118,109,29,154,156,106,19,108,146,43,128,85,164,111,83,181,82,192,139,33,13,172,195,40,37,15,35,88,1,189,194,31,171,116,57,0,113,196,89,5,141,119,74,183,63,51,72,147,65,102,115,14,45,55,155,184,161,80,114,177,169,191,11,104,180,163,170,95,137,90,125,149,32,68,4,100,7,175,179,27,150,136,144,70,168,17,103,105,142,190,188,186,145,42,47,132,166,123,44];False
2309;8296;10605;[100,67,193,48,10,176,91,129,8,84,122,73,174,135,21,99,16,77,112,71,56,18,62,120,24,197,26,9,143,20,3,2,121,160,92,49,130,22,38,34,124,94,75,12,165,153,187,127,39,107,87,76,50,53,93,23,30,134,58,86,69,64,101,151,54,158,199,6,117,98,25,110,81,52,182,28,162,78,60,79,185,148,167,61,41,36,46,131,59,133,96,157,138,178,152,173,66,126,198,159,140,118,109,29,154,156,106,19,108,146,43,128,85,164,111,83,181,82,192,139,33,13,172,195,40,37,15,35,88,1,189,194,31,171,116,57,0,113,196,89,5,141,119,74,183,63,51,72,147,65,102,115,14,45,55,155,184,161,80,114,177,169,191,11,104,180,163,170,95,137,90,125,149,32,68,97,4,7,175,179,27,150,136,144,70,168,17,103,105,142,190,188,186,145,42,47,132,166,123,44];False
2453;8327;10780;[7,67,193,48,10,176,91,129,8,84,122,73,174,135,21,99,16,77,112,71,56,18,62,120,24,197,26,9,143,20,3,2,121,160,92,49,130,22,38,34,124,94,75,12,165,153,187,127,39,107,87,76,50,53,93,23,30,134,58,86,69,64,101,151,54,158,199,6,117,98,25,110,81,52,182,28,162,78,60,79,185,148,167,61,41,36,46,131,59,133,96,157,138,178,152,173,66,126,198,159,140,118,109,29,154,156,106,19,108,146,43,128,85,164,111,83,181,82,192,139,33,13,172,195,40,37,15,35,88,1,189,194,31,171,116,57,0,113,196,89,5,141,119,74,183,63,51,72,147,65,102,115,14,45,55,155,184,161,80,114,177,169,191,11,104,180,163,170,95,137,90,125,149,32,68,97,100,4,175,179,27,150,136,144,70,168,17,103,105,142,190,188,186,145,42,47,132,166,123,44];False
2362;8345;10707;[175,67,193,48,10,176,91,129,8,84,122,73,174,135,21,99,16,77,112,71,56,18,62,120,24,197,26,9,143,20,3,2,121,160,92,49,130,22,38,34,124,94,75,12,165,153,187,127,39,107,87,76,50,53,93,23,30,134,58,86,69,64,101,151,54,158,199,6,117,98,25,110,81,52,182,28,162,78,60,79,185,148,167,61,41,36,46,131,59,133,96,157,138,178,152,173,66,126,198,159,140,118,109,29,154,156,106,19,108,146,43,128,85,164,111,83,181,82,192,139,33,13,172,195,40,37,15,35,88,1,189,194,31,171,116,57,0,113,196,89,5,141,119,74,183,63,51,72,147,65,102,115,14,45,55,155,184,161,80,114,177,169,191,11,104,180,163,170,95,137,90,125,149,32,68,97,100,7,4,179,27,150,136,144,70,168,17,103,105,142,190,188,186,145,42,47,132,166,123,44];False
2283;8382;10665;[179,67,193,48,10,176,91,129,8,84,122,73,174,135,21,99,16,77,112,71,56,18,62,120,24,197,26,9,143,20,3,2,121,160,92,49,130,22,38,34,124,94,75,12,165,153,187,127,39,107,87,76,50,53,93,23,30,134,58,86,69,64,101,151,54,158,199,6,117,98,25,110,81,52,182,28,162,78,60,79,185,148,167,61,41,36,46,131,59,133,96,157,138,178,152,173,66,126,198,159,140,118,109,29,154,156,106,19,108,146,43,128,85,164,111,83,181,82,192,139,33,13,172,195,40,37,15,35,88,1,189,194,31,171,116,57,0,113,196,89,5,141,119,74,183,63,51,72,147,65,102,115,14,45,55,155,184,161,80,114,177,169,191,11,104,180,163,170,95,137,90,125,149,32,68,97,100,7,175,4,27,150,136,144,70,168,17,103,105,142,190,188,186,145,42,47,132,166,123,44];False
2432;8346;10778;[27,67,193,48,10,176,91,129,8,84,122,73,174,135,21,99,16,77,112,71,56,18,62,120,24,197,26,9,143,20,3,2,121,160,92,49,130,22,38,34,124,94,75,12,165,153,187,127,39,107,87,76,50,53,93,23,30,134,58,86,69,64,101,151,54,158,199,6,117,98,25,110,81,52,182,28,162,78,60,79,185,148,167,61,41,36,46,131,59,133,96,157,138,178,152,173,66,126,198,159,140,118,109,29,154,156,106,19,108,146,43,128,85,164,111,83,181,82,192,139,33,13,172,195,40,37,15,35,88,1,189,194,31,171,116,57,0,113,196,89,5,141,119,74,183,63,51,72,147,65,102,115,14,45,55,155,184,161,80,114,177,169,191,11,104,180,163,170,95,137,90,125,149,32,68,97,100,7,175,179,4,150,136,144,70,168,17,103,105,142,190,188,186,145,42,47,132,166,123,44];False
2334;8291;10625;[150,67,193,48,10,176,91,129,8,84,122,73,174,135,21,99,16,77,112,71,56,18,62,120,24,197,26,9,143,20,3,2,121,160,92,49,130,22,38,34,124,94,75,12,165,153,187,127,39,107,87,76,50,53,93,23,30,134,58,86,69,64,101,151,54,158,199,6,117,98,25,110,81,52,182,28,162,78,60,79,185,148,167,61,41,36,46,131,59,133,96,157,138,178,152,173,66,126,198,159,140,118,109,29,154,156,106,19,108,146,43,128,85,164,111,83,181,82,192,139,33,13,172,195,40,37,15,35,88,1,189,194,31,171,116,57,0,113,196,89,5,141,119,74,183,63,51,72,147,65,102,115,14,45,55,155,184,161,80,114,177,169,191,11,104,180,163,170,95,137,90,125,149,32,68,97,100,7,175,179,27,4,136,144,70,168,17,103,105,142,190,188,186,145,42,47,132,166,123,44];False
2218;8283;10501;[136,67,193,48,10,176,91,129,8,84,122,73,174,135,21,99,16,77,112,71,56,18,62,120,24,197,26,9,143,20,3,2,121,160,92,49,130,22,38,34,124,94,75,12,165,153,187,127,39,107,87,76,50,53,93,23,30,134,58,86,69,64,101,151,54,158,199,6,117,98,25,110,81,52,182,28,162,78,60,79,185,148,167,61,41,36,46,131,59,133,96,157,138,178,152,173,66,126,198,159,140,118,109,29,154,156,106,19,108,146,43,128,85,164,111,83,181,82,192,139,33,13,172,195,40,37,15,35,88,1,189,194,31,171,116,57,0,113,196,89,5,141,119,74,183,63,51,72,147,65,102,115,14,45,55,155,184,161,80,114,177,169,191,11,104,180,163,170,95,137,90,125,149,32,68,97,100,7,175,179,27,150,4,144,70,168,17,103,105,142,190,188,186,145,42,47,132,166,123,44];True
2322;8305;10627;[144,67,193,48,10,176,91,129,8,84,122,73,174,135,21,99,16,77,112,71,56,18,62,120,24,197,26,9,143,20,3,2,121,160,92,49,130,22,38,34,124,94,75,12,165,153,187,127,39,107,87,76,50,53,93,23,30,134,58,86,69,64,101,151,54,158,199,6,117,98,25,110,81,52,182,28,162,78,60,79,185,148,167,61,41,36,46,131,59,133,96,157,138,178,152,173,66,126,198,159,140,118,109,29,154,156,106,19,108,146,43,128,85,164,111,83,181,82,192,139,33,13,172,195,40,37,15,35,88,1,189,194,31,171,116,57,0,113,196,89,5,141,119,74,183,63,51,72,147,65,102,115,14,45,55,155,184,161,80,114,177,169,191,11,104,180,163,170,95,137,90,125,149,32,68,97,100,7,175,179,27,150,136,4,70,168,17,103,105,142,190,188,186,145,42,47,132,166,123,44];False
2385;8282;10667;[70,67,193,48,10,176,91,129,8,84,122,73,174,135,21,99,16,77,112,71,56,18,62,120,24,197,26,9,143,20,3,2,121,160,92,49,130,22,38,34,124,94,75,12,165,153,187,127,39,107,87,76,50,53,93,23,30,134,58,86,69,64,101,151,54,158,199,6,117,98,25,110,81,52,182,28,162,78,60,79,185,148,167,61,41,36,46,131,59,133,96,157,138,178,152,173,66,126,198,159,140,118,109,29,154,156,106,19,108,146,43,128,85,164,111,83,181,82,192,139,33,13,172,195,40,37,15,35,88,1,189,194,31,171,116,57,0,113,196,89,5,141,119,74,183,63,51,72,147,65,102,115,14,45,55,155,184,161,80,114,177,169,191,11,104,180,163,170,95,137,90,125,149,32,68,97,100,7,175,179,27,150,136,144,4,168,17,103,105,142,190,188,186,145,42,47,132,166,123,44];False
2456;8270;10726;[168,67,193,48,10,176,91,129,8,84,122,73,174,135,21,99,16,77,112,71,56,18,62,120,24,197,26,9,143,20,3,2,121,160,92,49,130,22,38,34,124,94,75,12,165,153,187,127,39,107,87,76,50,53,93,23,30,134,58,86,69,64,101,151,54,158,199,6,117,98,25,110,81,52,182,28,162,78,60,79,185,148,167,61,41,36,46,131,59,133,96,157,138,178,152,173,66,126,198,159,140,118,109,29,154,156,106,19,108,146,43,128,85,164,111,83,181,82,192,139,33,13,172,195,40,37,15,35,88,1,189,194,31,171,116,57,0,113,196,89,5,141,119,74,183,63,51,72,147,65,102,115,14,45,55,155,184,161,80,114,177,169,191,11,104,180,163,170,95,137,90,125,149,32,68,97,100,7,175,179,27,150,136,144,70,4,17,103,105,142,190,188,186,145,42,47,132,166,123,44];False
2383;8261;10644;[17,67,193,48,10,176,91,129,8,84,122,73,174,135,21,99,16,77,112,71,56,18,62,120,24,197,26,9,143,20,3,2,121,160,92,49,130,22,38,34,124,94,75,12,165,153,187,127,39,107,87,76,50,53,93,23,30,134,58,86,69,64,101,151,54,158,199,6,117,98,25,110,81,52,182,28,162,78,60,79,185,148,167,61,41,36,46,131,59,133,96,157,138,178,152,173,66,126,198,159,140,118,109,29,154,156,106,19,108,146,43,128,85,164,111,83,181,82,192,139,33,13,172,195,40,37,15,35,88,1,189,194,31,171,116,57,0,113,196,89,5,141,119,74,183,63,51,72,147,65,102,115,14,45,55,155,184,161,80,114,177,169,191,11,104,180,163,170,95,137,90,125,149,32,68,97,100,7,175,179,27,150,136,144,70,168,4,103,105,142,190,188,186,145,42,47,132,166,123,44];False
2397;8270;10667;[103,67,193,48,10,176,91,129,8,84,122,73,174,135,21,99,16,77,112,71,56,18,62,120,24,197,26,9,143,20,3,2,121,160,92,49,130,22,38,34,124,94,75,12,165,153,187,127,39,107,87,76,50,53,93,23,30,134,58,86,69,64,101,151,54,158,199,6,117,98,25,110,81,52,182,28,162,78,60,79,185,148,167,61,41,36,46,131,59,133,96,157,138,178,152,173,66,126,198,159,140,118,109,29,154,156,106,19,108,146,43,128,85,164,111,83,181,82,192,139,33,13,172,195,40,37,15,35,88,1,189,194,31,171,116,57,0,113,196,89,5,141,119,74,183,63,51,72,147,65,102,115,14,45,55,155,184,161,80,114,177,169,191,11,104,180,163,170,95,137,90,125,149,32,68,97,100,7,175,179,27,150,136,144,70,168,17,4,105,142,190,188,186,145,42,47,132,166,123,44];False
2399;8303;10702;[105,67,193,48,10,176,91,129,8,84,122,73,174,135,21,99,16,77,112,71,56,18,62,120,24,197,26,9,143,20,3,2,121,160,92,49,130,22,38,34,124,94,75,12,165,153,187,127,39,107,87,76,50,53,93,23,30,134,58,86,69,64,101,151,54,158,199,6,117,98,25,110,81,52,182,28,162,78,60,79,185,148,167,61,41,36,46,131,59,133,96,157,138,178,152,173,66,126,198,159,140,118,109,29,154,156,106,19,108,146,43,128,85,164,111,83,181,82,192,139,33,13,172,195,40,37,15,35,88,1,189,194,31,171,116,57,0,113,196,89,5,141,119,74,183,63,51,72,147,65,102,115,14,45,55,155,184,161,80,114,177,169,191,11,104,180,163,170,95,137,90,125,149,32,68,97,100,7,175,179,27,150,136,144,70,168,17,103,4,142,190,188,186,145,42,47,132,166,123,44];False
2258;8256;10514;[142,67,193,48,10,176,91,129,8,84,122,73,174,135,21,99,16,77,112,71,56,18,62,120,24,197,26,9,143,20,3,2,121,160,92,49,130,22,38,34,124,94,75,12,165,153,187,127,39,107,87,76,50,53,93,23,30,134,58,86,69,64,101,151,54,158,199,6,117,98,25,110,81,52,182,28,162,78,60,79,185,148,167,61,41,36,46,131,59,133,96,157,138,178,152,173,66,126,198,159,140,118,109,29,154,156,106,19,108,146,43,128,85,164,111,83,181,82,192,139,33,13,172,195,40,37,15,35,88,1,189,194,31,171,116,57,0,113,196,89,5,141,119,74,183,63,51,72,147,65,102,115,14,45,55,155,184,161,80,114,177,169,191,11,104,180,163,170,95,137,90,125,149,32,68,97,100,7,175,179,27,150,136,144,70,168,17,103,105,4,190,188,186,145,42,47,132,166,123,44];False
2281;8271;10552;[190,67,193,48,10,176,91,129,8,84,122,73,174,135,21,99,16,77,112,71,56,18,62,120,24,197,26,9,143,20,3,2,121,160,92,49,130,22,38,34,124,94,75,12,165,153,187,127,39,107,87,76,50,53,93,23,30,134,58,86,69,64,101,151,54,158,199,6,117,98,25,110,81,52,182,28,162,78,60,79,185,148,167,61,41,36,46,131,59,133,96,157,138,178,152,173,66,126,198,159,140,118,109,29,154,156,106,19,108,146,43,128,85,164,111,83,181,82,192,139,33,13,172,195,40,37,15,35,88,1,189,194,31,171,116,57,0,113,196,89,5,141,119,74,183,63,51,72,147,65,102,115,14,45,55,155,184,161,80,114,177,169,191,11,104,180,163,170,95,137,90,125,149,32,68,97,100,7,175,179,27,150,136,144,70,168,17,103,105,142,4,188,186,145,42,47,132,166,123,44];False
2381;8271;10652;[188,67,193,48,10,176,91,129,8,84,122,73,174,135,21,99,16,77,112,71,56,18,62,120,24,197,26,9,143,20,3,2,121,160,92,49,130,22,38,34,124,94,75,12,165,153,187,127,39,107,87,76,50,53,93,23,30,134,58,86,69,64,101,151,54,158,199,6,117,98,25,110,81,52,182,28,162,78,60,79,185,148,167,61,41,36,46,131,59,133,96,157,138,178,152,173,66,126,198,159,140,118,109,29,154,156,106,19,108,146,43,128,85,164,111,83,181,82,192,139,33,13,172,195,40,37,15,35,88,1,189,194,31,171,116,57,0,113,196,89,5,141,119,74,183,63,51,72,147,65,102,115,14,45,55,155,184,161,80,114,177,169,191,11,104,180,163,170,95,137,90,125,149,32,68,97,100,7,175,179,27,150,136,144,70,168,17,103,105,142,190,4,186,145,42,47,132,166,123,44];False
2287;8280;10567;[186,67,193,48,10,176,91,129,8,84,122,73,174,135,21,99,16,77,112,71,56,18,62,120,24,197,26,9,143,20,3,2,121,160,92,49,130,22,38,34,124,94,75,12,165,153,187,127,39,107,87,76,50,53,93,23,30,134,58,86,69,64,101,151,54,158,199,6,117,98,25,110,81,52,182,28,162,78,60,79,185,148,167,61,41,36,46,131,59,133,96,157,138,178,152,173,66,126,198,159,140,118,109,29,154,156,106,19,108,146,43,128,85,164,111,83,181,82,192,139,33,13,172,195,40,37,15,35,88,1,189,194,31,171,116,57,0,113,196,89,5,141,119,74,183,63,51,72,147,65,102,115,14,45,55,155,184,161,80,114,177,169,191,11,104,180,163,170,95,137,90,125,149,32,68,97,100,7,175,179,27,150,136,144,70,168,17,103,105,142,190,188,4,145,42,47,132,166,123,44];False
2298;8287;10585;[145,67,193,48,10,176,91,129,8,84,122,73,174,135,21,99,16,77,112,71,56,18,62,120,24,197,26,9,143,20,3,2,121,160,92,49,130,22,38,34,124,94,75,12,165,153,187,127,39,107,87,76,50,53,93,23,30,134,58,86,69,64,101,151,54,158,199,6,117,98,25,110,81,52,182,28,162,78,60,79,185,148,167,61,41,36,46,131,59,133,96,157,138,178,152,173,66,126,198,159,140,118,109,29,154,156,106,19,108,146,43,128,85,164,111,83,181,82,192,139,33,13,172,195,40,37,15,35,88,1,189,194,31,171,116,57,0,113,196,89,5,141,119,74,183,63,51,72,147,65,102,115,14,45,55,155,184,161,80,114,177,169,191,11,104,180,163,170,95,137,90,125,149,32,68,97,100,7,175,179,27,150,136,144,70,168,17,103,105,142,190,188,186,4,42,47,132,166,123,44];False
2365;8351;10716;[42,67,193,48,10,176,91,129,8,84,122,73,174,135,21,99,16,77,112,71,56,18,62,120,24,197,26,9,143,20,3,2,121,160,92,49,130,22,38,34,124,94,75,12,165,153,187,127,39,107,87,76,50,53,93,23,30,134,58,86,69,64,101,151,54,158,199,6,117,98,25,110,81,52,182,28,162,78,60,79,185,148,167,61,41,36,46,131,59,133,96,157,138,178,152,173,66,126,198,159,140,118,109,29,154,156,106,19,108,146,43,128,85,164,111,83,181,82,192,139,33,13,172,195,40,37,15,35,88,1,189,194,31,171,116,57,0,113,196,89,5,141,119,74,183,63,51,72,147,65,102,115,14,45,55,155,184,161,80,114,177,169,191,11,104,180,163,170,95,137,90,125,149,32,68,97,100,7,175,179,27,150,136,144,70,168,17,103,105,142,190,188,186,145,4,47,132,166,123,44];False
2359;8373;10732;[47,67,193,48,10,176,91,129,8,84,122,73,174,135,21,99,16,77,112,71,56,18,62,120,24,197,26,9,143,20,3,2,121,160,92,49,130,22,38,34,124,94,75,12,165,153,187,127,39,107,87,76,50,53,93,23,30,134,58,86,69,64,101,151,54,158,199,6,117,98,25,110,81,52,182,28,162,78,60,79,185,148,167,61,41,36,46,131,59,133,96,157,138,178,152,173,66,126,198,159,140,118,109,29,154,156,106,19,108,146,43,128,85,164,111,83,181,82,192,139,33,13,172,195,40,37,15,35,88,1,189,194,31,171,116,57,0,113,196,89,5,141,119,74,183,63,51,72,147,65,102,115,14,45,55,155,184,161,80,114,177,169,191,11,104,180,163,170,95,137,90,125,149,32,68,97,100,7,175,179,27,150,136,144,70,168,17,103,105,142,190,188,186,145,42,4,132,166,123,44];False
2331;8325;10656;[132,67,193,48,10,176,91,129,8,84,122,73,174,135,21,99,16,77,112,71,56,18,62,120,24,197,26,9,143,20,3,2,121,160,92,49,130,22,38,34,124,94,75,12,165,153,187,127,39,107,87,76,50,53,93,23,30,134,58,86,69,64,101,151,54,158,199,6,117,98,25,110,81,52,182,28,162,78,60,79,185,148,167,61,41,36,46,131,59,133,96,157,138,178,152,173,66,126,198,159,140,118,109,29,154,156,106,19,108,146,43,128,85,164,111,83,181,82,192,139,33,13,172,195,40,37,15,35,88,1,189,194,31,171,116,57,0,113,196,89,5,141,119,74,183,63,51,72,147,65,102,115,14,45,55,155,184,161,80,114,177,169,191,11,104,180,163,170,95,137,90,125,149,32,68,97,100,7,175,179,27,150,136,144,70,168,17,103,105,142,190,188,186,145,42,47,4,166,123,44];False
2391;8310;10701;[166,67,193,48,10,176,91,129,8,84,122,73,174,135,21,99,16,77,112,71,56,18,62,120,24,197,26,9,143,20,3,2,121,160,92,49,130,22,38,34,124,94,75,12,165,153,187,127,39,107,87,76,50,53,93,23,30,134,58,86,69,64,101,151,54,158,199,6,117,98,25,110,81,52,182,28,162,78,60,79,185,148,167,61,41,36,46,131,59,133,96,157,138,178,152,173,66,126,198,159,140,118,109,29,154,156,106,19,108,146,43,128,85,164,111,83,181,82,192,139,33,13,172,195,40,37,15,35,88,1,189,194,31,171,116,57,0,113,196,89,5,141,119,74,183,63,51,72,147,65,102,115,14,45,55,155,184,161,80,114,177,169,191,11,104,180,163,170,95,137,90,125,149,32,68,97,100,7,175,179,27,150,136,144,70,168,17,103,105,142,190,188,186,145,42,47,132,4,123,44];False
2376;8294;10670;[123,67,193,48,10,176,91,129,8,84,122,73,174,135,21,99,16,77,112,71,56,18,62,120,24,197,26,9,143,20,3,2,121,160,92,49,130,22,38,34,124,94,75,12,165,153,187,127,39,107,87,76,50,53,93,23,30,134,58,86,69,64,101,151,54,158,199,6,117,98,25,110,81,52,182,28,162,78,60,79,185,148,167,61,41,36,46,131,59,133,96,157,138,178,152,173,66,126,198,159,140,118,109,29,154,156,106,19,108,146,43,128,85,164,111,83,181,82,192,139,33,13,172,195,40,37,15,35,88,1,189,194,31,171,116,57,0,113,196,89,5,141,119,74,183,63,51,72,147,65,102,115,14,45,55,155,184,161,80,114,177,169,191,11,104,180,163,170,95,137,90,125,149,32,68,97,100,7,175,179,27,150,136,144,70,168,17,103,105,142,190,188,186,145,42,47,132,166,4,44];False
2341;8270;10611;[44,67,193,48,10,176,91,129,8,84,122,73,174,135,21,99,16,77,112,71,56,18,62,120,24,197,26,9,143,20,3,2,121,160,92,49,130,22,38,34,124,94,75,12,165,153,187,127,39,107,87,76,50,53,93,23,30,134,58,86,69,64,101,151,54,158,199,6,117,98,25,110,81,52,182,28,162,78,60,79,185,148,167,61,41,36,46,131,59,133,96,157,138,178,152,173,66,126,198,159,140,118,109,29,154,156,106,19,108,146,43,128,85,164,111,83,181,82,192,139,33,13,172,195,40,37,15,35,88,1,189,194,31,171,116,57,0,113,196,89,5,141,119,74,183,63,51,72,147,65,102,115,14,45,55,155,184,161,80,114,177,169,191,11,104,180,163,170,95,137,90,125,149,32,68,97,100,7,175,179,27,150,136,144,70,168,17,103,105,142,190,188,186,145,42,47,132,166,123,4];False
2255;8270;10525;[4,193,67,48,10,176,91,129,8,84,122,73,174,135,21,99,16,77,112,71,56,18,62,120,24,197,26,9,143,20,3,2,121,160,92,49,130,22,38,34,124,94,75,12,165,153,187,127,39,107,87,76,50,53,93,23,30,134,58,86,69,64,101,151,54,158,199,6,117,98,25,110,81,52,182,28,162,78,60,79,185,148,167,61,41,36,46,131,59,133,96,157,138,178,152,173,66,126,198,159,140,118,109,29,154,156,106,19,108,146,43,128,85,164,111,83,181,82,192,139,33,13,172,195,40,37,15,35,88,1,189,194,31,171,116,57,0,113,196,89,5,141,119,74,183,63,51,72,147,65,102,115,14,45,55,155,184,161,80,114,177,169,191,11,104,180,163,170,95,137,90,125,149,32,68,97,100,7,175,179,27,150,136,144,70,168,17,103,105,142,190,188,186,145,42,47,132,166,123,44];False
2279;8271;10550;[4,67,48,193,10,176,91,129,8,84,122,73,174,135,21,99,16,77,112,71,56,18,62,120,24,197,26,9,143,20,3,2,121,160,92,49,130,22,38,34,124,94,75,12,165,153,187,127,39,107,87,76,50,53,93,23,30,134,58,86,69,64,101,151,54,158,199,6,117,98,25,110,81,52,182,28,162,78,60,79,185,148,167,61,41,36,46,131,59,133,96,157,138,178,152,173,66,126,198,159,140,118,109,29,154,156,106,19,108,146,43,128,85,164,111,83,181,82,192,139,33,13,172,195,40,37,15,35,88,1,189,194,31,171,116,57,0,113,196,89,5,141,119,74,183,63,51,72,147,65,102,115,14,45,55,155,184,161,80,114,177,169,191,11,104,180,163,170,95,137,90,125,149,32,68,97,100,7,175,179,27,150,136,144,70,168,17,103,105,142,190,188,186,145,42,47,132,166,123,44];False
2336;8274;10610;[4,67,193,10,48,176,91,129,8,84,122,73,174,135,21,99,16,77,112,71,56,18,62,120,24,197,26,9,143,20,3,2,121,160,92,49,130,22,38,34,124,94,75,12,165,153,187,127,39,107,87,76,50,53,93,23,30,134,58,86,69,64,101,151,54,158,199,6,117,98,25,110,81,52,182,28,162,78,60,79,185,148,167,61,41,36,46,131,59,133,96,157,138,178,152,173,66,126,198,159,140,118,109,29,154,156,106,19,108,146,43,128,85,164,111,83,181,82,192,139,33,13,172,195,40,37,15,35,88,1,189,194,31,171,116,57,0,113,196,89,5,141,119,74,183,63,51,72,147,65,102,115,14,45,55,155,184,161,80,114,177,169,191,11,104,180,163,170,95,137,90,125,149,32,68,97,100,7,175,179,27,150,136,144,70,168,17,103,105,142,190,188,186,145,42,47,132,166,123,44];False
2294;8273;10567;[4,67,193,48,176,10,91,129,8,84,122,73,174,135,21,99,16,77,112,71,56,18,62,120,24,197,26,9,143,20,3,2,121,160,92,49,130,22,38,34,124,94,75,12,165,153,187,127,39,107,87,76,50,53,93,23,30,134,58,86,69,64,101,151,54,158,199,6,117,98,25,110,81,52,182,28,162,78,60,79,185,148,167,61,41,36,46,131,59,133,96,157,138,178,152,173,66,126,198,159,140,118,109,29,154,156,106,19,108,146,43,128,85,164,111,83,181,82,192,139,33,13,172,195,40,37,15,35,88,1,189,194,31,171,116,57,0,113,196,89,5,141,119,74,183,63,51,72,147,65,102,115,14,45,55,155,184,161,80,114,177,169,191,11,104,180,163,170,95,137,90,125,149,32,68,97,100,7,175,179,27,150,136,144,70,168,17,103,105,142,190,188,186,145,42,47,132,166,123,44];False
2258;8259;10517;[4,67,193,48,10,91,176,129,8,84,122,73,174,135,21,99,16,77,112,71,56,18,62,120,24,197,26,9,143,20,3,2,121,160,92,49,130,22,38,34,124,94,75,12,165,153,187,127,39,107,87,76,50,53,93,23,30,134,58,86,69,64,101,151,54,158,199,6,117,98,25,110,81,52,182,28,162,78,60,79,185,148,167,61,41,36,46,131,59,133,96,157,138,178,152,173,66,126,198,159,140,118,109,29,154,156,106,19,108,146,43,128,85,164,111,83,181,82,192,139,33,13,172,195,40,37,15,35,88,1,189,194,31,171,116,57,0,113,196,89,5,141,119,74,183,63,51,72,147,65,102,115,14,45,55,155,184,161,80,114,177,169,191,11,104,180,163,170,95,137,90,125,149,32,68,97,100,7,175,179,27,150,136,144,70,168,17,103,105,142,190,188,186,145,42,47,132,166,123,44];False
2315;8281;10596;[4,67,193,48,10,176,129,91,8,84,122,73,174,135,21,99,16,77,112,71,56,18,62,120,24,197,26,9,143,20,3,2,121,160,92,49,130,22,38,34,124,94,75,12,165,153,187,127,39,107,87,76,50,53,93,23,30,134,58,86,69,64,101,151,54,158,199,6,117,98,25,110,81,52,182,28,162,78,60,79,185,148,167,61,41,36,46,131,59,133,96,157,138,178,152,173,66,126,198,159,140,118,109,29,154,156,106,19,108,146,43,128,85,164,111,83,181,82,192,139,33,13,172,195,40,37,15,35,88,1,189,194,31,171,116,57,0,113,196,89,5,141,119,74,183,63,51,72,147,65,102,115,14,45,55,155,184,161,80,114,177,169,191,11,104,180,163,170,95,137,90,125,149,32,68,97,100,7,175,179,27,150,136,144,70,168,17,103,105,142,190,188,186,145,42,47,132,166,123,44];False
2378;8292;10670;[4,67,193,48,10,176,91,8,129,84,122,73,174,135,21,99,16,77,112,71,56,18,62,120,24,197,26,9,143,20,3,2,121,160,92,49,130,22,38,34,124,94,75,12,165,153,187,127,39,107,87,76,50,53,93,23,30,134,58,86,69,64,101,151,54,158,199,6,117,98,25,110,81,52,182,28,162,78,60,79,185,148,167,61,41,36,46,131,59,133,96,157,138,178,152,173,66,126,198,159,140,118,109,29,154,156,106,19,108,146,43,128,85,164,111,83,181,82,192,139,33,13,172,195,40,37,15,35,88,1,189,194,31,171,116,57,0,113,196,89,5,141,119,74,183,63,51,72,147,65,102,115,14,45,55,155,184,161,80,114,177,169,191,11,104,180,163,170,95,137,90,125,149,32,68,97,100,7,175,179,27,150,136,144,70,168,17,103,105,142,190,188,186,145,42,47,132,166,123,44];False
2375;8307;10682;[4,67,193,48,10,176,91,129,84,8,122,73,174,135,21,99,16,77,112,71,56,18,62,120,24,197,26,9,143,20,3,2,121,160,92,49,130,22,38,34,124,94,75,12,165,153,187,127,39,107,87,76,50,53,93,23,30,134,58,86,69,64,101,151,54,158,199,6,117,98,25,110,81,52,182,28,162,78,60,79,185,148,167,61,41,36,46,131,59,133,96,157,138,178,152,173,66,126,198,159,140,118,109,29,154,156,106,19,108,146,43,128,85,164,111,83,181,82,192,139,33,13,172,195,40,37,15,35,88,1,189,194,31,171,116,57,0,113,196,89,5,141,119,74,183,63,51,72,147,65,102,115,14,45,55,155,184,161,80,114,177,169,191,11,104,180,163,170,95,137,90,125,149,32,68,97,100,7,175,179,27,150,136,144,70,168,17,103,105,142,190,188,186,145,42,47,132,166,123,44];False
2362;8287;10649;[4,67,193,48,10,176,91,129,8,122,84,73,174,135,21,99,16,77,112,71,56,18,62,120,24,197,26,9,143,20,3,2,121,160,92,49,130,22,38,34,124,94,75,12,165,153,187,127,39,107,87,76,50,53,93,23,30,134,58,86,69,64,101,151,54,158,199,6,117,98,25,110,81,52,182,28,162,78,60,79,185,148,167,61,41,36,46,131,59,133,96,157,138,178,152,173,66,126,198,159,140,118,109,29,154,156,106,19,108,146,43,128,85,164,111,83,181,82,192,139,33,13,172,195,40,37,15,35,88,1,189,194,31,171,116,57,0,113,196,89,5,141,119,74,183,63,51,72,147,65,102,115,14,45,55,155,184,161,80,114,177,169,191,11,104,180,163,170,95,137,90,125,149,32,68,97,100,7,175,179,27,150,136,144,70,168,17,103,105,142,190,188,186,145,42,47,132,166,123,44];False
2325;8307;10632;[4,67,193,48,10,176,91,129,8,84,73,122,174,135,21,99,16,77,112,71,56,18,62,120,24,197,26,9,143,20,3,2,121,160,92,49,130,22,38,34,124,94,75,12,165,153,187,127,39,107,87,76,50,53,93,23,30,134,58,86,69,64,101,151,54,158,199,6,117,98,25,110,81,52,182,28,162,78,60,79,185,148,167,61,41,36,46,131,59,133,96,157,138,178,152,173,66,126,198,159,140,118,109,29,154,156,106,19,108,146,43,128,85,164,111,83,181,82,192,139,33,13,172,195,40,37,15,35,88,1,189,194,31,171,116,57,0,113,196,89,5,141,119,74,183,63,51,72,147,65,102,115,14,45,55,155,184,161,80,114,177,169,191,11,104,180,163,170,95,137,90,125,149,32,68,97,100,7,175,179,27,150,136,144,70,168,17,103,105,142,190,188,186,145,42,47,132,166,123,44];False
2334;8281;10615;[4,67,193,48,10,176,91,129,8,84,122,174,73,135,21,99,16,77,112,71,56,18,62,120,24,197,26,9,143,20,3,2,121,160,92,49,130,22,38,34,124,94,75,12,165,153,187,127,39,107,87,76,50,53,93,23,30,134,58,86,69,64,101,151,54,158,199,6,117,98,25,110,81,52,182,28,162,78,60,79,185,148,167,61,41,36,46,131,59,133,96,157,138,178,152,173,66,126,198,159,140,118,109,29,154,156,106,19,108,146,43,128,85,164,111,83,181,82,192,139,33,13,172,195,40,37,15,35,88,1,189,194,31,171,116,57,0,113,196,89,5,141,119,74,183,63,51,72,147,65,102,115,14,45,55,155,184,161,80,114,177,169,191,11,104,180,163,170,95,137,90,125,149,32,68,97,100,7,175,179,27,150,136,144,70,168,17,103,105,142,190,188,186,145,42,47,132,166,123,44];False
2362;8281;10643;[4,67,193,48,10,176,91,129,8,84,122,73,135,174,21,99,16,77,112,71,56,18,62,120,24,197,26,9,143,20,3,2,121,160,92,49,130,22,38,34,124,94,75,12,165,153,187,127,39,107,87,76,50,53,93,23,30,134,58,86,69,64,101,151,54,158,199,6,117,98,25,110,81,52,182,28,162,78,60,79,185,148,167,61,41,36,46,131,59,133,96,157,138,178,152,173,66,126,198,159,140,118,109,29,154,156,106,19,108,146,43,128,85,164,111,83,181,82,192,139,33,13,172,195,40,37,15,35,88,1,189,194,31,171,116,57,0,113,196,89,5,141,119,74,183,63,51,72,147,65,102,115,14,45,55,155,184,161,80,114,177,169,191,11,104,180,163,170,95,137,90,125,149,32,68,97,100,7,175,179,27,150,136,144,70,168,17,103,105,142,190,188,186,145,42,47,132,166,123,44];False
2234;8281;10515;[4,67,193,48,10,176,91,129,8,84,122,73,174,21,135,99,16,77,112,71,56,18,62,120,24,197,26,9,143,20,3,2,121,160,92,49,130,22,38,34,124,94,75,12,165,153,187,127,39,107,87,76,50,53,93,23,30,134,58,86,69,64,101,151,54,158,199,6,117,98,25,110,81,52,182,28,162,78,60,79,185,148,167,61,41,36,46,131,59,133,96,157,138,178,152,173,66,126,198,159,140,118,109,29,154,156,106,19,108,146,43,128,85,164,111,83,181,82,192,139,33,13,172,195,40,37,15,35,88,1,189,194,31,171,116,57,0,113,196,89,5,141,119,74,183,63,51,72,147,65,102,115,14,45,55,155,184,161,80,114,177,169,191,11,104,180,163,170,95,137,90,125,149,32,68,97,100,7,175,179,27,150,136,144,70,168,17,103,105,142,190,188,186,145,42,47,132,166,123,44];False
2348;8256;10604;[4,67,193,48,10,176,91,129,8,84,122,73,174,135,99,21,16,77,112,71,56,18,62,120,24,197,26,9,143,20,3,2,121,160,92,49,130,22,38,34,124,94,75,12,165,153,187,127,39,107,87,76,50,53,93,23,30,134,58,86,69,64,101,151,54,158,199,6,117,98,25,110,81,52,182,28,162,78,60,79,185,148,167,61,41,36,46,131,59,133,96,157,138,178,152,173,66,126,198,159,140,118,109,29,154,156,106,19,108,146,43,128,85,164,111,83,181,82,192,139,33,13,172,195,40,37,15,35,88,1,189,194,31,171,116,57,0,113,196,89,5,141,119,74,183,63,51,72,147,65,102,115,14,45,55,155,184,161,80,114,177,169,191,11,104,180,163,170,95,137,90,125,149,32,68,97,100,7,175,179,27,150,136,144,70,168,17,103,105,142,190,188,186,145,42,47,132,166,123,44];False
2342;8285;10627;[4,67,193,48,10,176,91,129,8,84,122,73,174,135,21,16,99,77,112,71,56,18,62,120,24,197,26,9,143,20,3,2,121,160,92,49,130,22,38,34,124,94,75,12,165,153,187,127,39,107,87,76,50,53,93,23,30,134,58,86,69,64,101,151,54,158,199,6,117,98,25,110,81,52,182,28,162,78,60,79,185,148,167,61,41,36,46,131,59,133,96,157,138,178,152,173,66,126,198,159,140,118,109,29,154,156,106,19,108,146,43,128,85,164,111,83,181,82,192,139,33,13,172,195,40,37,15,35,88,1,189,194,31,171,116,57,0,113,196,89,5,141,119,74,183,63,51,72,147,65,102,115,14,45,55,155,184,161,80,114,177,169,191,11,104,180,163,170,95,137,90,125,149,32,68,97,100,7,175,179,27,150,136,144,70,168,17,103,105,142,190,188,186,145,42,47,132,166,123,44];False
2286;8308;10594;[4,67,193,48,10,176,91,129,8,84,122,73,174,135,21,99,77,16,112,71,56,18,62,120,24,197,26,9,143,20,3,2,121,160,92,49,130,22,38,34,124,94,75,12,165,153,187,127,39,107,87,76,50,53,93,23,30,134,58,86,69,64,101,151,54,158,199,6,117,98,25,110,81,52,182,28,162,78,60,79,185,148,167,61,41,36,46,131,59,133,96,157,138,178,152,173,66,126,198,159,140,118,109,29,154,156,106,19,108,146,43,128,85,164,111,83,181,82,192,139,33,13,172,195,40,37,15,35,88,1,189,194,31,171,116,57,0,113,196,89,5,141,119,74,183,63,51,72,147,65,102,115,14,45,55,155,184,161,80,114,177,169,191,11,104,180,163,170,95,137,90,125,149,32,68,97,100,7,175,179,27,150,136,144,70,168,17,103,105,142,190,188,186,145,42,47,132,166,123,44];False
2357;8272;10629;[4,67,193,48,10,176,91,129,8,84,122,73,174,135,21,99,16,112,77,71,56,18,62,120,24,197,26,9,143,20,3,2,121,160,92,49,130,22,38,34,124,94,75,12,165,153,187,127,39,107,87,76,50,53,93,23,30,134,58,86,69,64,101,151,54,158,199,6,117,98,25,110,81,52,182,28,162,78,60,79,185,148,167,61,41,36,46,131,59,133,96,157,138,178,152,173,66,126,198,159,140,118,109,29,154,156,106,19,108,146,43,128,85,164,111,83,181,82,192,139,33,13,172,195,40,37,15,35,88,1,189,194,31,171,116,57,0,113,196,89,5,141,119,74,183,63,51,72,147,65,102,115,14,45,55,155,184,161,80,114,177,169,191,11,104,180,163,170,95,137,90,125,149,32,68,97,100,7,175,179,27,150,136,144,70,168,17,103,105,142,190,188,186,145,42,47,132,166,123,44];False
2317;8285;10602;[4,67,193,48,10,176,91,129,8,84,122,73,174,135,21,99,16,77,71,112,56,18,62,120,24,197,26,9,143,20,3,2,121,160,92,49,130,22,38,34,124,94,75,12,165,153,187,127,39,107,87,76,50,53,93,23,30,134,58,86,69,64,101,151,54,158,199,6,117,98,25,110,81,52,182,28,162,78,60,79,185,148,167,61,41,36,46,131,59,133,96,157,138,178,152,173,66,126,198,159,140,118,109,29,154,156,106,19,108,146,43,128,85,164,111,83,181,82,192,139,33,13,172,195,40,37,15,35,88,1,189,194,31,171,116,57,0,113,196,89,5,141,119,74,183,63,51,72,147,65,102,115,14,45,55,155,184,161,80,114,177,169,191,11,104,180,163,170,95,137,90,125,149,32,68,97,100,7,175,179,27,150,136,144,70,168,17,103,105,142,190,188,186,145,42,47,132,166,123,44];False
2325;8248;10573;[4,67,193,48,10,176,91,129,8,84,122,73,174,135,21,99,16,77,112,56,71,18,62,120,24,197,26,9,143,20,3,2,121,160,92,49,130,22,38,34,124,94,75,12,165,153,187,127,39,107,87,76,50,53,93,23,30,134,58,86,69,64,101,151,54,158,199,6,117,98,25,110,81,52,182,28,162,78,60,79,185,148,167,61,41,36,46,131,59,133,96,157,138,178,152,173,66,126,198,159,140,118,109,29,154,156,106,19,108,146,43,128,85,164,111,83,181,82,192,139,33,13,172,195,40,37,15,35,88,1,189,194,31,171,116,57,0,113,196,89,5,141,119,74,183,63,51,72,147,65,102,115,14,45,55,155,184,161,80,114,177,169,191,11,104,180,163,170,95,137,90,125,149,32,68,97,100,7,175,179,27,150,136,144,70,168,17,103,105,142,190,188,186,145,42,47,132,166,123,44];False
2243;8315;10558;[4,67,193,48,10,176,91,129,8,84,122,73,174,135,21,99,16,77,112,71,18,56,62,120,24,197,26,9,143,20,3,2,121,160,92,49,130,22,38,34,124,94,75,12,165,153,187,127,39,107,87,76,50,53,93,23,30,134,58,86,69,64,101,151,54,158,199,6,117,98,25,110,81,52,182,28,162,78,60,79,185,148,167,61,41,36,46,131,59,133,96,157,138,178,152,173,66,126,198,159,140,118,109,29,154,156,106,19,108,146,43,128,85,164,111,83,181,82,192,139,33,13,172,195,40,37,15,35,88,1,189,194,31,171,116,57,0,113,196,89,5,141,119,74,183,63,51,72,147,65,102,115,14,45,55,155,184,161,80,114,177,169,191,11,104,180,163,170,95,137,90,125,149,32,68,97,100,7,175,179,27,150,136,144,70,168,17,103,105,142,190,188,186,145,42,47,132,166,123,44];False
2360;8277;10637;[4,67,193,48,10,176,91,129,8,84,122,73,174,135,21,99,16,77,112,71,56,62,18,120,24,197,26,9,143,20,3,2,121,160,92,49,130,22,38,34,124,94,75,12,165,153,187,127,39,107,87,76,50,53,93,23,30,134,58,86,69,64,101,151,54,158,199,6,117,98,25,110,81,52,182,28,162,78,60,79,185,148,167,61,41,36,46,131,59,133,96,157,138,178,152,173,66,126,198,159,140,118,109,29,154,156,106,19,108,146,43,128,85,164,111,83,181,82,192,139,33,13,172,195,40,37,15,35,88,1,189,194,31,171,116,57,0,113,196,89,5,141,119,74,183,63,51,72,147,65,102,115,14,45,55,155,184,161,80,114,177,169,191,11,104,180,163,170,95,137,90,125,149,32,68,97,100,7,175,179,27,150,136,144,70,168,17,103,105,142,190,188,186,145,42,47,132,166,123,44];False
2259;8281;10540;[4,67,193,48,10,176,91,129,8,84,122,73,174,135,21,99,16,77,112,71,56,18,120,62,24,197,26,9,143,20,3,2,121,160,92,49,130,22,38,34,124,94,75,12,165,153,187,127,39,107,87,76,50,53,93,23,30,134,58,86,69,64,101,151,54,158,199,6,117,98,25,110,81,52,182,28,162,78,60,79,185,148,167,61,41,36,46,131,59,133,96,157,138,178,152,173,66,126,198,159,140,118,109,29,154,156,106,19,108,146,43,128,85,164,111,83,181,82,192,139,33,13,172,195,40,37,15,35,88,1,189,194,31,171,116,57,0,113,196,89,5,141,119,74,183,63,51,72,147,65,102,115,14,45,55,155,184,161,80,114,177,169,191,11,104,180,163,170,95,137,90,125,149,32,68,97,100,7,175,179,27,150,136,144,70,168,17,103,105,142,190,188,186,145,42,47,132,166,123,44];False
2336;8265;10601;[4,67,193,48,10,176,91,129,8,84,122,73,174,135,21,99,16,77,112,71,56,18,62,24,120,197,26,9,143,20,3,2,121,160,92,49,130,22,38,34,124,94,75,12,165,153,187,127,39,107,87,76,50,53,93,23,30,134,58,86,69,64,101,151,54,158,199,6,117,98,25,110,81,52,182,28,162,78,60,79,185,148,167,61,41,36,46,131,59,133,96,157,138,178,152,173,66,126,198,159,140,118,109,29,154,156,106,19,108,146,43,128,85,164,111,83,181,82,192,139,33,13,172,195,40,37,15,35,88,1,189,194,31,171,116,57,0,113,196,89,5,141,119,74,183,63,51,72,147,65,102,115,14,45,55,155,184,161,80,114,177,169,191,11,104,180,163,170,95,137,90,125,149,32,68,97,100,7,175,179,27,150,136,144,70,168,17,103,105,142,190,188,186,145,42,47,132,166,123,44];False
2387;8237;10624;[4,67,193,48,10,176,91,129,8,84,122,73,174,135,21,99,16,77,112,71,56,18,62,120,197,24,26,9,143,20,3,2,121,160,92,49,130,22,38,34,124,94,75,12,165,153,187,127,39,107,87,76,50,53,93,23,30,134,58,86,69,64,101,151,54,158,199,6,117,98,25,110,81,52,182,28,162,78,60,79,185,148,167,61,41,36,46,131,59,133,96,157,138,178,152,173,66,126,198,159,140,118,109,29,154,156,106,19,108,146,43,128,85,164,111,83,181,82,192,139,33,13,172,195,40,37,15,35,88,1,189,194,31,171,116,57,0,113,196,89,5,141,119,74,183,63,51,72,147,65,102,115,14,45,55,155,184,161,80,114,177,169,191,11,104,180,163,170,95,137,90,125,149,32,68,97,100,7,175,179,27,150,136,144,70,168,17,103,105,142,190,188,186,145,42,47,132,166,123,44];False
2423;8244;10667;[4,67,193,48,10,176,91,129,8,84,122,73,174,135,21,99,16,77,112,71,56,18,62,120,24,26,197,9,143,20,3,2,121,160,92,49,130,22,38,34,124,94,75,12,165,153,187,127,39,107,87,76,50,53,93,23,30,134,58,86,69,64,101,151,54,158,199,6,117,98,25,110,81,52,182,28,162,78,60,79,185,148,167,61,41,36,46,131,59,133,96,157,138,178,152,173,66,126,198,159,140,118,109,29,154,156,106,19,108,146,43,128,85,164,111,83,181,82,192,139,33,13,172,195,40,37,15,35,88,1,189,194,31,171,116,57,0,113,196,89,5,141,119,74,183,63,51,72,147,65,102,115,14,45,55,155,184,161,80,114,177,169,191,11,104,180,163,170,95,137,90,125,149,32,68,97,100,7,175,179,27,150,136,144,70,168,17,103,105,142,190,188,186,145,42,47,132,166,123,44];False
2333;8259;10592;[4,67,193,48,10,176,91,129,8,84,122,73,174,135,21,99,16,77,112,71,56,18,62,120,24,197,9,26,143,20,3,2,121,160,92,49,130,22,38,34,124,94,75,12,165,153,187,127,39,107,87,76,50,53,93,23,30,134,58,86,69,64,101,151,54,158,199,6,117,98,25,110,81,52,182,28,162,78,60,79,185,148,167,61,41,36,46,131,59,133,96,157,138,178,152,173,66,126,198,159,140,118,109,29,154,156,106,19,108,146,43,128,85,164,111,83,181,82,192,139,33,13,172,195,40,37,15,35,88,1,189,194,31,171,116,57,0,113,196,89,5,141,119,74,183,63,51,72,147,65,102,115,14,45,55,155,184,161,80,114,177,169,191,11,104,180,163,170,95,137,90,125,149,32,68,97,100,7,175,179,27,150,136,144,70,168,17,103,105,142,190,188,186,145,42,47,132,166,123,44];False
2380;8253;10633;[4,67,193,48,10,176,91,129,8,84,122,73,174,135,21,99,16,77,112,71,56,18,62,120,24,197,26,143,9,20,3,2,121,160,92,49,130,22,38,34,124,94,75,12,165,153,187,127,39,107,87,76,50,53,93,23,30,134,58,86,69,64,101,151,54,158,199,6,117,98,25,110,81,52,182,28,162,78,60,79,185,148,167,61,41,36,46,131,59,133,96,157,138,178,152,173,66,126,198,159,140,118,109,29,154,156,106,19,108,146,43,128,85,164,111,83,181,82,192,139,33,13,172,195,40,37,15,35,88,1,189,194,31,171,116,57,0,113,196,89,5,141,119,74,183,63,51,72,147,65,102,115,14,45,55,155,184,161,80,114,177,169,191,11,104,180,163,170,95,137,90,125,149,32,68,97,100,7,175,179,27,150,136,144,70,168,17,103,105,142,190,188,186,145,42,47,132,166,123,44];False
2331;8242;10573;[4,67,193,48,10,176,91,129,8,84,122,73,174,135,21,99,16,77,112,71,56,18,62,120,24,197,26,9,20,143,3,2,121,160,92,49,130,22,38,34,124,94,75,12,165,153,187,127,39,107,87,76,50,53,93,23,30,134,58,86,69,64,101,151,54,158,199,6,117,98,25,110,81,52,182,28,162,78,60,79,185,148,167,61,41,36,46,131,59,133,96,157,138,178,152,173,66,126,198,159,140,118,109,29,154,156,106,19,108,146,43,128,85,164,111,83,181,82,192,139,33,13,172,195,40,37,15,35,88,1,189,194,31,171,116,57,0,113,196,89,5,141,119,74,183,63,51,72,147,65,102,115,14,45,55,155,184,161,80,114,177,169,191,11,104,180,163,170,95,137,90,125,149,32,68,97,100,7,175,179,27,150,136,144,70,168,17,103,105,142,190,188,186,145,42,47,132,166,123,44];False
2334;8271;10605;[4,67,193,48,10,176,91,129,8,84,122,73,174,135,21,99,16,77,112,71,56,18,62,120,24,197,26,9,143,3,20,2,121,160,92,49,130,22,38,34,124,94,75,12,165,153,187,127,39,107,87,76,50,53,93,23,30,134,58,86,69,64,101,151,54,158,199,6,117,98,25,110,81,52,182,28,162,78,60,79,185,148,167,61,41,36,46,131,59,133,96,157,138,178,152,173,66,126,198,159,140,118,109,29,154,156,106,19,108,146,43,128,85,164,111,83,181,82,192,139,33,13,172,195,40,37,15,35,88,1,189,194,31,171,116,57,0,113,196,89,5,141,119,74,183,63,51,72,147,65,102,115,14,45,55,155,184,161,80,114,177,169,191,11,104,180,163,170,95,137,90,125,149,32,68,97,100,7,175,179,27,150,136,144,70,168,17,103,105,142,190,188,186,145,42,47,132,166,123,44];False
2337;8265;10602;[4,67,193,48,10,176,91,129,8,84,122,73,174,135,21,99,16,77,112,71,56,18,62,120,24,197,26,9,143,20,2,3,121,160,92,49,130,22,38,34,124,94,75,12,165,153,187,127,39,107,87,76,50,53,93,23,30,134,58,86,69,64,101,151,54,158,199,6,117,98,25,110,81,52,182,28,162,78,60,79,185,148,167,61,41,36,46,131,59,133,96,157,138,178,152,173,66,126,198,159,140,118,109,29,154,156,106,19,108,146,43,128,85,164,111,83,181,82,192,139,33,13,172,195,40,37,15,35,88,1,189,194,31,171,116,57,0,113,196,89,5,141,119,74,183,63,51,72,147,65,102,115,14,45,55,155,184,161,80,114,177,169,191,11,104,180,163,170,95,137,90,125,149,32,68,97,100,7,175,179,27,150,136,144,70,168,17,103,105,142,190,188,186,145,42,47,132,166,123,44];False
2365;8270;10635;[4,67,193,48,10,176,91,129,8,84,122,73,174,135,21,99,16,77,112,71,56,18,62,120,24,197,26,9,143,20,3,121,2,160,92,49,130,22,38,34,124,94,75,12,165,153,187,127,39,107,87,76,50,53,93,23,30,134,58,86,69,64,101,151,54,158,199,6,117,98,25,110,81,52,182,28,162,78,60,79,185,148,167,61,41,36,46,131,59,133,96,157,138,178,152,173,66,126,198,159,140,118,109,29,154,156,106,19,108,146,43,128,85,164,111,83,181,82,192,139,33,13,172,195,40,37,15,35,88,1,189,194,31,171,116,57,0,113,196,89,5,141,119,74,183,63,51,72,147,65,102,115,14,45,55,155,184,161,80,114,177,169,191,11,104,180,163,170,95,137,90,125,149,32,68,97,100,7,175,179,27,150,136,144,70,168,17,103,105,142,190,188,186,145,42,47,132,166,123,44];False
2297;8222;10519;[4,67,193,48,10,176,91,129,8,84,122,73,174,135,21,99,16,77,112,71,56,18,62,120,24,197,26,9,143,20,3,2,160,121,92,49,130,22,38,34,124,94,75,12,165,153,187,127,39,107,87,76,50,53,93,23,30,134,58,86,69,64,101,151,54,158,199,6,117,98,25,110,81,52,182,28,162,78,60,79,185,148,167,61,41,36,46,131,59,133,96,157,138,178,152,173,66,126,198,159,140,118,109,29,154,156,106,19,108,146,43,128,85,164,111,83,181,82,192,139,33,13,172,195,40,37,15,35,88,1,189,194,31,171,116,57,0,113,196,89,5,141,119,74,183,63,51,72,147,65,102,115,14,45,55,155,184,161,80,114,177,169,191,11,104,180,163,170,95,137,90,125,149,32,68,97,100,7,175,179,27,150,136,144,70,168,17,103,105,142,190,188,186,145,42,47,132,166,123,44];True
2305;8230;10535;[4,67,193,48,10,176,91,129,8,84,122,73,174,135,21,99,16,77,112,71,56,18,62,120,24,197,26,9,143,20,3,2,121,92,160,49,130,22,38,34,124,94,75,12,165,153,187,127,39,107,87,76,50,53,93,23,30,134,58,86,69,64,101,151,54,158,199,6,117,98,25,110,81,52,182,28,162,78,60,79,185,148,167,61,41,36,46,131,59,133,96,157,138,178,152,173,66,126,198,159,140,118,109,29,154,156,106,19,108,146,43,128,85,164,111,83,181,82,192,139,33,13,172,195,40,37,15,35,88,1,189,194,31,171,116,57,0,113,196,89,5,141,119,74,183,63,51,72,147,65,102,115,14,45,55,155,184,161,80,114,177,169,191,11,104,180,163,170,95,137,90,125,149,32,68,97,100,7,175,179,27,150,136,144,70,168,17,103,105,142,190,188,186,145,42,47,132,166,123,44];False
2344;8288;10632;[4,67,193,48,10,176,91,129,8,84,122,73,174,135,21,99,16,77,112,71,56,18,62,120,24,197,26,9,143,20,3,2,121,160,49,92,130,22,38,34,124,94,75,12,165,153,187,127,39,107,87,76,50,53,93,23,30,134,58,86,69,64,101,151,54,158,199,6,117,98,25,110,81,52,182,28,162,78,60,79,185,148,167,61,41,36,46,131,59,133,96,157,138,178,152,173,66,126,198,159,140,118,109,29,154,156,106,19,108,146,43,128,85,164,111,83,181,82,192,139,33,13,172,195,40,37,15,35,88,1,189,194,31,171,116,57,0,113,196,89,5,141,119,74,183,63,51,72,147,65,102,115,14,45,55,155,184,161,80,114,177,169,191,11,104,180,163,170,95,137,90,125,149,32,68,97,100,7,175,179,27,150,136,144,70,168,17,103,105,142,190,188,186,145,42,47,132,166,123,44];False
2358;8279;10637;[4,67,193,48,10,176,91,129,8,84,122,73,174,135,21,99,16,77,112,71,56,18,62,120,24,197,26,9,143,20,3,2,121,160,92,130,49,22,38,34,124,94,75,12,165,153,187,127,39,107,87,76,50,53,93,23,30,134,58,86,69,64,101,151,54,158,199,6,117,98,25,110,81,52,182,28,162,78,60,79,185,148,167,61,41,36,46,131,59,133,96,157,138,178,152,173,66,126,198,159,140,118,109,29,154,156,106,19,108,146,43,128,85,164,111,83,181,82,192,139,33,13,172,195,40,37,15,35,88,1,189,194,31,171,116,57,0,113,196,89,5,141,119,74,183,63,51,72,147,65,102,115,14,45,55,155,184,161,80,114,177,169,191,11,104,180,163,170,95,137,90,125,149,32,68,97,100,7,175,179,27,150,136,144,70,168,17,103,105,142,190,188,186,145,42,47,132,166,123,44];False
2311;8285;10596;[4,67,193,48,10,176,91,129,8,84,122,73,174,135,21,99,16,77,112,71,56,18,62,120,24,197,26,9,143,20,3,2,121,160,92,49,22,130,38,34,124,94,75,12,165,153,187,127,39,107,87,76,50,53,93,23,30,134,58,86,69,64,101,151,54,158,199,6,117,98,25,110,81,52,182,28,162,78,60,79,185,148,167,61,41,36,46,131,59,133,96,157,138,178,152,173,66,126,198,159,140,118,109,29,154,156,106,19,108,146,43,128,85,164,111,83,181,82,192,139,33,13,172,195,40,37,15,35,88,1,189,194,31,171,116,57,0,113,196,89,5,141,119,74,183,63,51,72,147,65,102,115,14,45,55,155,184,161,80,114,177,169,191,11,104,180,163,170,95,137,90,125,149,32,68,97,100,7,175,179,27,150,136,144,70,168,17,103,105,142,190,188,186,145,42,47,132,166,123,44];False
2318;8279;10597;[4,67,193,48,10,176,91,129,8,84,122,73,174,135,21,99,16,77,112,71,56,18,62,120,24,197,26,9,143,20,3,2,121,160,92,49,130,38,22,34,124,94,75,12,165,153,187,127,39,107,87,76,50,53,93,23,30,134,58,86,69,64,101,151,54,158,199,6,117,98,25,110,81,52,182,28,162,78,60,79,185,148,167,61,41,36,46,131,59,133,96,157,138,178,152,173,66,126,198,159,140,118,109,29,154,156,106,19,108,146,43,128,85,164,111,83,181,82,192,139,33,13,172,195,40,37,15,35,88,1,189,194,31,171,116,57,0,113,196,89,5,141,119,74,183,63,51,72,147,65,102,115,14,45,55,155,184,161,80,114,177,169,191,11,104,180,163,170,95,137,90,125,149,32,68,97,100,7,175,179,27,150,136,144,70,168,17,103,105,142,190,188,186,145,42,47,132,166,123,44];False
2374;8265;10639;[4,67,193,48,10,176,91,129,8,84,122,73,174,135,21,99,16,77,112,71,56,18,62,120,24,197,26,9,143,20,3,2,121,160,92,49,130,22,34,38,124,94,75,12,165,153,187,127,39,107,87,76,50,53,93,23,30,134,58,86,69,64,101,151,54,158,199,6,117,98,25,110,81,52,182,28,162,78,60,79,185,148,167,61,41,36,46,131,59,133,96,157,138,178,152,173,66,126,198,159,140,118,109,29,154,156,106,19,108,146,43,128,85,164,111,83,181,82,192,139,33,13,172,195,40,37,15,35,88,1,189,194,31,171,116,57,0,113,196,89,5,141,119,74,183,63,51,72,147,65,102,115,14,45,55,155,184,161,80,114,177,169,191,11,104,180,163,170,95,137,90,125,149,32,68,97,100,7,175,179,27,150,136,144,70,168,17,103,105,142,190,188,186,145,42,47,132,166,123,44];False
2370;8250;10620;[4,67,193,48,10,176,91,129,8,84,122,73,174,135,21,99,16,77,112,71,56,18,62,120,24,197,26,9,143,20,3,2,121,160,92,49,130,22,38,124,34,94,75,12,165,153,187,127,39,107,87,76,50,53,93,23,30,134,58,86,69,64,101,151,54,158,199,6,117,98,25,110,81,52,182,28,162,78,60,79,185,148,167,61,41,36,46,131,59,133,96,157,138,178,152,173,66,126,198,159,140,118,109,29,154,156,106,19,108,146,43,128,85,164,111,83,181,82,192,139,33,13,172,195,40,37,15,35,88,1,189,194,31,171,116,57,0,113,196,89,5,141,119,74,183,63,51,72,147,65,102,115,14,45,55,155,184,161,80,114,177,169,191,11,104,180,163,170,95,137,90,125,149,32,68,97,100,7,175,179,27,150,136,144,70,168,17,103,105,142,190,188,186,145,42,47,132,166,123,44];False
2351;8272;10623;[4,67,193,48,10,176,91,129,8,84,122,73,174,135,21,99,16,77,112,71,56,18,62,120,24,197,26,9,143,20,3,2,121,160,92,49,130,22,38,34,94,124,75,12,165,153,187,127,39,107,87,76,50,53,93,23,30,134,58,86,69,64,101,151,54,158,199,6,117,98,25,110,81,52,182,28,162,78,60,79,185,148,167,61,41,36,46,131,59,133,96,157,138,178,152,173,66,126,198,159,140,118,109,29,154,156,106,19,108,146,43,128,85,164,111,83,181,82,192,139,33,13,172,195,40,37,15,35,88,1,189,194,31,171,116,57,0,113,196,89,5,141,119,74,183,63,51,72,147,65,102,115,14,45,55,155,184,161,80,114,177,169,191,11,104,180,163,170,95,137,90,125,149,32,68,97,100,7,175,179,27,150,136,144,70,168,17,103,105,142,190,188,186,145,42,47,132,166,123,44];False
2366;8294;10660;[4,67,193,48,10,176,91,129,8,84,122,73,174,135,21,99,16,77,112,71,56,18,62,120,24,197,26,9,143,20,3,2,121,160,92,49,130,22,38,34,124,75,94,12,165,153,187,127,39,107,87,76,50,53,93,23,30,134,58,86,69,64,101,151,54,158,199,6,117,98,25,110,81,52,182,28,162,78,60,79,185,148,167,61,41,36,46,131,59,133,96,157,138,178,152,173,66,126,198,159,140,118,109,29,154,156,106,19,108,146,43,128,85,164,111,83,181,82,192,139,33,13,172,195,40,37,15,35,88,1,189,194,31,171,116,57,0,113,196,89,5,141,119,74,183,63,51,72,147,65,102,115,14,45,55,155,184,161,80,114,177,169,191,11,104,180,163,170,95,137,90,125,149,32,68,97,100,7,175,179,27,150,136,144,70,168,17,103,105,142,190,188,186,145,42,47,132,166,123,44];False
2402;8260;10662;[4,67,193,48,10,176,91,129,8,84,122,73,174,135,21,99,16,77,112,71,56,18,62,120,24,197,26,9,143,20,3,2,121,160,92,49,130,22,38,34,124,94,12,75,165,153,187,127,39,107,87,76,50,53,93,23,30,134,58,86,69,64,101,151,54,158,199,6,117,98,25,110,81,52,182,28,162,78,60,79,185,148,167,61,41,36,46,131,59,133,96,157,138,178,152,173,66,126,198,159,140,118,109,29,154,156,106,19,108,146,43,128,85,164,111,83,181,82,192,139,33,13,172,195,40,37,15,35,88,1,189,194,31,171,116,57,0,113,196,89,5,141,119,74,183,63,51,72,147,65,102,115,14,45,55,155,184,161,80,114,177,169,191,11,104,180,163,170,95,137,90,125,149,32,68,97,100,7,175,179,27,150,136,144,70,168,17,103,105,142,190,188,186,145,42,47,132,166,123,44];False
2415;8244;10659;[4,67,193,48,10,176,91,129,8,84,122,73,174,135,21,99,16,77,112,71,56,18,62,120,24,197,26,9,143,20,3,2,121,160,92,49,130,22,38,34,124,94,75,165,12,153,187,127,39,107,87,76,50,53,93,23,30,134,58,86,69,64,101,151,54,158,199,6,117,98,25,110,81,52,182,28,162,78,60,79,185,148,167,61,41,36,46,131,59,133,96,157,138,178,152,173,66,126,198,159,140,118,109,29,154,156,106,19,108,146,43,128,85,164,111,83,181,82,192,139,33,13,172,195,40,37,15,35,88,1,189,194,31,171,116,57,0,113,196,89,5,141,119,74,183,63,51,72,147,65,102,115,14,45,55,155,184,161,80,114,177,169,191,11,104,180,163,170,95,137,90,125,149,32,68,97,100,7,175,179,27,150,136,144,70,168,17,103,105,142,190,188,186,145,42,47,132,166,123,44];False
2419;8274;10693;[4,67,193,48,10,176,91,129,8,84,122,73,174,135,21,99,16,77,112,71,56,18,62,120,24,197,26,9,143,20,3,2,121,160,92,49,130,22,38,34,124,94,75,12,153,165,187,127,39,107,87,76,50,53,93,23,30,134,58,86,69,64,101,151,54,158,199,6,117,98,25,110,81,52,182,28,162,78,60,79,185,148,167,61,41,36,46,131,59,133,96,157,138,178,152,173,66,126,198,159,140,118,109,29,154,156,106,19,108,146,43,128,85,164,111,83,181,82,192,139,33,13,172,195,40,37,15,35,88,1,189,194,31,171,116,57,0,113,196,89,5,141,119,74,183,63,51,72,147,65,102,115,14,45,55,155,184,161,80,114,177,169,191,11,104,180,163,170,95,137,90,125,149,32,68,97,100,7,175,179,27,150,136,144,70,168,17,103,105,142,190,188,186,145,42,47,132,166,123,44];False
2333;8283;10616;[4,67,193,48,10,176,91,129,8,84,122,73,174,135,21,99,16,77,112,71,56,18,62,120,24,197,26,9,143,20,3,2,121,160,92,49,130,22,38,34,124,94,75,12,165,187,153,127,39,107,87,76,50,53,93,23,30,134,58,86,69,64,101,151,54,158,199,6,117,98,25,110,81,52,182,28,162,78,60,79,185,148,167,61,41,36,46,131,59,133,96,157,138,178,152,173,66,126,198,159,140,118,109,29,154,156,106,19,108,146,43,128,85,164,111,83,181,82,192,139,33,13,172,195,40,37,15,35,88,1,189,194,31,171,116,57,0,113,196,89,5,141,119,74,183,63,51,72,147,65,102,115,14,45,55,155,184,161,80,114,177,169,191,11,104,180,163,170,95,137,90,125,149,32,68,97,100,7,175,179,27,150,136,144,70,168,17,103,105,142,190,188,186,145,42,47,132,166,123,44];False
2296;8262;10558;[4,67,193,48,10,176,91,129,8,84,122,73,174,135,21,99,16,77,112,71,56,18,62,120,24,197,26,9,143,20,3,2,121,160,92,49,130,22,38,34,124,94,75,12,165,153,127,187,39,107,87,76,50,53,93,23,30,134,58,86,69,64,101,151,54,158,199,6,117,98,25,110,81,52,182,28,162,78,60,79,185,148,167,61,41,36,46,131,59,133,96,157,138,178,152,173,66,126,198,159,140,118,109,29,154,156,106,19,108,146,43,128,85,164,111,83,181,82,192,139,33,13,172,195,40,37,15,35,88,1,189,194,31,171,116,57,0,113,196,89,5,141,119,74,183,63,51,72,147,65,102,115,14,45,55,155,184,161,80,114,177,169,191,11,104,180,163,170,95,137,90,125,149,32,68,97,100,7,175,179,27,150,136,144,70,168,17,103,105,142,190,188,186,145,42,47,132,166,123,44];False
2368;8286;10654;[4,67,193,48,10,176,91,129,8,84,122,73,174,135,21,99,16,77,112,71,56,18,62,120,24,197,26,9,143,20,3,2,121,160,92,49,130,22,38,34,124,94,75,12,165,153,187,39,127,107,87,76,50,53,93,23,30,134,58,86,69,64,101,151,54,158,199,6,117,98,25,110,81,52,182,28,162,78,60,79,185,148,167,61,41,36,46,131,59,133,96,157,138,178,152,173,66,126,198,159,140,118,109,29,154,156,106,19,108,146,43,128,85,164,111,83,181,82,192,139,33,13,172,195,40,37,15,35,88,1,189,194,31,171,116,57,0,113,196,89,5,141,119,74,183,63,51,72,147,65,102,115,14,45,55,155,184,161,80,114,177,169,191,11,104,180,163,170,95,137,90,125,149,32,68,97,100,7,175,179,27,150,136,144,70,168,17,103,105,142,190,188,186,145,42,47,132,166,123,44];False
2366;8310;10676;[4,67,193,48,10,176,91,129,8,84,122,73,174,135,21,99,16,77,112,71,56,18,62,120,24,197,26,9,143,20,3,2,121,160,92,49,130,22,38,34,124,94,75,12,165,153,187,127,107,39,87,76,50,53,93,23,30,134,58,86,69,64,101,151,54,158,199,6,117,98,25,110,81,52,182,28,162,78,60,79,185,148,167,61,41,36,46,131,59,133,96,157,138,178,152,173,66,126,198,159,140,118,109,29,154,156,106,19,108,146,43,128,85,164,111,83,181,82,192,139,33,13,172,195,40,37,15,35,88,1,189,194,31,171,116,57,0,113,196,89,5,141,119,74,183,63,51,72,147,65,102,115,14,45,55,155,184,161,80,114,177,169,191,11,104,180,163,170,95,137,90,125,149,32,68,97,100,7,175,179,27,150,136,144,70,168,17,103,105,142,190,188,186,145,42,47,132,166,123,44];False
2304;8278;10582;[4,67,193,48,10,176,91,129,8,84,122,73,174,135,21,99,16,77,112,71,56,18,62,120,24,197,26,9,143,20,3,2,121,160,92,49,130,22,38,34,124,94,75,12,165,153,187,127,39,87,107,76,50,53,93,23,30,134,58,86,69,64,101,151,54,158,199,6,117,98,25,110,81,52,182,28,162,78,60,79,185,148,167,61,41,36,46,131,59,133,96,157,138,178,152,173,66,126,198,159,140,118,109,29,154,156,106,19,108,146,43,128,85,164,111,83,181,82,192,139,33,13,172,195,40,37,15,35,88,1,189,194,31,171,116,57,0,113,196,89,5,141,119,74,183,63,51,72,147,65,102,115,14,45,55,155,184,161,80,114,177,169,191,11,104,180,163,170,95,137,90,125,149,32,68,97,100,7,175,179,27,150,136,144,70,168,17,103,105,142,190,188,186,145,42,47,132,166,123,44];False
2249;8261;10510;[4,67,193,48,10,176,91,129,8,84,122,73,174,135,21,99,16,77,112,71,56,18,62,120,24,197,26,9,143,20,3,2,121,160,92,49,130,22,38,34,124,94,75,12,165,153,187,127,39,107,76,87,50,53,93,23,30,134,58,86,69,64,101,151,54,158,199,6,117,98,25,110,81,52,182,28,162,78,60,79,185,148,167,61,41,36,46,131,59,133,96,157,138,178,152,173,66,126,198,159,140,118,109,29,154,156,106,19,108,146,43,128,85,164,111,83,181,82,192,139,33,13,172,195,40,37,15,35,88,1,189,194,31,171,116,57,0,113,196,89,5,141,119,74,183,63,51,72,147,65,102,115,14,45,55,155,184,161,80,114,177,169,191,11,104,180,163,170,95,137,90,125,149,32,68,97,100,7,175,179,27,150,136,144,70,168,17,103,105,142,190,188,186,145,42,47,132,166,123,44];False
2364;8290;10654;[4,67,193,48,10,176,91,129,8,84,122,73,174,135,21,99,16,77,112,71,56,18,62,120,24,197,26,9,143,20,3,2,121,160,92,49,130,22,38,34,124,94,75,12,165,153,187,127,39,107,87,50,76,53,93,23,30,134,58,86,69,64,101,151,54,158,199,6,117,98,25,110,81,52,182,28,162,78,60,79,185,148,167,61,41,36,46,131,59,133,96,157,138,178,152,173,66,126,198,159,140,118,109,29,154,156,106,19,108,146,43,128,85,164,111,83,181,82,192,139,33,13,172,195,40,37,15,35,88,1,189,194,31,171,116,57,0,113,196,89,5,141,119,74,183,63,51,72,147,65,102,115,14,45,55,155,184,161,80,114,177,169,191,11,104,180,163,170,95,137,90,125,149,32,68,97,100,7,175,179,27,150,136,144,70,168,17,103,105,142,190,188,186,145,42,47,132,166,123,44];False
2430;8264;10694;[4,67,193,48,10,176,91,129,8,84,122,73,174,135,21,99,16,77,112,71,56,18,62,120,24,197,26,9,143,20,3,2,121,160,92,49,130,22,38,34,124,94,75,12,165,153,187,127,39,107,87,76,53,50,93,23,30,134,58,86,69,64,101,151,54,158,199,6,117,98,25,110,81,52,182,28,162,78,60,79,185,148,167,61,41,36,46,131,59,133,96,157,138,178,152,173,66,126,198,159,140,118,109,29,154,156,106,19,108,146,43,128,85,164,111,83,181,82,192,139,33,13,172,195,40,37,15,35,88,1,189,194,31,171,116,57,0,113,196,89,5,141,119,74,183,63,51,72,147,65,102,115,14,45,55,155,184,161,80,114,177,169,191,11,104,180,163,170,95,137,90,125,149,32,68,97,100,7,175,179,27,150,136,144,70,168,17,103,105,142,190,188,186,145,42,47,132,166,123,44];False
2386;8285;10671;[4,67,193,48,10,176,91,129,8,84,122,73,174,135,21,99,16,77,112,71,56,18,62,120,24,197,26,9,143,20,3,2,121,160,92,49,130,22,38,34,124,94,75,12,165,153,187,127,39,107,87,76,50,93,53,23,30,134,58,86,69,64,101,151,54,158,199,6,117,98,25,110,81,52,182,28,162,78,60,79,185,148,167,61,41,36,46,131,59,133,96,157,138,178,152,173,66,126,198,159,140,118,109,29,154,156,106,19,108,146,43,128,85,164,111,83,181,82,192,139,33,13,172,195,40,37,15,35,88,1,189,194,31,171,116,57,0,113,196,89,5,141,119,74,183,63,51,72,147,65,102,115,14,45,55,155,184,161,80,114,177,169,191,11,104,180,163,170,95,137,90,125,149,32,68,97,100,7,175,179,27,150,136,144,70,168,17,103,105,142,190,188,186,145,42,47,132,166,123,44];False
2386;8247;10633;[4,67,193,48,10,176,91,129,8,84,122,73,174,135,21,99,16,77,112,71,56,18,62,120,24,197,26,9,143,20,3,2,121,160,92,49,130,22,38,34,124,94,75,12,165,153,187,127,39,107,87,76,50,53,23,93,30,134,58,86,69,64,101,151,54,158,199,6,117,98,25,110,81,52,182,28,162,78,60,79,185,148,167,61,41,36,46,131,59,133,96,157,138,178,152,173,66,126,198,159,140,118,109,29,154,156,106,19,108,146,43,128,85,164,111,83,181,82,192,139,33,13,172,195,40,37,15,35,88,1,189,194,31,171,116,57,0,113,196,89,5,141,119,74,183,63,51,72,147,65,102,115,14,45,55,155,184,161,80,114,177,169,191,11,104,180,163,170,95,137,90,125,149,32,68,97,100,7,175,179,27,150,136,144,70,168,17,103,105,142,190,188,186,145,42,47,132,166,123,44];False
2375;8307;10682;[4,67,193,48,10,176,91,129,8,84,122,73,174,135,21,99,16,77,112,71,56,18,62,120,24,197,26,9,143,20,3,2,121,160,92,49,130,22,38,34,124,94,75,12,165,153,187,127,39,107,87,76,50,53,93,30,23,134,58,86,69,64,101,151,54,158,199,6,117,98,25,110,81,52,182,28,162,78,60,79,185,148,167,61,41,36,46,131,59,133,96,157,138,178,152,173,66,126,198,159,140,118,109,29,154,156,106,19,108,146,43,128,85,164,111,83,181,82,192,139,33,13,172,195,40,37,15,35,88,1,189,194,31,171,116,57,0,113,196,89,5,141,119,74,183,63,51,72,147,65,102,115,14,45,55,155,184,161,80,114,177,169,191,11,104,180,163,170,95,137,90,125,149,32,68,97,100,7,175,179,27,150,136,144,70,168,17,103,105,142,190,188,186,145,42,47,132,166,123,44];False
2406;8270;10676;[4,67,193,48,10,176,91,129,8,84,122,73,174,135,21,99,16,77,112,71,56,18,62,120,24,197,26,9,143,20,3,2,121,160,92,49,130,22,38,34,124,94,75,12,165,153,187,127,39,107,87,76,50,53,93,23,134,30,58,86,69,64,101,151,54,158,199,6,117,98,25,110,81,52,182,28,162,78,60,79,185,148,167,61,41,36,46,131,59,133,96,157,138,178,152,173,66,126,198,159,140,118,109,29,154,156,106,19,108,146,43,128,85,164,111,83,181,82,192,139,33,13,172,195,40,37,15,35,88,1,189,194,31,171,116,57,0,113,196,89,5,141,119,74,183,63,51,72,147,65,102,115,14,45,55,155,184,161,80,114,177,169,191,11,104,180,163,170,95,137,90,125,149,32,68,97,100,7,175,179,27,150,136,144,70,168,17,103,105,142,190,188,186,145,42,47,132,166,123,44];False
2348;8262;10610;[4,67,193,48,10,176,91,129,8,84,122,73,174,135,21,99,16,77,112,71,56,18,62,120,24,197,26,9,143,20,3,2,121,160,92,49,130,22,38,34,124,94,75,12,165,153,187,127,39,107,87,76,50,53,93,23,30,58,134,86,69,64,101,151,54,158,199,6,117,98,25,110,81,52,182,28,162,78,60,79,185,148,167,61,41,36,46,131,59,133,96,157,138,178,152,173,66,126,198,159,140,118,109,29,154,156,106,19,108,146,43,128,85,164,111,83,181,82,192,139,33,13,172,195,40,37,15,35,88,1,189,194,31,171,116,57,0,113,196,89,5,141,119,74,183,63,51,72,147,65,102,115,14,45,55,155,184,161,80,114,177,169,191,11,104,180,163,170,95,137,90,125,149,32,68,97,100,7,175,179,27,150,136,144,70,168,17,103,105,142,190,188,186,145,42,47,132,166,123,44];False
2374;8255;10629;[4,67,193,48,10,176,91,129,8,84,122,73,174,135,21,99,16,77,112,71,56,18,62,120,24,197,26,9,143,20,3,2,121,160,92,49,130,22,38,34,124,94,75,12,165,153,187,127,39,107,87,76,50,53,93,23,30,134,86,58,69,64,101,151,54,158,199,6,117,98,25,110,81,52,182,28,162,78,60,79,185,148,167,61,41,36,46,131,59,133,96,157,138,178,152,173,66,126,198,159,140,118,109,29,154,156,106,19,108,146,43,128,85,164,111,83,181,82,192,139,33,13,172,195,40,37,15,35,88,1,189,194,31,171,116,57,0,113,196,89,5,141,119,74,183,63,51,72,147,65,102,115,14,45,55,155,184,161,80,114,177,169,191,11,104,180,163,170,95,137,90,125,149,32,68,97,100,7,175,179,27,150,136,144,70,168,17,103,105,142,190,188,186,145,42,47,132,166,123,44];False
2328;8232;10560;[4,67,193,48,10,176,91,129,8,84,122,73,174,135,21,99,16,77,112,71,56,18,62,120,24,197,26,9,143,20,3,2,121,160,92,49,130,22,38,34,124,94,75,12,165,153,187,127,39,107,87,76,50,53,93,23,30,134,58,69,86,64,101,151,54,158,199,6,117,98,25,110,81,52,182,28,162,78,60,79,185,148,167,61,41,36,46,131,59,133,96,157,138,178,152,173,66,126,198,159,140,118,109,29,154,156,106,19,108,146,43,128,85,164,111,83,181,82,192,139,33,13,172,195,40,37,15,35,88,1,189,194,31,171,116,57,0,113,196,89,5,141,119,74,183,63,51,72,147,65,102,115,14,45,55,155,184,161,80,114,177,169,191,11,104,180,163,170,95,137,90,125,149,32,68,97,100,7,175,179,27,150,136,144,70,168,17,103,105,142,190,188,186,145,42,47,132,166,123,44];False
2352;8236;10588;[4,67,193,48,10,176,91,129,8,84,122,73,174,135,21,99,16,77,112,71,56,18,62,120,24,197,26,9,143,20,3,2,121,160,92,49,130,22,38,34,124,94,75,12,165,153,187,127,39,107,87,76,50,53,93,23,30,134,58,86,64,69,101,151,54,158,199,6,117,98,25,110,81,52,182,28,162,78,60,79,185,148,167,61,41,36,46,131,59,133,96,157,138,178,152,173,66,126,198,159,140,118,109,29,154,156,106,19,108,146,43,128,85,164,111,83,181,82,192,139,33,13,172,195,40,37,15,35,88,1,189,194,31,171,116,57,0,113,196,89,5,141,119,74,183,63,51,72,147,65,102,115,14,45,55,155,184,161,80,114,177,169,191,11,104,180,163,170,95,137,90,125,149,32,68,97,100,7,175,179,27,150,136,144,70,168,17,103,105,142,190,188,186,145,42,47,132,166,123,44];False
2328;8231;10559;[4,67,193,48,10,176,91,129,8,84,122,73,174,135,21,99,16,77,112,71,56,18,62,120,24,197,26,9,143,20,3,2,121,160,92,49,130,22,38,34,124,94,75,12,165,153,187,127,39,107,87,76,50,53,93,23,30,134,58,86,69,101,64,151,54,158,199,6,117,98,25,110,81,52,182,28,162,78,60,79,185,148,167,61,41,36,46,131,59,133,96,157,138,178,152,173,66,126,198,159,140,118,109,29,154,156,106,19,108,146,43,128,85,164,111,83,181,82,192,139,33,13,172,195,40,37,15,35,88,1,189,194,31,171,116,57,0,113,196,89,5,141,119,74,183,63,51,72,147,65,102,115,14,45,55,155,184,161,80,114,177,169,191,11,104,180,163,170,95,137,90,125,149,32,68,97,100,7,175,179,27,150,136,144,70,168,17,103,105,142,190,188,186,145,42,47,132,166,123,44];False
2313;8261;10574;[4,67,193,48,10,176,91,129,8,84,122,73,174,135,21,99,16,77,112,71,56,18,62,120,24,197,26,9,143,20,3,2,121,160,92,49,130,22,38,34,124,94,75,12,165,153,187,127,39,107,87,76,50,53,93,23,30,134,58,86,69,64,151,101,54,158,199,6,117,98,25,110,81,52,182,28,162,78,60,79,185,148,167,61,41,36,46,131,59,133,96,157,138,178,152,173,66,126,198,159,140,118,109,29,154,156,106,19,108,146,43,128,85,164,111,83,181,82,192,139,33,13,172,195,40,37,15,35,88,1,189,194,31,171,116,57,0,113,196,89,5,141,119,74,183,63,51,72,147,65,102,115,14,45,55,155,184,161,80,114,177,169,191,11,104,180,163,170,95,137,90,125,149,32,68,97,100,7,175,179,27,150,136,144,70,168,17,103,105,142,190,188,186,145,42,47,132,166,123,44];False
2266;8254;10520;[4,67,193,48,10,176,91,129,8,84,122,73,174,135,21,99,16,77,112,71,56,18,62,120,24,197,26,9,143,20,3,2,121,160,92,49,130,22,38,34,124,94,75,12,165,153,187,127,39,107,87,76,50,53,93,23,30,134,58,86,69,64,101,54,151,158,199,6,117,98,25,110,81,52,182,28,162,78,60,79,185,148,167,61,41,36,46,131,59,133,96,157,138,178,152,173,66,126,198,159,140,118,109,29,154,156,106,19,108,146,43,128,85,164,111,83,181,82,192,139,33,13,172,195,40,37,15,35,88,1,189,194,31,171,116,57,0,113,196,89,5,141,119,74,183,63,51,72,147,65,102,115,14,45,55,155,184,161,80,114,177,169,191,11,104,180,163,170,95,137,90,125,149,32,68,97,100,7,175,179,27,150,136,144,70,168,17,103,105,142,190,188,186,145,42,47,132,166,123,44];False
2240;8261;10501;[4,67,193,48,10,176,91,129,8,84,122,73,174,135,21,99,16,77,112,71,56,18,62,120,24,197,26,9,143,20,3,2,121,160,92,49,130,22,38,34,124,94,75,12,165,153,187,127,39,107,87,76,50,53,93,23,30,134,58,86,69,64,101,151,158,54,199,6,117,98,25,110,81,52,182,28,162,78,60,79,185,148,167,61,41,36,46,131,59,133,96,157,138,178,152,173,66,126,198,159,140,118,109,29,154,156,106,19,108,146,43,128,85,164,111,83,181,82,192,139,33,13,172,195,40,37,15,35,88,1,189,194,31,171,116,57,0,113,196,89,5,141,119,74,183,63,51,72,147,65,102,115,14,45,55,155,184,161,80,114,177,169,191,11,104,180,163,170,95,137,90,125,149,32,68,97,100,7,175,179,27,150,136,144,70,168,17,103,105,142,190,188,186,145,42,47,132,166,123,44];False
2338;8275;10613;[4,67,193,48,10,176,91,129,8,84,122,73,174,135,21,99,16,77,112,71,56,18,62,120,24,197,26,9,143,20,3,2,121,160,92,49,130,22,38,34,124,94,75,12,165,153,187,127,39,107,87,76,50,53,93,23,30,134,58,86,69,64,101,151,54,199,158,6,117,98,25,110,81,52,182,28,162,78,60,79,185,148,167,61,41,36,46,131,59,133,96,157,138,178,152,173,66,126,198,159,140,118,109,29,154,156,106,19,108,146,43,128,85,164,111,83,181,82,192,139,33,13,172,195,40,37,15,35,88,1,189,194,31,171,116,57,0,113,196,89,5,141,119,74,183,63,51,72,147,65,102,115,14,45,55,155,184,161,80,114,177,169,191,11,104,180,163,170,95,137,90,125,149,32,68,97,100,7,175,179,27,150,136,144,70,168,17,103,105,142,190,188,186,145,42,47,132,166,123,44];False
2349;8266;10615;[4,67,193,48,10,176,91,129,8,84,122,73,174,135,21,99,16,77,112,71,56,18,62,120,24,197,26,9,143,20,3,2,121,160,92,49,130,22,38,34,124,94,75,12,165,153,187,127,39,107,87,76,50,53,93,23,30,134,58,86,69,64,101,151,54,158,6,199,117,98,25,110,81,52,182,28,162,78,60,79,185,148,167,61,41,36,46,131,59,133,96,157,138,178,152,173,66,126,198,159,140,118,109,29,154,156,106,19,108,146,43,128,85,164,111,83,181,82,192,139,33,13,172,195,40,37,15,35,88,1,189,194,31,171,116,57,0,113,196,89,5,141,119,74,183,63,51,72,147,65,102,115,14,45,55,155,184,161,80,114,177,169,191,11,104,180,163,170,95,137,90,125,149,32,68,97,100,7,175,179,27,150,136,144,70,168,17,103,105,142,190,188,186,145,42,47,132,166,123,44];False
2303;8253;10556;[4,67,193,48,10,176,91,129,8,84,122,73,174,135,21,99,16,77,112,71,56,18,62,120,24,197,26,9,143,20,3,2,121,160,92,49,130,22,38,34,124,94,75,12,165,153,187,127,39,107,87,76,50,53,93,23,30,134,58,86,69,64,101,151,54,158,199,117,6,98,25,110,81,52,182,28,162,78,60,79,185,148,167,61,41,36,46,131,59,133,96,157,138,178,152,173,66,126,198,159,140,118,109,29,154,156,106,19,108,146,43,128,85,164,111,83,181,82,192,139,33,13,172,195,40,37,15,35,88,1,189,194,31,171,116,57,0,113,196,89,5,141,119,74,183,63,51,72,147,65,102,115,14,45,55,155,184,161,80,114,177,169,191,11,104,180,163,170,95,137,90,125,149,32,68,97,100,7,175,179,27,150,136,144,70,168,17,103,105,142,190,188,186,145,42,47,132,166,123,44];False
2320;8259;10579;[4,67,193,48,10,176,91,129,8,84,122,73,174,135,21,99,16,77,112,71,56,18,62,120,24,197,26,9,143,20,3,2,121,160,92,49,130,22,38,34,124,94,75,12,165,153,187,127,39,107,87,76,50,53,93,23,30,134,58,86,69,64,101,151,54,158,199,6,98,117,25,110,81,52,182,28,162,78,60,79,185,148,167,61,41,36,46,131,59,133,96,157,138,178,152,173,66,126,198,159,140,118,109,29,154,156,106,19,108,146,43,128,85,164,111,83,181,82,192,139,33,13,172,195,40,37,15,35,88,1,189,194,31,171,116,57,0,113,196,89,5,141,119,74,183,63,51,72,147,65,102,115,14,45,55,155,184,161,80,114,177,169,191,11,104,180,163,170,95,137,90,125,149,32,68,97,100,7,175,179,27,150,136,144,70,168,17,103,105,142,190,188,186,145,42,47,132,166,123,44];False
2269;8258;10527;[4,67,193,48,10,176,91,129,8,84,122,73,174,135,21,99,16,77,112,71,56,18,62,120,24,197,26,9,143,20,3,2,121,160,92,49,130,22,38,34,124,94,75,12,165,153,187,127,39,107,87,76,50,53,93,23,30,134,58,86,69,64,101,151,54,158,199,6,117,25,98,110,81,52,182,28,162,78,60,79,185,148,167,61,41,36,46,131,59,133,96,157,138,178,152,173,66,126,198,159,140,118,109,29,154,156,106,19,108,146,43,128,85,164,111,83,181,82,192,139,33,13,172,195,40,37,15,35,88,1,189,194,31,171,116,57,0,113,196,89,5,141,119,74,183,63,51,72,147,65,102,115,14,45,55,155,184,161,80,114,177,169,191,11,104,180,163,170,95,137,90,125,149,32,68,97,100,7,175,179,27,150,136,144,70,168,17,103,105,142,190,188,186,145,42,47,132,166,123,44];False
2287;8259;10546;[4,67,193,48,10,176,91,129,8,84,122,73,174,135,21,99,16,77,112,71,56,18,62,120,24,197,26,9,143,20,3,2,121,160,92,49,130,22,38,34,124,94,75,12,165,153,187,127,39,107,87,76,50,53,93,23,30,134,58,86,69,64,101,151,54,158,199,6,117,98,110,25,81,52,182,28,162,78,60,79,185,148,167,61,41,36,46,131,59,133,96,157,138,178,152,173,66,126,198,159,140,118,109,29,154,156,106,19,108,146,43,128,85,164,111,83,181,82,192,139,33,13,172,195,40,37,15,35,88,1,189,194,31,171,116,57,0,113,196,89,5,141,119,74,183,63,51,72,147,65,102,115,14,45,55,155,184,161,80,114,177,169,191,11,104,180,163,170,95,137,90,125,149,32,68,97,100,7,175,179,27,150,136,144,70,168,17,103,105,142,190,188,186,145,42,47,132,166,123,44];False
2381;8248;10629;[4,67,193,48,10,176,91,129,8,84,122,73,174,135,21,99,16,77,112,71,56,18,62,120,24,197,26,9,143,20,3,2,121,160,92,49,130,22,38,34,124,94,75,12,165,153,187,127,39,107,87,76,50,53,93,23,30,134,58,86,69,64,101,151,54,158,199,6,117,98,25,81,110,52,182,28,162,78,60,79,185,148,167,61,41,36,46,131,59,133,96,157,138,178,152,173,66,126,198,159,140,118,109,29,154,156,106,19,108,146,43,128,85,164,111,83,181,82,192,139,33,13,172,195,40,37,15,35,88,1,189,194,31,171,116,57,0,113,196,89,5,141,119,74,183,63,51,72,147,65,102,115,14,45,55,155,184,161,80,114,177,169,191,11,104,180,163,170,95,137,90,125,149,32,68,97,100,7,175,179,27,150,136,144,70,168,17,103,105,142,190,188,186,145,42,47,132,166,123,44];False
2323;8261;10584;[4,67,193,48,10,176,91,129,8,84,122,73,174,135,21,99,16,77,112,71,56,18,62,120,24,197,26,9,143,20,3,2,121,160,92,49,130,22,38,34,124,94,75,12,165,153,187,127,39,107,87,76,50,53,93,23,30,134,58,86,69,64,101,151,54,158,199,6,117,98,25,110,52,81,182,28,162,78,60,79,185,148,167,61,41,36,46,131,59,133,96,157,138,178,152,173,66,126,198,159,140,118,109,29,154,156,106,19,108,146,43,128,85,164,111,83,181,82,192,139,33,13,172,195,40,37,15,35,88,1,189,194,31,171,116,57,0,113,196,89,5,141,119,74,183,63,51,72,147,65,102,115,14,45,55,155,184,161,80,114,177,169,191,11,104,180,163,170,95,137,90,125,149,32,68,97,100,7,175,179,27,150,136,144,70,168,17,103,105,142,190,188,186,145,42,47,132,166,123,44];False
2328;8282;10610;[4,67,193,48,10,176,91,129,8,84,122,73,174,135,21,99,16,77,112,71,56,18,62,120,24,197,26,9,143,20,3,2,121,160,92,49,130,22,38,34,124,94,75,12,165,153,187,127,39,107,87,76,50,53,93,23,30,134,58,86,69,64,101,151,54,158,199,6,117,98,25,110,81,182,52,28,162,78,60,79,185,148,167,61,41,36,46,131,59,133,96,157,138,178,152,173,66,126,198,159,140,118,109,29,154,156,106,19,108,146,43,128,85,164,111,83,181,82,192,139,33,13,172,195,40,37,15,35,88,1,189,194,31,171,116,57,0,113,196,89,5,141,119,74,183,63,51,72,147,65,102,115,14,45,55,155,184,161,80,114,177,169,191,11,104,180,163,170,95,137,90,125,149,32,68,97,100,7,175,179,27,150,136,144,70,168,17,103,105,142,190,188,186,145,42,47,132,166,123,44];False
2410;8260;10670;[4,67,193,48,10,176,91,129,8,84,122,73,174,135,21,99,16,77,112,71,56,18,62,120,24,197,26,9,143,20,3,2,121,160,92,49,130,22,38,34,124,94,75,12,165,153,187,127,39,107,87,76,50,53,93,23,30,134,58,86,69,64,101,151,54,158,199,6,117,98,25,110,81,52,28,182,162,78,60,79,185,148,167,61,41,36,46,131,59,133,96,157,138,178,152,173,66,126,198,159,140,118,109,29,154,156,106,19,108,146,43,128,85,164,111,83,181,82,192,139,33,13,172,195,40,37,15,35,88,1,189,194,31,171,116,57,0,113,196,89,5,141,119,74,183,63,51,72,147,65,102,115,14,45,55,155,184,161,80,114,177,169,191,11,104,180,163,170,95,137,90,125,149,32,68,97,100,7,175,179,27,150,136,144,70,168,17,103,105,142,190,188,186,145,42,47,132,166,123,44];False
2354;8258;10612;[4,67,193,48,10,176,91,129,8,84,122,73,174,135,21,99,16,77,112,71,56,18,62,120,24,197,26,9,143,20,3,2,121,160,92,49,130,22,38,34,124,94,75,12,165,153,187,127,39,107,87,76,50,53,93,23,30,134,58,86,69,64,101,151,54,158,199,6,117,98,25,110,81,52,182,162,28,78,60,79,185,148,167,61,41,36,46,131,59,133,96,157,138,178,152,173,66,126,198,159,140,118,109,29,154,156,106,19,108,146,43,128,85,164,111,83,181,82,192,139,33,13,172,195,40,37,15,35,88,1,189,194,31,171,116,57,0,113,196,89,5,141,119,74,183,63,51,72,147,65,102,115,14,45,55,155,184,161,80,114,177,169,191,11,104,180,163,170,95,137,90,125,149,32,68,97,100,7,175,179,27,150,136,144,70,168,17,103,105,142,190,188,186,145,42,47,132,166,123,44];False
2347;8324;10671;[4,67,193,48,10,176,91,129,8,84,122,73,174,135,21,99,16,77,112,71,56,18,62,120,24,197,26,9,143,20,3,2,121,160,92,49,130,22,38,34,124,94,75,12,165,153,187,127,39,107,87,76,50,53,93,23,30,134,58,86,69,64,101,151,54,158,199,6,117,98,25,110,81,52,182,28,78,162,60,79,185,148,167,61,41,36,46,131,59,133,96,157,138,178,152,173,66,126,198,159,140,118,109,29,154,156,106,19,108,146,43,128,85,164,111,83,181,82,192,139,33,13,172,195,40,37,15,35,88,1,189,194,31,171,116,57,0,113,196,89,5,141,119,74,183,63,51,72,147,65,102,115,14,45,55,155,184,161,80,114,177,169,191,11,104,180,163,170,95,137,90,125,149,32,68,97,100,7,175,179,27,150,136,144,70,168,17,103,105,142,190,188,186,145,42,47,132,166,123,44];False
2260;8298;10558;[4,67,193,48,10,176,91,129,8,84,122,73,174,135,21,99,16,77,112,71,56,18,62,120,24,197,26,9,143,20,3,2,121,160,92,49,130,22,38,34,124,94,75,12,165,153,187,127,39,107,87,76,50,53,93,23,30,134,58,86,69,64,101,151,54,158,199,6,117,98,25,110,81,52,182,28,162,60,78,79,185,148,167,61,41,36,46,131,59,133,96,157,138,178,152,173,66,126,198,159,140,118,109,29,154,156,106,19,108,146,43,128,85,164,111,83,181,82,192,139,33,13,172,195,40,37,15,35,88,1,189,194,31,171,116,57,0,113,196,89,5,141,119,74,183,63,51,72,147,65,102,115,14,45,55,155,184,161,80,114,177,169,191,11,104,180,163,170,95,137,90,125,149,32,68,97,100,7,175,179,27,150,136,144,70,168,17,103,105,142,190,188,186,145,42,47,132,166,123,44];False
2266;8250;10516;[4,67,193,48,10,176,91,129,8,84,122,73,174,135,21,99,16,77,112,71,56,18,62,120,24,197,26,9,143,20,3,2,121,160,92,49,130,22,38,34,124,94,75,12,165,153,187,127,39,107,87,76,50,53,93,23,30,134,58,86,69,64,101,151,54,158,199,6,117,98,25,110,81,52,182,28,162,78,79,60,185,148,167,61,41,36,46,131,59,133,96,157,138,178,152,173,66,126,198,159,140,118,109,29,154,156,106,19,108,146,43,128,85,164,111,83,181,82,192,139,33,13,172,195,40,37,15,35,88,1,189,194,31,171,116,57,0,113,196,89,5,141,119,74,183,63,51,72,147,65,102,115,14,45,55,155,184,161,80,114,177,169,191,11,104,180,163,170,95,137,90,125,149,32,68,97,100,7,175,179,27,150,136,144,70,168,17,103,105,142,190,188,186,145,42,47,132,166,123,44];True
2300;8252;10552;[4,67,193,48,10,176,91,129,8,84,122,73,174,135,21,99,16,77,112,71,56,18,62,120,24,197,26,9,143,20,3,2,121,160,92,49,130,22,38,34,124,94,75,12,165,153,187,127,39,107,87,76,50,53,93,23,30,134,58,86,69,64,101,151,54,158,199,6,117,98,25,110,81,52,182,28,162,78,60,185,79,148,167,61,41,36,46,131,59,133,96,157,138,178,152,173,66,126,198,159,140,118,109,29,154,156,106,19,108,146,43,128,85,164,111,83,181,82,192,139,33,13,172,195,40,37,15,35,88,1,189,194,31,171,116,57,0,113,196,89,5,141,119,74,183,63,51,72,147,65,102,115,14,45,55,155,184,161,80,114,177,169,191,11,104,180,163,170,95,137,90,125,149,32,68,97,100,7,175,179,27,150,136,144,70,168,17,103,105,142,190,188,186,145,42,47,132,166,123,44];False
2317;8272;10589;[4,67,193,48,10,176,91,129,8,84,122,73,174,135,21,99,16,77,112,71,56,18,62,120,24,197,26,9,143,20,3,2,121,160,92,49,130,22,38,34,124,94,75,12,165,153,187,127,39,107,87,76,50,53,93,23,30,134,58,86,69,64,101,151,54,158,199,6,117,98,25,110,81,52,182,28,162,78,60,79,148,185,167,61,41,36,46,131,59,133,96,157,138,178,152,173,66,126,198,159,140,118,109,29,154,156,106,19,108,146,43,128,85,164,111,83,181,82,192,139,33,13,172,195,40,37,15,35,88,1,189,194,31,171,116,57,0,113,196,89,5,141,119,74,183,63,51,72,147,65,102,115,14,45,55,155,184,161,80,114,177,169,191,11,104,180,163,170,95,137,90,125,149,32,68,97,100,7,175,179,27,150,136,144,70,168,17,103,105,142,190,188,186,145,42,47,132,166,123,44];False
2340;8281;10621;[4,67,193,48,10,176,91,129,8,84,122,73,174,135,21,99,16,77,112,71,56,18,62,120,24,197,26,9,143,20,3,2,121,160,92,49,130,22,38,34,124,94,75,12,165,153,187,127,39,107,87,76,50,53,93,23,30,134,58,86,69,64,101,151,54,158,199,6,117,98,25,110,81,52,182,28,162,78,60,79,185,167,148,61,41,36,46,131,59,133,96,157,138,178,152,173,66,126,198,159,140,118,109,29,154,156,106,19,108,146,43,128,85,164,111,83,181,82,192,139,33,13,172,195,40,37,15,35,88,1,189,194,31,171,116,57,0,113,196,89,5,141,119,74,183,63,51,72,147,65,102,115,14,45,55,155,184,161,80,114,177,169,191,11,104,180,163,170,95,137,90,125,149,32,68,97,100,7,175,179,27,150,136,144,70,168,17,103,105,142,190,188,186,145,42,47,132,166,123,44];False
2347;8280;10627;[4,67,193,48,10,176,91,129,8,84,122,73,174,135,21,99,16,77,112,71,56,18,62,120,24,197,26,9,143,20,3,2,121,160,92,49,130,22,38,34,124,94,75,12,165,153,187,127,39,107,87,76,50,53,93,23,30,134,58,86,69,64,101,151,54,158,199,6,117,98,25,110,81,52,182,28,162,78,60,79,185,148,61,167,41,36,46,131,59,133,96,157,138,178,152,173,66,126,198,159,140,118,109,29,154,156,106,19,108,146,43,128,85,164,111,83,181,82,192,139,33,13,172,195,40,37,15,35,88,1,189,194,31,171,116,57,0,113,196,89,5,141,119,74,183,63,51,72,147,65,102,115,14,45,55,155,184,161,80,114,177,169,191,11,104,180,163,170,95,137,90,125,149,32,68,97,100,7,175,179,27,150,136,144,70,168,17,103,105,142,190,188,186,145,42,47,132,166,123,44];False
2331;8275;10606;[4,67,193,48,10,176,91,129,8,84,122,73,174,135,21,99,16,77,112,71,56,18,62,120,24,197,26,9,143,20,3,2,121,160,92,49,130,22,38,34,124,94,75,12,165,153,187,127,39,107,87,76,50,53,93,23,30,134,58,86,69,64,101,151,54,158,199,6,117,98,25,110,81,52,182,28,162,78,60,79,185,148,167,41,61,36,46,131,59,133,96,157,138,178,152,173,66,126,198,159,140,118,109,29,154,156,106,19,108,146,43,128,85,164,111,83,181,82,192,139,33,13,172,195,40,37,15,35,88,1,189,194,31,171,116,57,0,113,196,89,5,141,119,74,183,63,51,72,147,65,102,115,14,45,55,155,184,161,80,114,177,169,191,11,104,180,163,170,95,137,90,125,149,32,68,97,100,7,175,179,27,150,136,144,70,168,17,103,105,142,190,188,186,145,42,47,132,166,123,44];False
2315;8259;10574;[4,67,193,48,10,176,91,129,8,84,122,73,174,135,21,99,16,77,112,71,56,18,62,120,24,197,26,9,143,20,3,2,121,160,92,49,130,22,38,34,124,94,75,12,165,153,187,127,39,107,87,76,50,53,93,23,30,134,58,86,69,64,101,151,54,158,199,6,117,98,25,110,81,52,182,28,162,78,60,79,185,148,167,61,36,41,46,131,59,133,96,157,138,178,152,173,66,126,198,159,140,118,109,29,154,156,106,19,108,146,43,128,85,164,111,83,181,82,192,139,33,13,172,195,40,37,15,35,88,1,189,194,31,171,116,57,0,113,196,89,5,141,119,74,183,63,51,72,147,65,102,115,14,45,55,155,184,161,80,114,177,169,191,11,104,180,163,170,95,137,90,125,149,32,68,97,100,7,175,179,27,150,136,144,70,168,17,103,105,142,190,188,186,145,42,47,132,166,123,44];False
2353;8233;10586;[4,67,193,48,10,176,91,129,8,84,122,73,174,135,21,99,16,77,112,71,56,18,62,120,24,197,26,9,143,20,3,2,121,160,92,49,130,22,38,34,124,94,75,12,165,153,187,127,39,107,87,76,50,53,93,23,30,134,58,86,69,64,101,151,54,158,199,6,117,98,25,110,81,52,182,28,162,78,60,79,185,148,167,61,41,46,36,131,59,133,96,157,138,178,152,173,66,126,198,159,140,118,109,29,154,156,106,19,108,146,43,128,85,164,111,83,181,82,192,139,33,13,172,195,40,37,15,35,88,1,189,194,31,171,116,57,0,113,196,89,5,141,119,74,183,63,51,72,147,65,102,115,14,45,55,155,184,161,80,114,177,169,191,11,104,180,163,170,95,137,90,125,149,32,68,97,100,7,175,179,27,150,136,144,70,168,17,103,105,142,190,188,186,145,42,47,132,166,123,44];False
2348;8266;10614;[4,67,193,48,10,176,91,129,8,84,122,73,174,135,21,99,16,77,112,71,56,18,62,120,24,197,26,9,143,20,3,2,121,160,92,49,130,22,38,34,124,94,75,12,165,153,187,127,39,107,87,76,50,53,93,23,30,134,58,86,69,64,101,151,54,158,199,6,117,98,25,110,81,52,182,28,162,78,60,79,185,148,167,61,41,36,131,46,59,133,96,157,138,178,152,173,66,126,198,159,140,118,109,29,154,156,106,19,108,146,43,128,85,164,111,83,181,82,192,139,33,13,172,195,40,37,15,35,88,1,189,194,31,171,116,57,0,113,196,89,5,141,119,74,183,63,51,72,147,65,102,115,14,45,55,155,184,161,80,114,177,169,191,11,104,180,163,170,95,137,90,125,149,32,68,97,100,7,175,179,27,150,136,144,70,168,17,103,105,142,190,188,186,145,42,47,132,166,123,44];False
2394;8259;10653;[4,67,193,48,10,176,91,129,8,84,122,73,174,135,21,99,16,77,112,71,56,18,62,120,24,197,26,9,143,20,3,2,121,160,92,49,130,22,38,34,124,94,75,12,165,153,187,127,39,107,87,76,50,53,93,23,30,134,58,86,69,64,101,151,54,158,199,6,117,98,25,110,81,52,182,28,162,78,60,79,185,148,167,61,41,36,46,59,131,133,96,157,138,178,152,173,66,126,198,159,140,118,109,29,154,156,106,19,108,146,43,128,85,164,111,83,181,82,192,139,33,13,172,195,40,37,15,35,88,1,189,194,31,171,116,57,0,113,196,89,5,141,119,74,183,63,51,72,147,65,102,115,14,45,55,155,184,161,80,114,177,169,191,11,104,180,163,170,95,137,90,125,149,32,68,97,100,7,175,179,27,150,136,144,70,168,17,103,105,142,190,188,186,145,42,47,132,166,123,44];False
2337;8248;10585;[4,67,193,48,10,176,91,129,8,84,122,73,174,135,21,99,16,77,112,71,56,18,62,120,24,197,26,9,143,20,3,2,121,160,92,49,130,22,38,34,124,94,75,12,165,153,187,127,39,107,87,76,50,53,93,23,30,134,58,86,69,64,101,151,54,158,199,6,117,98,25,110,81,52,182,28,162,78,60,79,185,148,167,61,41,36,46,131,133,59,96,157,138,178,152,173,66,126,198,159,140,118,109,29,154,156,106,19,108,146,43,128,85,164,111,83,181,82,192,139,33,13,172,195,40,37,15,35,88,1,189,194,31,171,116,57,0,113,196,89,5,141,119,74,183,63,51,72,147,65,102,115,14,45,55,155,184,161,80,114,177,169,191,11,104,180,163,170,95,137,90,125,149,32,68,97,100,7,175,179,27,150,136,144,70,168,17,103,105,142,190,188,186,145,42,47,132,166,123,44];False
2375;8246;10621;[4,67,193,48,10,176,91,129,8,84,122,73,174,135,21,99,16,77,112,71,56,18,62,120,24,197,26,9,143,20,3,2,121,160,92,49,130,22,38,34,124,94,75,12,165,153,187,127,39,107,87,76,50,53,93,23,30,134,58,86,69,64,101,151,54,158,199,6,117,98,25,110,81,52,182,28,162,78,60,79,185,148,167,61,41,36,46,131,59,96,133,157,138,178,152,173,66,126,198,159,140,118,109,29,154,156,106,19,108,146,43,128,85,164,111,83,181,82,192,139,33,13,172,195,40,37,15,35,88,1,189,194,31,171,116,57,0,113,196,89,5,141,119,74,183,63,51,72,147,65,102,115,14,45,55,155,184,161,80,114,177,169,191,11,104,180,163,170,95,137,90,125,149,32,68,97,100,7,175,179,27,150,136,144,70,168,17,103,105,142,190,188,186,145,42,47,132,166,123,44];False
2427;8300;10727;[4,67,193,48,10,176,91,129,8,84,122,73,174,135,21,99,16,77,112,71,56,18,62,120,24,197,26,9,143,20,3,2,121,160,92,49,130,22,38,34,124,94,75,12,165,153,187,127,39,107,87,76,50,53,93,23,30,134,58,86,69,64,101,151,54,158,199,6,117,98,25,110,81,52,182,28,162,78,60,79,185,148,167,61,41,36,46,131,59,133,157,96,138,178,152,173,66,126,198,159,140,118,109,29,154,156,106,19,108,146,43,128,85,164,111,83,181,82,192,139,33,13,172,195,40,37,15,35,88,1,189,194,31,171,116,57,0,113,196,89,5,141,119,74,183,63,51,72,147,65,102,115,14,45,55,155,184,161,80,114,177,169,191,11,104,180,163,170,95,137,90,125,149,32,68,97,100,7,175,179,27,150,136,144,70,168,17,103,105,142,190,188,186,145,42,47,132,166,123,44];False
2374;8254;10628;[4,67,193,48,10,176,91,129,8,84,122,73,174,135,21,99,16,77,112,71,56,18,62,120,24,197,26,9,143,20,3,2,121,160,92,49,130,22,38,34,124,94,75,12,165,153,187,127,39,107,87,76,50,53,93,23,30,134,58,86,69,64,101,151,54,158,199,6,117,98,25,110,81,52,182,28,162,78,60,79,185,148,167,61,41,36,46,131,59,133,96,138,157,178,152,173,66,126,198,159,140,118,109,29,154,156,106,19,108,146,43,128,85,164,111,83,181,82,192,139,33,13,172,195,40,37,15,35,88,1,189,194,31,171,116,57,0,113,196,89,5,141,119,74,183,63,51,72,147,65,102,115,14,45,55,155,184,161,80,114,177,169,191,11,104,180,163,170,95,137,90,125,149,32,68,97,100,7,175,179,27,150,136,144,70,168,17,103,105,142,190,188,186,145,42,47,132,166,123,44];False
2300;8253;10553;[4,67,193,48,10,176,91,129,8,84,122,73,174,135,21,99,16,77,112,71,56,18,62,120,24,197,26,9,143,20,3,2,121,160,92,49,130,22,38,34,124,94,75,12,165,153,187,127,39,107,87,76,50,53,93,23,30,134,58,86,69,64,101,151,54,158,199,6,117,98,25,110,81,52,182,28,162,78,60,79,185,148,167,61,41,36,46,131,59,133,96,157,178,138,152,173,66,126,198,159,140,118,109,29,154,156,106,19,108,146,43,128,85,164,111,83,181,82,192,139,33,13,172,195,40,37,15,35,88,1,189,194,31,171,116,57,0,113,196,89,5,141,119,74,183,63,51,72,147,65,102,115,14,45,55,155,184,161,80,114,177,169,191,11,104,180,163,170,95,137,90,125,149,32,68,97,100,7,175,179,27,150,136,144,70,168,17,103,105,142,190,188,186,145,42,47,132,166,123,44];False
2363;8252;10615;[4,67,193,48,10,176,91,129,8,84,122,73,174,135,21,99,16,77,112,71,56,18,62,120,24,197,26,9,143,20,3,2,121,160,92,49,130,22,38,34,124,94,75,12,165,153,187,127,39,107,87,76,50,53,93,23,30,134,58,86,69,64,101,151,54,158,199,6,117,98,25,110,81,52,182,28,162,78,60,79,185,148,167,61,41,36,46,131,59,133,96,157,138,152,178,173,66,126,198,159,140,118,109,29,154,156,106,19,108,146,43,128,85,164,111,83,181,82,192,139,33,13,172,195,40,37,15,35,88,1,189,194,31,171,116,57,0,113,196,89,5,141,119,74,183,63,51,72,147,65,102,115,14,45,55,155,184,161,80,114,177,169,191,11,104,180,163,170,95,137,90,125,149,32,68,97,100,7,175,179,27,150,136,144,70,168,17,103,105,142,190,188,186,145,42,47,132,166,123,44];False
2346;8242;10588;[4,67,193,48,10,176,91,129,8,84,122,73,174,135,21,99,16,77,112,71,56,18,62,120,24,197,26,9,143,20,3,2,121,160,92,49,130,22,38,34,124,94,75,12,165,153,187,127,39,107,87,76,50,53,93,23,30,134,58,86,69,64,101,151,54,158,199,6,117,98,25,110,81,52,182,28,162,78,60,79,185,148,167,61,41,36,46,131,59,133,96,157,138,178,173,152,66,126,198,159,140,118,109,29,154,156,106,19,108,146,43,128,85,164,111,83,181,82,192,139,33,13,172,195,40,37,15,35,88,1,189,194,31,171,116,57,0,113,196,89,5,141,119,74,183,63,51,72,147,65,102,115,14,45,55,155,184,161,80,114,177,169,191,11,104,180,163,170,95,137,90,125,149,32,68,97,100,7,175,179,27,150,136,144,70,168,17,103,105,142,190,188,186,145,42,47,132,166,123,44];False
2294;8259;10553;[4,67,193,48,10,176,91,129,8,84,122,73,174,135,21,99,16,77,112,71,56,18,62,120,24,197,26,9,143,20,3,2,121,160,92,49,130,22,38,34,124,94,75,12,165,153,187,127,39,107,87,76,50,53,93,23,30,134,58,86,69,64,101,151,54,158,199,6,117,98,25,110,81,52,182,28,162,78,60,79,185,148,167,61,41,36,46,131,59,133,96,157,138,178,152,66,173,126,198,159,140,118,109,29,154,156,106,19,108,146,43,128,85,164,111,83,181,82,192,139,33,13,172,195,40,37,15,35,88,1,189,194,31,171,116,57,0,113,196,89,5,141,119,74,183,63,51,72,147,65,102,115,14,45,55,155,184,161,80,114,177,169,191,11,104,180,163,170,95,137,90,125,149,32,68,97,100,7,175,179,27,150,136,144,70,168,17,103,105,142,190,188,186,145,42,47,132,166,123,44];False
2319;8273;10592;[4,67,193,48,10,176,91,129,8,84,122,73,174,135,21,99,16,77,112,71,56,18,62,120,24,197,26,9,143,20,3,2,121,160,92,49,130,22,38,34,124,94,75,12,165,153,187,127,39,107,87,76,50,53,93,23,30,134,58,86,69,64,101,151,54,158,199,6,117,98,25,110,81,52,182,28,162,78,60,79,185,148,167,61,41,36,46,131,59,133,96,157,138,178,152,173,126,66,198,159,140,118,109,29,154,156,106,19,108,146,43,128,85,164,111,83,181,82,192,139,33,13,172,195,40,37,15,35,88,1,189,194,31,171,116,57,0,113,196,89,5,141,119,74,183,63,51,72,147,65,102,115,14,45,55,155,184,161,80,114,177,169,191,11,104,180,163,170,95,137,90,125,149,32,68,97,100,7,175,179,27,150,136,144,70,168,17,103,105,142,190,188,186,145,42,47,132,166,123,44];False
2404;8267;10671;[4,67,193,48,10,176,91,129,8,84,122,73,174,135,21,99,16,77,112,71,56,18,62,120,24,197,26,9,143,20,3,2,121,160,92,49,130,22,38,34,124,94,75,12,165,153,187,127,39,107,87,76,50,53,93,23,30,134,58,86,69,64,101,151,54,158,199,6,117,98,25,110,81,52,182,28,162,78,60,79,185,148,167,61,41,36,46,131,59,133,96,157,138,178,152,173,66,198,126,159,140,118,109,29,154,156,106,19,108,146,43,128,85,164,111,83,181,82,192,139,33,13,172,195,40,37,15,35,88,1,189,194,31,171,116,57,0,113,196,89,5,141,119,74,183,63,51,72,147,65,102,115,14,45,55,155,184,161,80,114,177,169,191,11,104,180,163,170,95,137,90,125,149,32,68,97,100,7,175,179,27,150,136,144,70,168,17,103,105,142,190,188,186,145,42,47,132,166,123,44];False
2371;8273;10644;[4,67,193,48,10,176,91,129,8,84,122,73,174,135,21,99,16,77,112,71,56,18,62,120,24,197,26,9,143,20,3,2,121,160,92,49,130,22,38,34,124,94,75,12,165,153,187,127,39,107,87,76,50,53,93,23,30,134,58,86,69,64,101,151,54,158,199,6,117,98,25,110,81,52,182,28,162,78,60,79,185,148,167,61,41,36,46,131,59,133,96,157,138,178,152,173,66,126,159,198,140,118,109,29,154,156,106,19,108,146,43,128,85,164,111,83,181,82,192,139,33,13,172,195,40,37,15,35,88,1,189,194,31,171,116,57,0,113,196,89,5,141,119,74,183,63,51,72,147,65,102,115,14,45,55,155,184,161,80,114,177,169,191,11,104,180,163,170,95,137,90,125,149,32,68,97,100,7,175,179,27,150,136,144,70,168,17,103,105,142,190,188,186,145,42,47,132,166,123,44];False
2281;8276;10557;[4,67,193,48,10,176,91,129,8,84,122,73,174,135,21,99,16,77,112,71,56,18,62,120,24,197,26,9,143,20,3,2,121,160,92,49,130,22,38,34,124,94,75,12,165,153,187,127,39,107,87,76,50,53,93,23,30,134,58,86,69,64,101,151,54,158,199,6,117,98,25,110,81,52,182,28,162,78,60,79,185,148,167,61,41,36,46,131,59,133,96,157,138,178,152,173,66,126,198,140,159,118,109,29,154,156,106,19,108,146,43,128,85,164,111,83,181,82,192,139,33,13,172,195,40,37,15,35,88,1,189,194,31,171,116,57,0,113,196,89,5,141,119,74,183,63,51,72,147,65,102,115,14,45,55,155,184,161,80,114,177,169,191,11,104,180,163,170,95,137,90,125,149,32,68,97,100,7,175,179,27,150,136,144,70,168,17,103,105,142,190,188,186,145,42,47,132,166,123,44];False
2254;8267;10521;[4,67,193,48,10,176,91,129,8,84,122,73,174,135,21,99,16,77,112,71,56,18,62,120,24,197,26,9,143,20,3,2,121,160,92,49,130,22,38,34,124,94,75,12,165,153,187,127,39,107,87,76,50,53,93,23,30,134,58,86,69,64,101,151,54,158,199,6,117,98,25,110,81,52,182,28,162,78,60,79,185,148,167,61,41,36,46,131,59,133,96,157,138,178,152,173,66,126,198,159,118,140,109,29,154,156,106,19,108,146,43,128,85,164,111,83,181,82,192,139,33,13,172,195,40,37,15,35,88,1,189,194,31,171,116,57,0,113,196,89,5,141,119,74,183,63,51,72,147,65,102,115,14,45,55,155,184,161,80,114,177,169,191,11,104,180,163,170,95,137,90,125,149,32,68,97,100,7,175,179,27,150,136,144,70,168,17,103,105,142,190,188,186,145,42,47,132,166,123,44];False
2271;8256;10527;[4,67,193,48,10,176,91,129,8,84,122,73,174,135,21,99,16,77,112,71,56,18,62,120,24,197,26,9,143,20,3,2,121,160,92,49,130,22,38,34,124,94,75,12,165,153,187,127,39,107,87,76,50,53,93,23,30,134,58,86,69,64,101,151,54,158,199,6,117,98,25,110,81,52,182,28,162,78,60,79,185,148,167,61,41,36,46,131,59,133,96,157,138,178,152,173,66,126,198,159,140,109,118,29,154,156,106,19,108,146,43,128,85,164,111,83,181,82,192,139,33,13,172,195,40,37,15,35,88,1,189,194,31,171,116,57,0,113,196,89,5,141,119,74,183,63,51,72,147,65,102,115,14,45,55,155,184,161,80,114,177,169,191,11,104,180,163,170,95,137,90,125,149,32,68,97,100,7,175,179,27,150,136,144,70,168,17,103,105,142,190,188,186,145,42,47,132,166,123,44];False
2301;8267;10568;[4,67,193,48,10,176,91,129,8,84,122,73,174,135,21,99,16,77,112,71,56,18,62,120,24,197,26,9,143,20,3,2,121,160,92,49,130,22,38,34,124,94,75,12,165,153,187,127,39,107,87,76,50,53,93,23,30,134,58,86,69,64,101,151,54,158,199,6,117,98,25,110,81,52,182,28,162,78,60,79,185,148,167,61,41,36,46,131,59,133,96,157,138,178,152,173,66,126,198,159,140,118,29,109,154,156,106,19,108,146,43,128,85,164,111,83,181,82,192,139,33,13,172,195,40,37,15,35,88,1,189,194,31,171,116,57,0,113,196,89,5,141,119,74,183,63,51,72,147,65,102,115,14,45,55,155,184,161,80,114,177,169,191,11,104,180,163,170,95,137,90,125,149,32,68,97,100,7,175,179,27,150,136,144,70,168,17,103,105,142,190,188,186,145,42,47,132,166,123,44];False
2286;8273;10559;[4,67,193,48,10,176,91,129,8,84,122,73,174,135,21,99,16,77,112,71,56,18,62,120,24,197,26,9,143,20,3,2,121,160,92,49,130,22,38,34,124,94,75,12,165,153,187,127,39,107,87,76,50,53,93,23,30,134,58,86,69,64,101,151,54,158,199,6,117,98,25,110,81,52,182,28,162,78,60,79,185,148,167,61,41,36,46,131,59,133,96,157,138,178,152,173,66,126,198,159,140,118,109,154,29,156,106,19,108,146,43,128,85,164,111,83,181,82,192,139,33,13,172,195,40,37,15,35,88,1,189,194,31,171,116,57,0,113,196,89,5,141,119,74,183,63,51,72,147,65,102,115,14,45,55,155,184,161,80,114,177,169,191,11,104,180,163,170,95,137,90,125,149,32,68,97,100,7,175,179,27,150,136,144,70,168,17,103,105,142,190,188,186,145,42,47,132,166,123,44];False
2302;8278;10580;[4,67,193,48,10,176,91,129,8,84,122,73,174,135,21,99,16,77,112,71,56,18,62,120,24,197,26,9,143,20,3,2,121,160,92,49,130,22,38,34,124,94,75,12,165,153,187,127,39,107,87,76,50,53,93,23,30,134,58,86,69,64,101,151,54,158,199,6,117,98,25,110,81,52,182,28,162,78,60,79,185,148,167,61,41,36,46,131,59,133,96,157,138,178,152,173,66,126,198,159,140,118,109,29,156,154,106,19,108,146,43,128,85,164,111,83,181,82,192,139,33,13,172,195,40,37,15,35,88,1,189,194,31,171,116,57,0,113,196,89,5,141,119,74,183,63,51,72,147,65,102,115,14,45,55,155,184,161,80,114,177,169,191,11,104,180,163,170,95,137,90,125,149,32,68,97,100,7,175,179,27,150,136,144,70,168,17,103,105,142,190,188,186,145,42,47,132,166,123,44];False
2310;8279;10589;[4,67,193,48,10,176,91,129,8,84,122,73,174,135,21,99,16,77,112,71,56,18,62,120,24,197,26,9,143,20,3,2,121,160,92,49,130,22,38,34,124,94,75,12,165,153,187,127,39,107,87,76,50,53,93,23,30,134,58,86,69,64,101,151,54,158,199,6,117,98,25,110,81,52,182,28,162,78,60,79,185,148,167,61,41,36,46,131,59,133,96,157,138,178,152,173,66,126,198,159,140,118,109,29,154,106,156,19,108,146,43,128,85,164,111,83,181,82,192,139,33,13,172,195,40,37,15,35,88,1,189,194,31,171,116,57,0,113,196,89,5,141,119,74,183,63,51,72,147,65,102,115,14,45,55,155,184,161,80,114,177,169,191,11,104,180,163,170,95,137,90,125,149,32,68,97,100,7,175,179,27,150,136,144,70,168,17,103,105,142,190,188,186,145,42,47,132,166,123,44];False
2344;8278;10622;[4,67,193,48,10,176,91,129,8,84,122,73,174,135,21,99,16,77,112,71,56,18,62,120,24,197,26,9,143,20,3,2,121,160,92,49,130,22,38,34,124,94,75,12,165,153,187,127,39,107,87,76,50,53,93,23,30,134,58,86,69,64,101,151,54,158,199,6,117,98,25,110,81,52,182,28,162,78,60,79,185,148,167,61,41,36,46,131,59,133,96,157,138,178,152,173,66,126,198,159,140,118,109,29,154,156,19,106,108,146,43,128,85,164,111,83,181,82,192,139,33,13,172,195,40,37,15,35,88,1,189,194,31,171,116,57,0,113,196,89,5,141,119,74,183,63,51,72,147,65,102,115,14,45,55,155,184,161,80,114,177,169,191,11,104,180,163,170,95,137,90,125,149,32,68,97,100,7,175,179,27,150,136,144,70,168,17,103,105,142,190,188,186,145,42,47,132,166,123,44];False
2346;8261;10607;[4,67,193,48,10,176,91,129,8,84,122,73,174,135,21,99,16,77,112,71,56,18,62,120,24,197,26,9,143,20,3,2,121,160,92,49,130,22,38,34,124,94,75,12,165,153,187,127,39,107,87,76,50,53,93,23,30,134,58,86,69,64,101,151,54,158,199,6,117,98,25,110,81,52,182,28,162,78,60,79,185,148,167,61,41,36,46,131,59,133,96,157,138,178,152,173,66,126,198,159,140,118,109,29,154,156,106,108,19,146,43,128,85,164,111,83,181,82,192,139,33,13,172,195,40,37,15,35,88,1,189,194,31,171,116,57,0,113,196,89,5,141,119,74,183,63,51,72,147,65,102,115,14,45,55,155,184,161,80,114,177,169,191,11,104,180,163,170,95,137,90,125,149,32,68,97,100,7,175,179,27,150,136,144,70,168,17,103,105,142,190,188,186,145,42,47,132,166,123,44];False
2261;8272;10533;[4,67,193,48,10,176,91,129,8,84,122,73,174,135,21,99,16,77,112,71,56,18,62,120,24,197,26,9,143,20,3,2,121,160,92,49,130,22,38,34,124,94,75,12,165,153,187,127,39,107,87,76,50,53,93,23,30,134,58,86,69,64,101,151,54,158,199,6,117,98,25,110,81,52,182,28,162,78,60,79,185,148,167,61,41,36,46,131,59,133,96,157,138,178,152,173,66,126,198,159,140,118,109,29,154,156,106,19,146,108,43,128,85,164,111,83,181,82,192,139,33,13,172,195,40,37,15,35,88,1,189,194,31,171,116,57,0,113,196,89,5,141,119,74,183,63,51,72,147,65,102,115,14,45,55,155,184,161,80,114,177,169,191,11,104,180,163,170,95,137,90,125,149,32,68,97,100,7,175,179,27,150,136,144,70,168,17,103,105,142,190,188,186,145,42,47,132,166,123,44];False
2331;8313;10644;[4,67,193,48,10,176,91,129,8,84,122,73,174,135,21,99,16,77,112,71,56,18,62,120,24,197,26,9,143,20,3,2,121,160,92,49,130,22,38,34,124,94,75,12,165,153,187,127,39,107,87,76,50,53,93,23,30,134,58,86,69,64,101,151,54,158,199,6,117,98,25,110,81,52,182,28,162,78,60,79,185,148,167,61,41,36,46,131,59,133,96,157,138,178,152,173,66,126,198,159,140,118,109,29,154,156,106,19,108,43,146,128,85,164,111,83,181,82,192,139,33,13,172,195,40,37,15,35,88,1,189,194,31,171,116,57,0,113,196,89,5,141,119,74,183,63,51,72,147,65,102,115,14,45,55,155,184,161,80,114,177,169,191,11,104,180,163,170,95,137,90,125,149,32,68,97,100,7,175,179,27,150,136,144,70,168,17,103,105,142,190,188,186,145,42,47,132,166,123,44];False
2426;8272;10698;[4,67,193,48,10,176,91,129,8,84,122,73,174,135,21,99,16,77,112,71,56,18,62,120,24,197,26,9,143,20,3,2,121,160,92,49,130,22,38,34,124,94,75,12,165,153,187,127,39,107,87,76,50,53,93,23,30,134,58,86,69,64,101,151,54,158,199,6,117,98,25,110,81,52,182,28,162,78,60,79,185,148,167,61,41,36,46,131,59,133,96,157,138,178,152,173,66,126,198,159,140,118,109,29,154,156,106,19,108,146,128,43,85,164,111,83,181,82,192,139,33,13,172,195,40,37,15,35,88,1,189,194,31,171,116,57,0,113,196,89,5,141,119,74,183,63,51,72,147,65,102,115,14,45,55,155,184,161,80,114,177,169,191,11,104,180,163,170,95,137,90,125,149,32,68,97,100,7,175,179,27,150,136,144,70,168,17,103,105,142,190,188,186,145,42,47,132,166,123,44];False
2335;8296;10631;[4,67,193,48,10,176,91,129,8,84,122,73,174,135,21,99,16,77,112,71,56,18,62,120,24,197,26,9,143,20,3,2,121,160,92,49,130,22,38,34,124,94,75,12,165,153,187,127,39,107,87,76,50,53,93,23,30,134,58,86,69,64,101,151,54,158,199,6,117,98,25,110,81,52,182,28,162,78,60,79,185,148,167,61,41,36,46,131,59,133,96,157,138,178,152,173,66,126,198,159,140,118,109,29,154,156,106,19,108,146,43,85,128,164,111,83,181,82,192,139,33,13,172,195,40,37,15,35,88,1,189,194,31,171,116,57,0,113,196,89,5,141,119,74,183,63,51,72,147,65,102,115,14,45,55,155,184,161,80,114,177,169,191,11,104,180,163,170,95,137,90,125,149,32,68,97,100,7,175,179,27,150,136,144,70,168,17,103,105,142,190,188,186,145,42,47,132,166,123,44];False
2406;8290;10696;[4,67,193,48,10,176,91,129,8,84,122,73,174,135,21,99,16,77,112,71,56,18,62,120,24,197,26,9,143,20,3,2,121,160,92,49,130,22,38,34,124,94,75,12,165,153,187,127,39,107,87,76,50,53,93,23,30,134,58,86,69,64,101,151,54,158,199,6,117,98,25,110,81,52,182,28,162,78,60,79,185,148,167,61,41,36,46,131,59,133,96,157,138,178,152,173,66,126,198,159,140,118,109,29,154,156,106,19,108,146,43,128,164,85,111,83,181,82,192,139,33,13,172,195,40,37,15,35,88,1,189,194,31,171,116,57,0,113,196,89,5,141,119,74,183,63,51,72,147,65,102,115,14,45,55,155,184,161,80,114,177,169,191,11,104,180,163,170,95,137,90,125,149,32,68,97,100,7,175,179,27,150,136,144,70,168,17,103,105,142,190,188,186,145,42,47,132,166,123,44];False
2414;8292;10706;[4,67,193,48,10,176,91,129,8,84,122,73,174,135,21,99,16,77,112,71,56,18,62,120,24,197,26,9,143,20,3,2,121,160,92,49,130,22,38,34,124,94,75,12,165,153,187,127,39,107,87,76,50,53,93,23,30,134,58,86,69,64,101,151,54,158,199,6,117,98,25,110,81,52,182,28,162,78,60,79,185,148,167,61,41,36,46,131,59,133,96,157,138,178,152,173,66,126,198,159,140,118,109,29,154,156,106,19,108,146,43,128,85,111,164,83,181,82,192,139,33,13,172,195,40,37,15,35,88,1,189,194,31,171,116,57,0,113,196,89,5,141,119,74,183,63,51,72,147,65,102,115,14,45,55,155,184,161,80,114,177,169,191,11,104,180,163,170,95,137,90,125,149,32,68,97,100,7,175,179,27,150,136,144,70,168,17,103,105,142,190,188,186,145,42,47,132,166,123,44];False
2289;8242;10531;[4,67,193,48,10,176,91,129,8,84,122,73,174,135,21,99,16,77,112,71,56,18,62,120,24,197,26,9,143,20,3,2,121,160,92,49,130,22,38,34,124,94,75,12,165,153,187,127,39,107,87,76,50,53,93,23,30,134,58,86,69,64,101,151,54,158,199,6,117,98,25,110,81,52,182,28,162,78,60,79,185,148,167,61,41,36,46,131,59,133,96,157,138,178,152,173,66,126,198,159,140,118,109,29,154,156,106,19,108,146,43,128,85,164,83,111,181,82,192,139,33,13,172,195,40,37,15,35,88,1,189,194,31,171,116,57,0,113,196,89,5,141,119,74,183,63,51,72,147,65,102,115,14,45,55,155,184,161,80,114,177,169,191,11,104,180,163,170,95,137,90,125,149,32,68,97,100,7,175,179,27,150,136,144,70,168,17,103,105,142,190,188,186,145,42,47,132,166,123,44];False
2360;8272;10632;[4,67,193,48,10,176,91,129,8,84,122,73,174,135,21,99,16,77,112,71,56,18,62,120,24,197,26,9,143,20,3,2,121,160,92,49,130,22,38,34,124,94,75,12,165,153,187,127,39,107,87,76,50,53,93,23,30,134,58,86,69,64,101,151,54,158,199,6,117,98,25,110,81,52,182,28,162,78,60,79,185,148,167,61,41,36,46,131,59,133,96,157,138,178,152,173,66,126,198,159,140,118,109,29,154,156,106,19,108,146,43,128,85,164,111,181,83,82,192,139,33,13,172,195,40,37,15,35,88,1,189,194,31,171,116,57,0,113,196,89,5,141,119,74,183,63,51,72,147,65,102,115,14,45,55,155,184,161,80,114,177,169,191,11,104,180,163,170,95,137,90,125,149,32,68,97,100,7,175,179,27,150,136,144,70,168,17,103,105,142,190,188,186,145,42,47,132,166,123,44];False
2414;8306;10720;[4,67,193,48,10,176,91,129,8,84,122,73,174,135,21,99,16,77,112,71,56,18,62,120,24,197,26,9,143,20,3,2,121,160,92,49,130,22,38,34,124,94,75,12,165,153,187,127,39,107,87,76,50,53,93,23,30,134,58,86,69,64,101,151,54,158,199,6,117,98,25,110,81,52,182,28,162,78,60,79,185,148,167,61,41,36,46,131,59,133,96,157,138,178,152,173,66,126,198,159,140,118,109,29,154,156,106,19,108,146,43,128,85,164,111,83,82,181,192,139,33,13,172,195,40,37,15,35,88,1,189,194,31,171,116,57,0,113,196,89,5,141,119,74,183,63,51,72,147,65,102,115,14,45,55,155,184,161,80,114,177,169,191,11,104,180,163,170,95,137,90,125,149,32,68,97,100,7,175,179,27,150,136,144,70,168,17,103,105,142,190,188,186,145,42,47,132,166,123,44];False
2359;8291;10650;[4,67,193,48,10,176,91,129,8,84,122,73,174,135,21,99,16,77,112,71,56,18,62,120,24,197,26,9,143,20,3,2,121,160,92,49,130,22,38,34,124,94,75,12,165,153,187,127,39,107,87,76,50,53,93,23,30,134,58,86,69,64,101,151,54,158,199,6,117,98,25,110,81,52,182,28,162,78,60,79,185,148,167,61,41,36,46,131,59,133,96,157,138,178,152,173,66,126,198,159,140,118,109,29,154,156,106,19,108,146,43,128,85,164,111,83,181,192,82,139,33,13,172,195,40,37,15,35,88,1,189,194,31,171,116,57,0,113,196,89,5,141,119,74,183,63,51,72,147,65,102,115,14,45,55,155,184,161,80,114,177,169,191,11,104,180,163,170,95,137,90,125,149,32,68,97,100,7,175,179,27,150,136,144,70,168,17,103,105,142,190,188,186,145,42,47,132,166,123,44];False
2293;8303;10596;[4,67,193,48,10,176,91,129,8,84,122,73,174,135,21,99,16,77,112,71,56,18,62,120,24,197,26,9,143,20,3,2,121,160,92,49,130,22,38,34,124,94,75,12,165,153,187,127,39,107,87,76,50,53,93,23,30,134,58,86,69,64,101,151,54,158,199,6,117,98,25,110,81,52,182,28,162,78,60,79,185,148,167,61,41,36,46,131,59,133,96,157,138,178,152,173,66,126,198,159,140,118,109,29,154,156,106,19,108,146,43,128,85,164,111,83,181,82,139,192,33,13,172,195,40,37,15,35,88,1,189,194,31,171,116,57,0,113,196,89,5,141,119,74,183,63,51,72,147,65,102,115,14,45,55,155,184,161,80,114,177,169,191,11,104,180,163,170,95,137,90,125,149,32,68,97,100,7,175,179,27,150,136,144,70,168,17,103,105,142,190,188,186,145,42,47,132,166,123,44];False
2391;8290;10681;[4,67,193,48,10,176,91,129,8,84,122,73,174,135,21,99,16,77,112,71,56,18,62,120,24,197,26,9,143,20,3,2,121,160,92,49,130,22,38,34,124,94,75,12,165,153,187,127,39,107,87,76,50,53,93,23,30,134,58,86,69,64,101,151,54,158,199,6,117,98,25,110,81,52,182,28,162,78,60,79,185,148,167,61,41,36,46,131,59,133,96,157,138,178,152,173,66,126,198,159,140,118,109,29,154,156,106,19,108,146,43,128,85,164,111,83,181,82,192,33,139,13,172,195,40,37,15,35,88,1,189,194,31,171,116,57,0,113,196,89,5,141,119,74,183,63,51,72,147,65,102,115,14,45,55,155,184,161,80,114,177,169,191,11,104,180,163,170,95,137,90,125,149,32,68,97,100,7,175,179,27,150,136,144,70,168,17,103,105,142,190,188,186,145,42,47,132,166,123,44];False
2395;8269;10664;[4,67,193,48,10,176,91,129,8,84,122,73,174,135,21,99,16,77,112,71,56,18,62,120,24,197,26,9,143,20,3,2,121,160,92,49,130,22,38,34,124,94,75,12,165,153,187,127,39,107,87,76,50,53,93,23,30,134,58,86,69,64,101,151,54,158,199,6,117,98,25,110,81,52,182,28,162,78,60,79,185,148,167,61,41,36,46,131,59,133,96,157,138,178,152,173,66,126,198,159,140,118,109,29,154,156,106,19,108,146,43,128,85,164,111,83,181,82,192,139,13,33,172,195,40,37,15,35,88,1,189,194,31,171,116,57,0,113,196,89,5,141,119,74,183,63,51,72,147,65,102,115,14,45,55,155,184,161,80,114,177,169,191,11,104,180,163,170,95,137,90,125,149,32,68,97,100,7,175,179,27,150,136,144,70,168,17,103,105,142,190,188,186,145,42,47,132,166,123,44];False
2444;8268;10712;[4,67,193,48,10,176,91,129,8,84,122,73,174,135,21,99,16,77,112,71,56,18,62,120,24,197,26,9,143,20,3,2,121,160,92,49,130,22,38,34,124,94,75,12,165,153,187,127,39,107,87,76,50,53,93,23,30,134,58,86,69,64,101,151,54,158,199,6,117,98,25,110,81,52,182,28,162,78,60,79,185,148,167,61,41,36,46,131,59,133,96,157,138,178,152,173,66,126,198,159,140,118,109,29,154,156,106,19,108,146,43,128,85,164,111,83,181,82,192,139,33,172,13,195,40,37,15,35,88,1,189,194,31,171,116,57,0,113,196,89,5,141,119,74,183,63,51,72,147,65,102,115,14,45,55,155,184,161,80,114,177,169,191,11,104,180,163,170,95,137,90,125,149,32,68,97,100,7,175,179,27,150,136,144,70,168,17,103,105,142,190,188,186,145,42,47,132,166,123,44];False
2336;8270;10606;[4,67,193,48,10,176,91,129,8,84,122,73,174,135,21,99,16,77,112,71,56,18,62,120,24,197,26,9,143,20,3,2,121,160,92,49,130,22,38,34,124,94,75,12,165,153,187,127,39,107,87,76,50,53,93,23,30,134,58,86,69,64,101,151,54,158,199,6,117,98,25,110,81,52,182,28,162,78,60,79,185,148,167,61,41,36,46,131,59,133,96,157,138,178,152,173,66,126,198,159,140,118,109,29,154,156,106,19,108,146,43,128,85,164,111,83,181,82,192,139,33,13,195,172,40,37,15,35,88,1,189,194,31,171,116,57,0,113,196,89,5,141,119,74,183,63,51,72,147,65,102,115,14,45,55,155,184,161,80,114,177,169,191,11,104,180,163,170,95,137,90,125,149,32,68,97,100,7,175,179,27,150,136,144,70,168,17,103,105,142,190,188,186,145,42,47,132,166,123,44];False
2401;8270;10671;[4,67,193,48,10,176,91,129,8,84,122,73,174,135,21,99,16,77,112,71,56,18,62,120,24,197,26,9,143,20,3,2,121,160,92,49,130,22,38,34,124,94,75,12,165,153,187,127,39,107,87,76,50,53,93,23,30,134,58,86,69,64,101,151,54,158,199,6,117,98,25,110,81,52,182,28,162,78,60,79,185,148,167,61,41,36,46,131,59,133,96,157,138,178,152,173,66,126,198,159,140,118,109,29,154,156,106,19,108,146,43,128,85,164,111,83,181,82,192,139,33,13,172,40,195,37,15,35,88,1,189,194,31,171,116,57,0,113,196,89,5,141,119,74,183,63,51,72,147,65,102,115,14,45,55,155,184,161,80,114,177,169,191,11,104,180,163,170,95,137,90,125,149,32,68,97,100,7,175,179,27,150,136,144,70,168,17,103,105,142,190,188,186,145,42,47,132,166,123,44];False
2313;8255;10568;[4,67,193,48,10,176,91,129,8,84,122,73,174,135,21,99,16,77,112,71,56,18,62,120,24,197,26,9,143,20,3,2,121,160,92,49,130,22,38,34,124,94,75,12,165,153,187,127,39,107,87,76,50,53,93,23,30,134,58,86,69,64,101,151,54,158,199,6,117,98,25,110,81,52,182,28,162,78,60,79,185,148,167,61,41,36,46,131,59,133,96,157,138,178,152,173,66,126,198,159,140,118,109,29,154,156,106,19,108,146,43,128,85,164,111,83,181,82,192,139,33,13,172,195,37,40,15,35,88,1,189,194,31,171,116,57,0,113,196,89,5,141,119,74,183,63,51,72,147,65,102,115,14,45,55,155,184,161,80,114,177,169,191,11,104,180,163,170,95,137,90,125,149,32,68,97,100,7,175,179,27,150,136,144,70,168,17,103,105,142,190,188,186,145,42,47,132,166,123,44];False
2303;8243;10546;[4,67,193,48,10,176,91,129,8,84,122,73,174,135,21,99,16,77,112,71,56,18,62,120,24,197,26,9,143,20,3,2,121,160,92,49,130,22,38,34,124,94,75,12,165,153,187,127,39,107,87,76,50,53,93,23,30,134,58,86,69,64,101,151,54,158,199,6,117,98,25,110,81,52,182,28,162,78,60,79,185,148,167,61,41,36,46,131,59,133,96,157,138,178,152,173,66,126,198,159,140,118,109,29,154,156,106,19,108,146,43,128,85,164,111,83,181,82,192,139,33,13,172,195,40,15,37,35,88,1,189,194,31,171,116,57,0,113,196,89,5,141,119,74,183,63,51,72,147,65,102,115,14,45,55,155,184,161,80,114,177,169,191,11,104,180,163,170,95,137,90,125,149,32,68,97,100,7,175,179,27,150,136,144,70,168,17,103,105,142,190,188,186,145,42,47,132,166,123,44];False
2319;8257;10576;[4,67,193,48,10,176,91,129,8,84,122,73,174,135,21,99,16,77,112,71,56,18,62,120,24,197,26,9,143,20,3,2,121,160,92,49,130,22,38,34,124,94,75,12,165,153,187,127,39,107,87,76,50,53,93,23,30,134,58,86,69,64,101,151,54,158,199,6,117,98,25,110,81,52,182,28,162,78,60,79,185,148,167,61,41,36,46,131,59,133,96,157,138,178,152,173,66,126,198,159,140,118,109,29,154,156,106,19,108,146,43,128,85,164,111,83,181,82,192,139,33,13,172,195,40,37,35,15,88,1,189,194,31,171,116,57,0,113,196,89,5,141,119,74,183,63,51,72,147,65,102,115,14,45,55,155,184,161,80,114,177,169,191,11,104,180,163,170,95,137,90,125,149,32,68,97,100,7,175,179,27,150,136,144,70,168,17,103,105,142,190,188,186,145,42,47,132,166,123,44];False
2316;8255;10571;[4,67,193,48,10,176,91,129,8,84,122,73,174,135,21,99,16,77,112,71,56,18,62,120,24,197,26,9,143,20,3,2,121,160,92,49,130,22,38,34,124,94,75,12,165,153,187,127,39,107,87,76,50,53,93,23,30,134,58,86,69,64,101,151,54,158,199,6,117,98,25,110,81,52,182,28,162,78,60,79,185,148,167,61,41,36,46,131,59,133,96,157,138,178,152,173,66,126,198,159,140,118,109,29,154,156,106,19,108,146,43,128,85,164,111,83,181,82,192,139,33,13,172,195,40,37,15,88,35,1,189,194,31,171,116,57,0,113,196,89,5,141,119,74,183,63,51,72,147,65,102,115,14,45,55,155,184,161,80,114,177,169,191,11,104,180,163,170,95,137,90,125,149,32,68,97,100,7,175,179,27,150,136,144,70,168,17,103,105,142,190,188,186,145,42,47,132,166,123,44];False
2345;8241;10586;[4,67,193,48,10,176,91,129,8,84,122,73,174,135,21,99,16,77,112,71,56,18,62,120,24,197,26,9,143,20,3,2,121,160,92,49,130,22,38,34,124,94,75,12,165,153,187,127,39,107,87,76,50,53,93,23,30,134,58,86,69,64,101,151,54,158,199,6,117,98,25,110,81,52,182,28,162,78,60,79,185,148,167,61,41,36,46,131,59,133,96,157,138,178,152,173,66,126,198,159,140,118,109,29,154,156,106,19,108,146,43,128,85,164,111,83,181,82,192,139,33,13,172,195,40,37,15,35,1,88,189,194,31,171,116,57,0,113,196,89,5,141,119,74,183,63,51,72,147,65,102,115,14,45,55,155,184,161,80,114,177,169,191,11,104,180,163,170,95,137,90,125,149,32,68,97,100,7,175,179,27,150,136,144,70,168,17,103,105,142,190,188,186,145,42,47,132,166,123,44];False
2451;8250;10701;[4,67,193,48,10,176,91,129,8,84,122,73,174,135,21,99,16,77,112,71,56,18,62,120,24,197,26,9,143,20,3,2,121,160,92,49,130,22,38,34,124,94,75,12,165,153,187,127,39,107,87,76,50,53,93,23,30,134,58,86,69,64,101,151,54,158,199,6,117,98,25,110,81,52,182,28,162,78,60,79,185,148,167,61,41,36,46,131,59,133,96,157,138,178,152,173,66,126,198,159,140,118,109,29,154,156,106,19,108,146,43,128,85,164,111,83,181,82,192,139,33,13,172,195,40,37,15,35,88,189,1,194,31,171,116,57,0,113,196,89,5,141,119,74,183,63,51,72,147,65,102,115,14,45,55,155,184,161,80,114,177,169,191,11,104,180,163,170,95,137,90,125,149,32,68,97,100,7,175,179,27,150,136,144,70,168,17,103,105,142,190,188,186,145,42,47,132,166,123,44];False
2339;8283;10622;[4,67,193,48,10,176,91,129,8,84,122,73,174,135,21,99,16,77,112,71,56,18,62,120,24,197,26,9,143,20,3,2,121,160,92,49,130,22,38,34,124,94,75,12,165,153,187,127,39,107,87,76,50,53,93,23,30,134,58,86,69,64,101,151,54,158,199,6,117,98,25,110,81,52,182,28,162,78,60,79,185,148,167,61,41,36,46,131,59,133,96,157,138,178,152,173,66,126,198,159,140,118,109,29,154,156,106,19,108,146,43,128,85,164,111,83,181,82,192,139,33,13,172,195,40,37,15,35,88,1,194,189,31,171,116,57,0,113,196,89,5,141,119,74,183,63,51,72,147,65,102,115,14,45,55,155,184,161,80,114,177,169,191,11,104,180,163,170,95,137,90,125,149,32,68,97,100,7,175,179,27,150,136,144,70,168,17,103,105,142,190,188,186,145,42,47,132,166,123,44];False
2282;8254;10536;[4,67,193,48,10,176,91,129,8,84,122,73,174,135,21,99,16,77,112,71,56,18,62,120,24,197,26,9,143,20,3,2,121,160,92,49,130,22,38,34,124,94,75,12,165,153,187,127,39,107,87,76,50,53,93,23,30,134,58,86,69,64,101,151,54,158,199,6,117,98,25,110,81,52,182,28,162,78,60,79,185,148,167,61,41,36,46,131,59,133,96,157,138,178,152,173,66,126,198,159,140,118,109,29,154,156,106,19,108,146,43,128,85,164,111,83,181,82,192,139,33,13,172,195,40,37,15,35,88,1,189,31,194,171,116,57,0,113,196,89,5,141,119,74,183,63,51,72,147,65,102,115,14,45,55,155,184,161,80,114,177,169,191,11,104,180,163,170,95,137,90,125,149,32,68,97,100,7,175,179,27,150,136,144,70,168,17,103,105,142,190,188,186,145,42,47,132,166,123,44];False
2266;8286;10552;[4,67,193,48,10,176,91,129,8,84,122,73,174,135,21,99,16,77,112,71,56,18,62,120,24,197,26,9,143,20,3,2,121,160,92,49,130,22,38,34,124,94,75,12,165,153,187,127,39,107,87,76,50,53,93,23,30,134,58,86,69,64,101,151,54,158,199,6,117,98,25,110,81,52,182,28,162,78,60,79,185,148,167,61,41,36,46,131,59,133,96,157,138,178,152,173,66,126,198,159,140,118,109,29,154,156,106,19,108,146,43,128,85,164,111,83,181,82,192,139,33,13,172,195,40,37,15,35,88,1,189,194,171,31,116,57,0,113,196,89,5,141,119,74,183,63,51,72,147,65,102,115,14,45,55,155,184,161,80,114,177,169,191,11,104,180,163,170,95,137,90,125,149,32,68,97,100,7,175,179,27,150,136,144,70,168,17,103,105,142,190,188,186,145,42,47,132,166,123,44];False
2355;8240;10595;[4,67,193,48,10,176,91,129,8,84,122,73,174,135,21,99,16,77,112,71,56,18,62,120,24,197,26,9,143,20,3,2,121,160,92,49,130,22,38,34,124,94,75,12,165,153,187,127,39,107,87,76,50,53,93,23,30,134,58,86,69,64,101,151,54,158,199,6,117,98,25,110,81,52,182,28,162,78,60,79,185,148,167,61,41,36,46,131,59,133,96,157,138,178,152,173,66,126,198,159,140,118,109,29,154,156,106,19,108,146,43,128,85,164,111,83,181,82,192,139,33,13,172,195,40,37,15,35,88,1,189,194,31,116,171,57,0,113,196,89,5,141,119,74,183,63,51,72,147,65,102,115,14,45,55,155,184,161,80,114,177,169,191,11,104,180,163,170,95,137,90,125,149,32,68,97,100,7,175,179,27,150,136,144,70,168,17,103,105,142,190,188,186,145,42,47,132,166,123,44];False
2444;8239;10683;[4,67,193,48,10,176,91,129,8,84,122,73,174,135,21,99,16,77,112,71,56,18,62,120,24,197,26,9,143,20,3,2,121,160,92,49,130,22,38,34,124,94,75,12,165,153,187,127,39,107,87,76,50,53,93,23,30,134,58,86,69,64,101,151,54,158,199,6,117,98,25,110,81,52,182,28,162,78,60,79,185,148,167,61,41,36,46,131,59,133,96,157,138,178,152,173,66,126,198,159,140,118,109,29,154,156,106,19,108,146,43,128,85,164,111,83,181,82,192,139,33,13,172,195,40,37,15,35,88,1,189,194,31,171,57,116,0,113,196,89,5,141,119,74,183,63,51,72,147,65,102,115,14,45,55,155,184,161,80,114,177,169,191,11,104,180,163,170,95,137,90,125,149,32,68,97,100,7,175,179,27,150,136,144,70,168,17,103,105,142,190,188,186,145,42,47,132,166,123,44];False
2394;8248;10642;[4,67,193,48,10,176,91,129,8,84,122,73,174,135,21,99,16,77,112,71,56,18,62,120,24,197,26,9,143,20,3,2,121,160,92,49,130,22,38,34,124,94,75,12,165,153,187,127,39,107,87,76,50,53,93,23,30,134,58,86,69,64,101,151,54,158,199,6,117,98,25,110,81,52,182,28,162,78,60,79,185,148,167,61,41,36,46,131,59,133,96,157,138,178,152,173,66,126,198,159,140,118,109,29,154,156,106,19,108,146,43,128,85,164,111,83,181,82,192,139,33,13,172,195,40,37,15,35,88,1,189,194,31,171,116,0,57,113,196,89,5,141,119,74,183,63,51,72,147,65,102,115,14,45,55,155,184,161,80,114,177,169,191,11,104,180,163,170,95,137,90,125,149,32,68,97,100,7,175,179,27,150,136,144,70,168,17,103,105,142,190,188,186,145,42,47,132,166,123,44];False
2341;8272;10613;[4,67,193,48,10,176,91,129,8,84,122,73,174,135,21,99,16,77,112,71,56,18,62,120,24,197,26,9,143,20,3,2,121,160,92,49,130,22,38,34,124,94,75,12,165,153,187,127,39,107,87,76,50,53,93,23,30,134,58,86,69,64,101,151,54,158,199,6,117,98,25,110,81,52,182,28,162,78,60,79,185,148,167,61,41,36,46,131,59,133,96,157,138,178,152,173,66,126,198,159,140,118,109,29,154,156,106,19,108,146,43,128,85,164,111,83,181,82,192,139,33,13,172,195,40,37,15,35,88,1,189,194,31,171,116,57,113,0,196,89,5,141,119,74,183,63,51,72,147,65,102,115,14,45,55,155,184,161,80,114,177,169,191,11,104,180,163,170,95,137,90,125,149,32,68,97,100,7,175,179,27,150,136,144,70,168,17,103,105,142,190,188,186,145,42,47,132,166,123,44];False
2223;8276;10499;[4,67,193,48,10,176,91,129,8,84,122,73,174,135,21,99,16,77,112,71,56,18,62,120,24,197,26,9,143,20,3,2,121,160,92,49,130,22,38,34,124,94,75,12,165,153,187,127,39,107,87,76,50,53,93,23,30,134,58,86,69,64,101,151,54,158,199,6,117,98,25,110,81,52,182,28,162,78,60,79,185,148,167,61,41,36,46,131,59,133,96,157,138,178,152,173,66,126,198,159,140,118,109,29,154,156,106,19,108,146,43,128,85,164,111,83,181,82,192,139,33,13,172,195,40,37,15,35,88,1,189,194,31,171,116,57,0,196,113,89,5,141,119,74,183,63,51,72,147,65,102,115,14,45,55,155,184,161,80,114,177,169,191,11,104,180,163,170,95,137,90,125,149,32,68,97,100,7,175,179,27,150,136,144,70,168,17,103,105,142,190,188,186,145,42,47,132,166,123,44];True
2254;8251;10505;[4,67,193,48,10,176,91,129,8,84,122,73,174,135,21,99,16,77,112,71,56,18,62,120,24,197,26,9,143,20,3,2,121,160,92,49,130,22,38,34,124,94,75,12,165,153,187,127,39,107,87,76,50,53,93,23,30,134,58,86,69,64,101,151,54,158,199,6,117,98,25,110,81,52,182,28,162,78,60,79,185,148,167,61,41,36,46,131,59,133,96,157,138,178,152,173,66,126,198,159,140,118,109,29,154,156,106,19,108,146,43,128,85,164,111,83,181,82,192,139,33,13,172,195,40,37,15,35,88,1,189,194,31,171,116,57,0,113,89,196,5,141,119,74,183,63,51,72,147,65,102,115,14,45,55,155,184,161,80,114,177,169,191,11,104,180,163,170,95,137,90,125,149,32,68,97,100,7,175,179,27,150,136,144,70,168,17,103,105,142,190,188,186,145,42,47,132,166,123,44];True
2294;8295;10589;[4,67,193,48,10,176,91,129,8,84,122,73,174,135,21,99,16,77,112,71,56,18,62,120,24,197,26,9,143,20,3,2,121,160,92,49,130,22,38,34,124,94,75,12,165,153,187,127,39,107,87,76,50,53,93,23,30,134,58,86,69,64,101,151,54,158,199,6,117,98,25,110,81,52,182,28,162,78,60,79,185,148,167,61,41,36,46,131,59,133,96,157,138,178,152,173,66,126,198,159,140,118,109,29,154,156,106,19,108,146,43,128,85,164,111,83,181,82,192,139,33,13,172,195,40,37,15,35,88,1,189,194,31,171,116,57,0,113,196,5,89,141,119,74,183,63,51,72,147,65,102,115,14,45,55,155,184,161,80,114,177,169,191,11,104,180,163,170,95,137,90,125,149,32,68,97,100,7,175,179,27,150,136,144,70,168,17,103,105,142,190,188,186,145,42,47,132,166,123,44];False
2289;8291;10580;[4,67,193,48,10,176,91,129,8,84,122,73,174,135,21,99,16,77,112,71,56,18,62,120,24,197,26,9,143,20,3,2,121,160,92,49,130,22,38,34,124,94,75,12,165,153,187,127,39,107,87,76,50,53,93,23,30,134,58,86,69,64,101,151,54,158,199,6,117,98,25,110,81,52,182,28,162,78,60,79,185,148,167,61,41,36,46,131,59,133,96,157,138,178,152,173,66,126,198,159,140,118,109,29,154,156,106,19,108,146,43,128,85,164,111,83,181,82,192,139,33,13,172,195,40,37,15,35,88,1,189,194,31,171,116,57,0,113,196,89,141,5,119,74,183,63,51,72,147,65,102,115,14,45,55,155,184,161,80,114,177,169,191,11,104,180,163,170,95,137,90,125,149,32,68,97,100,7,175,179,27,150,136,144,70,168,17,103,105,142,190,188,186,145,42,47,132,166,123,44];False
2338;8277;10615;[4,67,193,48,10,176,91,129,8,84,122,73,174,135,21,99,16,77,112,71,56,18,62,120,24,197,26,9,143,20,3,2,121,160,92,49,130,22,38,34,124,94,75,12,165,153,187,127,39,107,87,76,50,53,93,23,30,134,58,86,69,64,101,151,54,158,199,6,117,98,25,110,81,52,182,28,162,78,60,79,185,148,167,61,41,36,46,131,59,133,96,157,138,178,152,173,66,126,198,159,140,118,109,29,154,156,106,19,108,146,43,128,85,164,111,83,181,82,192,139,33,13,172,195,40,37,15,35,88,1,189,194,31,171,116,57,0,113,196,89,5,119,141,74,183,63,51,72,147,65,102,115,14,45,55,155,184,161,80,114,177,169,191,11,104,180,163,170,95,137,90,125,149,32,68,97,100,7,175,179,27,150,136,144,70,168,17,103,105,142,190,188,186,145,42,47,132,166,123,44];False
2408;8323;10731;[4,67,193,48,10,176,91,129,8,84,122,73,174,135,21,99,16,77,112,71,56,18,62,120,24,197,26,9,143,20,3,2,121,160,92,49,130,22,38,34,124,94,75,12,165,153,187,127,39,107,87,76,50,53,93,23,30,134,58,86,69,64,101,151,54,158,199,6,117,98,25,110,81,52,182,28,162,78,60,79,185,148,167,61,41,36,46,131,59,133,96,157,138,178,152,173,66,126,198,159,140,118,109,29,154,156,106,19,108,146,43,128,85,164,111,83,181,82,192,139,33,13,172,195,40,37,15,35,88,1,189,194,31,171,116,57,0,113,196,89,5,141,74,119,183,63,51,72,147,65,102,115,14,45,55,155,184,161,80,114,177,169,191,11,104,180,163,170,95,137,90,125,149,32,68,97,100,7,175,179,27,150,136,144,70,168,17,103,105,142,190,188,186,145,42,47,132,166,123,44];False
2408;8266;10674;[4,67,193,48,10,176,91,129,8,84,122,73,174,135,21,99,16,77,112,71,56,18,62,120,24,197,26,9,143,20,3,2,121,160,92,49,130,22,38,34,124,94,75,12,165,153,187,127,39,107,87,76,50,53,93,23,30,134,58,86,69,64,101,151,54,158,199,6,117,98,25,110,81,52,182,28,162,78,60,79,185,148,167,61,41,36,46,131,59,133,96,157,138,178,152,173,66,126,198,159,140,118,109,29,154,156,106,19,108,146,43,128,85,164,111,83,181,82,192,139,33,13,172,195,40,37,15,35,88,1,189,194,31,171,116,57,0,113,196,89,5,141,119,183,74,63,51,72,147,65,102,115,14,45,55,155,184,161,80,114,177,169,191,11,104,180,163,170,95,137,90,125,149,32,68,97,100,7,175,179,27,150,136,144,70,168,17,103,105,142,190,188,186,145,42,47,132,166,123,44];False
2320;8265;10585;[4,67,193,48,10,176,91,129,8,84,122,73,174,135,21,99,16,77,112,71,56,18,62,120,24,197,26,9,143,20,3,2,121,160,92,49,130,22,38,34,124,94,75,12,165,153,187,127,39,107,87,76,50,53,93,23,30,134,58,86,69,64,101,151,54,158,199,6,117,98,25,110,81,52,182,28,162,78,60,79,185,148,167,61,41,36,46,131,59,133,96,157,138,178,152,173,66,126,198,159,140,118,109,29,154,156,106,19,108,146,43,128,85,164,111,83,181,82,192,139,33,13,172,195,40,37,15,35,88,1,189,194,31,171,116,57,0,113,196,89,5,141,119,74,63,183,51,72,147,65,102,115,14,45,55,155,184,161,80,114,177,169,191,11,104,180,163,170,95,137,90,125,149,32,68,97,100,7,175,179,27,150,136,144,70,168,17,103,105,142,190,188,186,145,42,47,132,166,123,44];False
2367;8236;10603;[4,67,193,48,10,176,91,129,8,84,122,73,174,135,21,99,16,77,112,71,56,18,62,120,24,197,26,9,143,20,3,2,121,160,92,49,130,22,38,34,124,94,75,12,165,153,187,127,39,107,87,76,50,53,93,23,30,134,58,86,69,64,101,151,54,158,199,6,117,98,25,110,81,52,182,28,162,78,60,79,185,148,167,61,41,36,46,131,59,133,96,157,138,178,152,173,66,126,198,159,140,118,109,29,154,156,106,19,108,146,43,128,85,164,111,83,181,82,192,139,33,13,172,195,40,37,15,35,88,1,189,194,31,171,116,57,0,113,196,89,5,141,119,74,183,51,63,72,147,65,102,115,14,45,55,155,184,161,80,114,177,169,191,11,104,180,163,170,95,137,90,125,149,32,68,97,100,7,175,179,27,150,136,144,70,168,17,103,105,142,190,188,186,145,42,47,132,166,123,44];False
2390;8265;10655;[4,67,193,48,10,176,91,129,8,84,122,73,174,135,21,99,16,77,112,71,56,18,62,120,24,197,26,9,143,20,3,2,121,160,92,49,130,22,38,34,124,94,75,12,165,153,187,127,39,107,87,76,50,53,93,23,30,134,58,86,69,64,101,151,54,158,199,6,117,98,25,110,81,52,182,28,162,78,60,79,185,148,167,61,41,36,46,131,59,133,96,157,138,178,152,173,66,126,198,159,140,118,109,29,154,156,106,19,108,146,43,128,85,164,111,83,181,82,192,139,33,13,172,195,40,37,15,35,88,1,189,194,31,171,116,57,0,113,196,89,5,141,119,74,183,63,72,51,147,65,102,115,14,45,55,155,184,161,80,114,177,169,191,11,104,180,163,170,95,137,90,125,149,32,68,97,100,7,175,179,27,150,136,144,70,168,17,103,105,142,190,188,186,145,42,47,132,166,123,44];False
2343;8244;10587;[4,67,193,48,10,176,91,129,8,84,122,73,174,135,21,99,16,77,112,71,56,18,62,120,24,197,26,9,143,20,3,2,121,160,92,49,130,22,38,34,124,94,75,12,165,153,187,127,39,107,87,76,50,53,93,23,30,134,58,86,69,64,101,151,54,158,199,6,117,98,25,110,81,52,182,28,162,78,60,79,185,148,167,61,41,36,46,131,59,133,96,157,138,178,152,173,66,126,198,159,140,118,109,29,154,156,106,19,108,146,43,128,85,164,111,83,181,82,192,139,33,13,172,195,40,37,15,35,88,1,189,194,31,171,116,57,0,113,196,89,5,141,119,74,183,63,51,147,72,65,102,115,14,45,55,155,184,161,80,114,177,169,191,11,104,180,163,170,95,137,90,125,149,32,68,97,100,7,175,179,27,150,136,144,70,168,17,103,105,142,190,188,186,145,42,47,132,166,123,44];False
2366;8231;10597;[4,67,193,48,10,176,91,129,8,84,122,73,174,135,21,99,16,77,112,71,56,18,62,120,24,197,26,9,143,20,3,2,121,160,92,49,130,22,38,34,124,94,75,12,165,153,187,127,39,107,87,76,50,53,93,23,30,134,58,86,69,64,101,151,54,158,199,6,117,98,25,110,81,52,182,28,162,78,60,79,185,148,167,61,41,36,46,131,59,133,96,157,138,178,152,173,66,126,198,159,140,118,109,29,154,156,106,19,108,146,43,128,85,164,111,83,181,82,192,139,33,13,172,195,40,37,15,35,88,1,189,194,31,171,116,57,0,113,196,89,5,141,119,74,183,63,51,72,65,147,102,115,14,45,55,155,184,161,80,114,177,169,191,11,104,180,163,170,95,137,90,125,149,32,68,97,100,7,175,179,27,150,136,144,70,168,17,103,105,142,190,188,186,145,42,47,132,166,123,44];False
2391;8251;10642;[4,67,193,48,10,176,91,129,8,84,122,73,174,135,21,99,16,77,112,71,56,18,62,120,24,197,26,9,143,20,3,2,121,160,92,49,130,22,38,34,124,94,75,12,165,153,187,127,39,107,87,76,50,53,93,23,30,134,58,86,69,64,101,151,54,158,199,6,117,98,25,110,81,52,182,28,162,78,60,79,185,148,167,61,41,36,46,131,59,133,96,157,138,178,152,173,66,126,198,159,140,118,109,29,154,156,106,19,108,146,43,128,85,164,111,83,181,82,192,139,33,13,172,195,40,37,15,35,88,1,189,194,31,171,116,57,0,113,196,89,5,141,119,74,183,63,51,72,147,102,65,115,14,45,55,155,184,161,80,114,177,169,191,11,104,180,163,170,95,137,90,125,149,32,68,97,100,7,175,179,27,150,136,144,70,168,17,103,105,142,190,188,186,145,42,47,132,166,123,44];False
2297;8255;10552;[4,67,193,48,10,176,91,129,8,84,122,73,174,135,21,99,16,77,112,71,56,18,62,120,24,197,26,9,143,20,3,2,121,160,92,49,130,22,38,34,124,94,75,12,165,153,187,127,39,107,87,76,50,53,93,23,30,134,58,86,69,64,101,151,54,158,199,6,117,98,25,110,81,52,182,28,162,78,60,79,185,148,167,61,41,36,46,131,59,133,96,157,138,178,152,173,66,126,198,159,140,118,109,29,154,156,106,19,108,146,43,128,85,164,111,83,181,82,192,139,33,13,172,195,40,37,15,35,88,1,189,194,31,171,116,57,0,113,196,89,5,141,119,74,183,63,51,72,147,65,115,102,14,45,55,155,184,161,80,114,177,169,191,11,104,180,163,170,95,137,90,125,149,32,68,97,100,7,175,179,27,150,136,144,70,168,17,103,105,142,190,188,186,145,42,47,132,166,123,44];False
2234;8259;10493;[4,67,193,48,10,176,91,129,8,84,122,73,174,135,21,99,16,77,112,71,56,18,62,120,24,197,26,9,143,20,3,2,121,160,92,49,130,22,38,34,124,94,75,12,165,153,187,127,39,107,87,76,50,53,93,23,30,134,58,86,69,64,101,151,54,158,199,6,117,98,25,110,81,52,182,28,162,78,60,79,185,148,167,61,41,36,46,131,59,133,96,157,138,178,152,173,66,126,198,159,140,118,109,29,154,156,106,19,108,146,43,128,85,164,111,83,181,82,192,139,33,13,172,195,40,37,15,35,88,1,189,194,31,171,116,57,0,113,196,89,5,141,119,74,183,63,51,72,147,65,102,14,115,45,55,155,184,161,80,114,177,169,191,11,104,180,163,170,95,137,90,125,149,32,68,97,100,7,175,179,27,150,136,144,70,168,17,103,105,142,190,188,186,145,42,47,132,166,123,44];False
2368;8251;10619;[4,67,193,48,10,176,91,129,8,84,122,73,174,135,21,99,16,77,112,71,56,18,62,120,24,197,26,9,143,20,3,2,121,160,92,49,130,22,38,34,124,94,75,12,165,153,187,127,39,107,87,76,50,53,93,23,30,134,58,86,69,64,101,151,54,158,199,6,117,98,25,110,81,52,182,28,162,78,60,79,185,148,167,61,41,36,46,131,59,133,96,157,138,178,152,173,66,126,198,159,140,118,109,29,154,156,106,19,108,146,43,128,85,164,111,83,181,82,192,139,33,13,172,195,40,37,15,35,88,1,189,194,31,171,116,57,0,113,196,89,5,141,119,74,183,63,51,72,147,65,102,115,45,14,55,155,184,161,80,114,177,169,191,11,104,180,163,170,95,137,90,125,149,32,68,97,100,7,175,179,27,150,136,144,70,168,17,103,105,142,190,188,186,145,42,47,132,166,123,44];False
2419;8259;10678;[4,67,193,48,10,176,91,129,8,84,122,73,174,135,21,99,16,77,112,71,56,18,62,120,24,197,26,9,143,20,3,2,121,160,92,49,130,22,38,34,124,94,75,12,165,153,187,127,39,107,87,76,50,53,93,23,30,134,58,86,69,64,101,151,54,158,199,6,117,98,25,110,81,52,182,28,162,78,60,79,185,148,167,61,41,36,46,131,59,133,96,157,138,178,152,173,66,126,198,159,140,118,109,29,154,156,106,19,108,146,43,128,85,164,111,83,181,82,192,139,33,13,172,195,40,37,15,35,88,1,189,194,31,171,116,57,0,113,196,89,5,141,119,74,183,63,51,72,147,65,102,115,14,55,45,155,184,161,80,114,177,169,191,11,104,180,163,170,95,137,90,125,149,32,68,97,100,7,175,179,27,150,136,144,70,168,17,103,105,142,190,188,186,145,42,47,132,166,123,44];False
2392;8259;10651;[4,67,193,48,10,176,91,129,8,84,122,73,174,135,21,99,16,77,112,71,56,18,62,120,24,197,26,9,143,20,3,2,121,160,92,49,130,22,38,34,124,94,75,12,165,153,187,127,39,107,87,76,50,53,93,23,30,134,58,86,69,64,101,151,54,158,199,6,117,98,25,110,81,52,182,28,162,78,60,79,185,148,167,61,41,36,46,131,59,133,96,157,138,178,152,173,66,126,198,159,140,118,109,29,154,156,106,19,108,146,43,128,85,164,111,83,181,82,192,139,33,13,172,195,40,37,15,35,88,1,189,194,31,171,116,57,0,113,196,89,5,141,119,74,183,63,51,72,147,65,102,115,14,45,155,55,184,161,80,114,177,169,191,11,104,180,163,170,95,137,90,125,149,32,68,97,100,7,175,179,27,150,136,144,70,168,17,103,105,142,190,188,186,145,42,47,132,166,123,44];False
2319;8244;10563;[4,67,193,48,10,176,91,129,8,84,122,73,174,135,21,99,16,77,112,71,56,18,62,120,24,197,26,9,143,20,3,2,121,160,92,49,130,22,38,34,124,94,75,12,165,153,187,127,39,107,87,76,50,53,93,23,30,134,58,86,69,64,101,151,54,158,199,6,117,98,25,110,81,52,182,28,162,78,60,79,185,148,167,61,41,36,46,131,59,133,96,157,138,178,152,173,66,126,198,159,140,118,109,29,154,156,106,19,108,146,43,128,85,164,111,83,181,82,192,139,33,13,172,195,40,37,15,35,88,1,189,194,31,171,116,57,0,113,196,89,5,141,119,74,183,63,51,72,147,65,102,115,14,45,55,184,155,161,80,114,177,169,191,11,104,180,163,170,95,137,90,125,149,32,68,97,100,7,175,179,27,150,136,144,70,168,17,103,105,142,190,188,186,145,42,47,132,166,123,44];False
2270;8253;10523;[4,67,193,48,10,176,91,129,8,84,122,73,174,135,21,99,16,77,112,71,56,18,62,120,24,197,26,9,143,20,3,2,121,160,92,49,130,22,38,34,124,94,75,12,165,153,187,127,39,107,87,76,50,53,93,23,30,134,58,86,69,64,101,151,54,158,199,6,117,98,25,110,81,52,182,28,162,78,60,79,185,148,167,61,41,36,46,131,59,133,96,157,138,178,152,173,66,126,198,159,140,118,109,29,154,156,106,19,108,146,43,128,85,164,111,83,181,82,192,139,33,13,172,195,40,37,15,35,88,1,189,194,31,171,116,57,0,113,196,89,5,141,119,74,183,63,51,72,147,65,102,115,14,45,55,155,161,184,80,114,177,169,191,11,104,180,163,170,95,137,90,125,149,32,68,97,100,7,175,179,27,150,136,144,70,168,17,103,105,142,190,188,186,145,42,47,132,166,123,44];False
2339;8257;10596;[4,67,193,48,10,176,91,129,8,84,122,73,174,135,21,99,16,77,112,71,56,18,62,120,24,197,26,9,143,20,3,2,121,160,92,49,130,22,38,34,124,94,75,12,165,153,187,127,39,107,87,76,50,53,93,23,30,134,58,86,69,64,101,151,54,158,199,6,117,98,25,110,81,52,182,28,162,78,60,79,185,148,167,61,41,36,46,131,59,133,96,157,138,178,152,173,66,126,198,159,140,118,109,29,154,156,106,19,108,146,43,128,85,164,111,83,181,82,192,139,33,13,172,195,40,37,15,35,88,1,189,194,31,171,116,57,0,113,196,89,5,141,119,74,183,63,51,72,147,65,102,115,14,45,55,155,184,80,161,114,177,169,191,11,104,180,163,170,95,137,90,125,149,32,68,97,100,7,175,179,27,150,136,144,70,168,17,103,105,142,190,188,186,145,42,47,132,166,123,44];False
2337;8291;10628;[4,67,193,48,10,176,91,129,8,84,122,73,174,135,21,99,16,77,112,71,56,18,62,120,24,197,26,9,143,20,3,2,121,160,92,49,130,22,38,34,124,94,75,12,165,153,187,127,39,107,87,76,50,53,93,23,30,134,58,86,69,64,101,151,54,158,199,6,117,98,25,110,81,52,182,28,162,78,60,79,185,148,167,61,41,36,46,131,59,133,96,157,138,178,152,173,66,126,198,159,140,118,109,29,154,156,106,19,108,146,43,128,85,164,111,83,181,82,192,139,33,13,172,195,40,37,15,35,88,1,189,194,31,171,116,57,0,113,196,89,5,141,119,74,183,63,51,72,147,65,102,115,14,45,55,155,184,161,114,80,177,169,191,11,104,180,163,170,95,137,90,125,149,32,68,97,100,7,175,179,27,150,136,144,70,168,17,103,105,142,190,188,186,145,42,47,132,166,123,44];False
2335;8289;10624;[4,67,193,48,10,176,91,129,8,84,122,73,174,135,21,99,16,77,112,71,56,18,62,120,24,197,26,9,143,20,3,2,121,160,92,49,130,22,38,34,124,94,75,12,165,153,187,127,39,107,87,76,50,53,93,23,30,134,58,86,69,64,101,151,54,158,199,6,117,98,25,110,81,52,182,28,162,78,60,79,185,148,167,61,41,36,46,131,59,133,96,157,138,178,152,173,66,126,198,159,140,118,109,29,154,156,106,19,108,146,43,128,85,164,111,83,181,82,192,139,33,13,172,195,40,37,15,35,88,1,189,194,31,171,116,57,0,113,196,89,5,141,119,74,183,63,51,72,147,65,102,115,14,45,55,155,184,161,80,177,114,169,191,11,104,180,163,170,95,137,90,125,149,32,68,97,100,7,175,179,27,150,136,144,70,168,17,103,105,142,190,188,186,145,42,47,132,166,123,44];False
2360;8309;10669;[4,67,193,48,10,176,91,129,8,84,122,73,174,135,21,99,16,77,112,71,56,18,62,120,24,197,26,9,143,20,3,2,121,160,92,49,130,22,38,34,124,94,75,12,165,153,187,127,39,107,87,76,50,53,93,23,30,134,58,86,69,64,101,151,54,158,199,6,117,98,25,110,81,52,182,28,162,78,60,79,185,148,167,61,41,36,46,131,59,133,96,157,138,178,152,173,66,126,198,159,140,118,109,29,154,156,106,19,108,146,43,128,85,164,111,83,181,82,192,139,33,13,172,195,40,37,15,35,88,1,189,194,31,171,116,57,0,113,196,89,5,141,119,74,183,63,51,72,147,65,102,115,14,45,55,155,184,161,80,114,169,177,191,11,104,180,163,170,95,137,90,125,149,32,68,97,100,7,175,179,27,150,136,144,70,168,17,103,105,142,190,188,186,145,42,47,132,166,123,44];False
2411;8269;10680;[4,67,193,48,10,176,91,129,8,84,122,73,174,135,21,99,16,77,112,71,56,18,62,120,24,197,26,9,143,20,3,2,121,160,92,49,130,22,38,34,124,94,75,12,165,153,187,127,39,107,87,76,50,53,93,23,30,134,58,86,69,64,101,151,54,158,199,6,117,98,25,110,81,52,182,28,162,78,60,79,185,148,167,61,41,36,46,131,59,133,96,157,138,178,152,173,66,126,198,159,140,118,109,29,154,156,106,19,108,146,43,128,85,164,111,83,181,82,192,139,33,13,172,195,40,37,15,35,88,1,189,194,31,171,116,57,0,113,196,89,5,141,119,74,183,63,51,72,147,65,102,115,14,45,55,155,184,161,80,114,177,191,169,11,104,180,163,170,95,137,90,125,149,32,68,97,100,7,175,179,27,150,136,144,70,168,17,103,105,142,190,188,186,145,42,47,132,166,123,44];False
2442;8251;10693;[4,67,193,48,10,176,91,129,8,84,122,73,174,135,21,99,16,77,112,71,56,18,62,120,24,197,26,9,143,20,3,2,121,160,92,49,130,22,38,34,124,94,75,12,165,153,187,127,39,107,87,76,50,53,93,23,30,134,58,86,69,64,101,151,54,158,199,6,117,98,25,110,81,52,182,28,162,78,60,79,185,148,167,61,41,36,46,131,59,133,96,157,138,178,152,173,66,126,198,159,140,118,109,29,154,156,106,19,108,146,43,128,85,164,111,83,181,82,192,139,33,13,172,195,40,37,15,35,88,1,189,194,31,171,116,57,0,113,196,89,5,141,119,74,183,63,51,72,147,65,102,115,14,45,55,155,184,161,80,114,177,169,11,191,104,180,163,170,95,137,90,125,149,32,68,97,100,7,175,179,27,150,136,144,70,168,17,103,105,142,190,188,186,145,42,47,132,166,123,44];False
2256;8279;10535;[4,67,193,48,10,176,91,129,8,84,122,73,174,135,21,99,16,77,112,71,56,18,62,120,24,197,26,9,143,20,3,2,121,160,92,49,130,22,38,34,124,94,75,12,165,153,187,127,39,107,87,76,50,53,93,23,30,134,58,86,69,64,101,151,54,158,199,6,117,98,25,110,81,52,182,28,162,78,60,79,185,148,167,61,41,36,46,131,59,133,96,157,138,178,152,173,66,126,198,159,140,118,109,29,154,156,106,19,108,146,43,128,85,164,111,83,181,82,192,139,33,13,172,195,40,37,15,35,88,1,189,194,31,171,116,57,0,113,196,89,5,141,119,74,183,63,51,72,147,65,102,115,14,45,55,155,184,161,80,114,177,169,191,104,11,180,163,170,95,137,90,125,149,32,68,97,100,7,175,179,27,150,136,144,70,168,17,103,105,142,190,188,186,145,42,47,132,166,123,44];False
2301;8281;10582;[4,67,193,48,10,176,91,129,8,84,122,73,174,135,21,99,16,77,112,71,56,18,62,120,24,197,26,9,143,20,3,2,121,160,92,49,130,22,38,34,124,94,75,12,165,153,187,127,39,107,87,76,50,53,93,23,30,134,58,86,69,64,101,151,54,158,199,6,117,98,25,110,81,52,182,28,162,78,60,79,185,148,167,61,41,36,46,131,59,133,96,157,138,178,152,173,66,126,198,159,140,118,109,29,154,156,106,19,108,146,43,128,85,164,111,83,181,82,192,139,33,13,172,195,40,37,15,35,88,1,189,194,31,171,116,57,0,113,196,89,5,141,119,74,183,63,51,72,147,65,102,115,14,45,55,155,184,161,80,114,177,169,191,11,180,104,163,170,95,137,90,125,149,32,68,97,100,7,175,179,27,150,136,144,70,168,17,103,105,142,190,188,186,145,42,47,132,166,123,44];False
2353;8296;10649;[4,67,193,48,10,176,91,129,8,84,122,73,174,135,21,99,16,77,112,71,56,18,62,120,24,197,26,9,143,20,3,2,121,160,92,49,130,22,38,34,124,94,75,12,165,153,187,127,39,107,87,76,50,53,93,23,30,134,58,86,69,64,101,151,54,158,199,6,117,98,25,110,81,52,182,28,162,78,60,79,185,148,167,61,41,36,46,131,59,133,96,157,138,178,152,173,66,126,198,159,140,118,109,29,154,156,106,19,108,146,43,128,85,164,111,83,181,82,192,139,33,13,172,195,40,37,15,35,88,1,189,194,31,171,116,57,0,113,196,89,5,141,119,74,183,63,51,72,147,65,102,115,14,45,55,155,184,161,80,114,177,169,191,11,104,163,180,170,95,137,90,125,149,32,68,97,100,7,175,179,27,150,136,144,70,168,17,103,105,142,190,188,186,145,42,47,132,166,123,44];False
2429;8265;10694;[4,67,193,48,10,176,91,129,8,84,122,73,174,135,21,99,16,77,112,71,56,18,62,120,24,197,26,9,143,20,3,2,121,160,92,49,130,22,38,34,124,94,75,12,165,153,187,127,39,107,87,76,50,53,93,23,30,134,58,86,69,64,101,151,54,158,199,6,117,98,25,110,81,52,182,28,162,78,60,79,185,148,167,61,41,36,46,131,59,133,96,157,138,178,152,173,66,126,198,159,140,118,109,29,154,156,106,19,108,146,43,128,85,164,111,83,181,82,192,139,33,13,172,195,40,37,15,35,88,1,189,194,31,171,116,57,0,113,196,89,5,141,119,74,183,63,51,72,147,65,102,115,14,45,55,155,184,161,80,114,177,169,191,11,104,180,170,163,95,137,90,125,149,32,68,97,100,7,175,179,27,150,136,144,70,168,17,103,105,142,190,188,186,145,42,47,132,166,123,44];False
2339;8273;10612;[4,67,193,48,10,176,91,129,8,84,122,73,174,135,21,99,16,77,112,71,56,18,62,120,24,197,26,9,143,20,3,2,121,160,92,49,130,22,38,34,124,94,75,12,165,153,187,127,39,107,87,76,50,53,93,23,30,134,58,86,69,64,101,151,54,158,199,6,117,98,25,110,81,52,182,28,162,78,60,79,185,148,167,61,41,36,46,131,59,133,96,157,138,178,152,173,66,126,198,159,140,118,109,29,154,156,106,19,108,146,43,128,85,164,111,83,181,82,192,139,33,13,172,195,40,37,15,35,88,1,189,194,31,171,116,57,0,113,196,89,5,141,119,74,183,63,51,72,147,65,102,115,14,45,55,155,184,161,80,114,177,169,191,11,104,180,163,95,170,137,90,125,149,32,68,97,100,7,175,179,27,150,136,144,70,168,17,103,105,142,190,188,186,145,42,47,132,166,123,44];False
2340;8272;10612;[4,67,193,48,10,176,91,129,8,84,122,73,174,135,21,99,16,77,112,71,56,18,62,120,24,197,26,9,143,20,3,2,121,160,92,49,130,22,38,34,124,94,75,12,165,153,187,127,39,107,87,76,50,53,93,23,30,134,58,86,69,64,101,151,54,158,199,6,117,98,25,110,81,52,182,28,162,78,60,79,185,148,167,61,41,36,46,131,59,133,96,157,138,178,152,173,66,126,198,159,140,118,109,29,154,156,106,19,108,146,43,128,85,164,111,83,181,82,192,139,33,13,172,195,40,37,15,35,88,1,189,194,31,171,116,57,0,113,196,89,5,141,119,74,183,63,51,72,147,65,102,115,14,45,55,155,184,161,80,114,177,169,191,11,104,180,163,170,137,95,90,125,149,32,68,97,100,7,175,179,27,150,136,144,70,168,17,103,105,142,190,188,186,145,42,47,132,166,123,44];False
2325;8257;10582;[4,67,193,48,10,176,91,129,8,84,122,73,174,135,21,99,16,77,112,71,56,18,62,120,24,197,26,9,143,20,3,2,121,160,92,49,130,22,38,34,124,94,75,12,165,153,187,127,39,107,87,76,50,53,93,23,30,134,58,86,69,64,101,151,54,158,199,6,117,98,25,110,81,52,182,28,162,78,60,79,185,148,167,61,41,36,46,131,59,133,96,157,138,178,152,173,66,126,198,159,140,118,109,29,154,156,106,19,108,146,43,128,85,164,111,83,181,82,192,139,33,13,172,195,40,37,15,35,88,1,189,194,31,171,116,57,0,113,196,89,5,141,119,74,183,63,51,72,147,65,102,115,14,45,55,155,184,161,80,114,177,169,191,11,104,180,163,170,95,90,137,125,149,32,68,97,100,7,175,179,27,150,136,144,70,168,17,103,105,142,190,188,186,145,42,47,132,166,123,44];False
2288;8240;10528;[4,67,193,48,10,176,91,129,8,84,122,73,174,135,21,99,16,77,112,71,56,18,62,120,24,197,26,9,143,20,3,2,121,160,92,49,130,22,38,34,124,94,75,12,165,153,187,127,39,107,87,76,50,53,93,23,30,134,58,86,69,64,101,151,54,158,199,6,117,98,25,110,81,52,182,28,162,78,60,79,185,148,167,61,41,36,46,131,59,133,96,157,138,178,152,173,66,126,198,159,140,118,109,29,154,156,106,19,108,146,43,128,85,164,111,83,181,82,192,139,33,13,172,195,40,37,15,35,88,1,189,194,31,171,116,57,0,113,196,89,5,141,119,74,183,63,51,72,147,65,102,115,14,45,55,155,184,161,80,114,177,169,191,11,104,180,163,170,95,137,125,90,149,32,68,97,100,7,175,179,27,150,136,144,70,168,17,103,105,142,190,188,186,145,42,47,132,166,123,44];False
2301;8249;10550;[4,67,193,48,10,176,91,129,8,84,122,73,174,135,21,99,16,77,112,71,56,18,62,120,24,197,26,9,143,20,3,2,121,160,92,49,130,22,38,34,124,94,75,12,165,153,187,127,39,107,87,76,50,53,93,23,30,134,58,86,69,64,101,151,54,158,199,6,117,98,25,110,81,52,182,28,162,78,60,79,185,148,167,61,41,36,46,131,59,133,96,157,138,178,152,173,66,126,198,159,140,118,109,29,154,156,106,19,108,146,43,128,85,164,111,83,181,82,192,139,33,13,172,195,40,37,15,35,88,1,189,194,31,171,116,57,0,113,196,89,5,141,119,74,183,63,51,72,147,65,102,115,14,45,55,155,184,161,80,114,177,169,191,11,104,180,163,170,95,137,90,149,125,32,68,97,100,7,175,179,27,150,136,144,70,168,17,103,105,142,190,188,186,145,42,47,132,166,123,44];False
2405;8230;10635;[4,67,193,48,10,176,91,129,8,84,122,73,174,135,21,99,16,77,112,71,56,18,62,120,24,197,26,9,143,20,3,2,121,160,92,49,130,22,38,34,124,94,75,12,165,153,187,127,39,107,87,76,50,53,93,23,30,134,58,86,69,64,101,151,54,158,199,6,117,98,25,110,81,52,182,28,162,78,60,79,185,148,167,61,41,36,46,131,59,133,96,157,138,178,152,173,66,126,198,159,140,118,109,29,154,156,106,19,108,146,43,128,85,164,111,83,181,82,192,139,33,13,172,195,40,37,15,35,88,1,189,194,31,171,116,57,0,113,196,89,5,141,119,74,183,63,51,72,147,65,102,115,14,45,55,155,184,161,80,114,177,169,191,11,104,180,163,170,95,137,90,125,32,149,68,97,100,7,175,179,27,150,136,144,70,168,17,103,105,142,190,188,186,145,42,47,132,166,123,44];False
2353;8250;10603;[4,67,193,48,10,176,91,129,8,84,122,73,174,135,21,99,16,77,112,71,56,18,62,120,24,197,26,9,143,20,3,2,121,160,92,49,130,22,38,34,124,94,75,12,165,153,187,127,39,107,87,76,50,53,93,23,30,134,58,86,69,64,101,151,54,158,199,6,117,98,25,110,81,52,182,28,162,78,60,79,185,148,167,61,41,36,46,131,59,133,96,157,138,178,152,173,66,126,198,159,140,118,109,29,154,156,106,19,108,146,43,128,85,164,111,83,181,82,192,139,33,13,172,195,40,37,15,35,88,1,189,194,31,171,116,57,0,113,196,89,5,141,119,74,183,63,51,72,147,65,102,115,14,45,55,155,184,161,80,114,177,169,191,11,104,180,163,170,95,137,90,125,149,68,32,97,100,7,175,179,27,150,136,144,70,168,17,103,105,142,190,188,186,145,42,47,132,166,123,44];False
2311;8285;10596;[4,67,193,48,10,176,91,129,8,84,122,73,174,135,21,99,16,77,112,71,56,18,62,120,24,197,26,9,143,20,3,2,121,160,92,49,130,22,38,34,124,94,75,12,165,153,187,127,39,107,87,76,50,53,93,23,30,134,58,86,69,64,101,151,54,158,199,6,117,98,25,110,81,52,182,28,162,78,60,79,185,148,167,61,41,36,46,131,59,133,96,157,138,178,152,173,66,126,198,159,140,118,109,29,154,156,106,19,108,146,43,128,85,164,111,83,181,82,192,139,33,13,172,195,40,37,15,35,88,1,189,194,31,171,116,57,0,113,196,89,5,141,119,74,183,63,51,72,147,65,102,115,14,45,55,155,184,161,80,114,177,169,191,11,104,180,163,170,95,137,90,125,149,32,97,68,100,7,175,179,27,150,136,144,70,168,17,103,105,142,190,188,186,145,42,47,132,166,123,44];False
2335;8271;10606;[4,67,193,48,10,176,91,129,8,84,122,73,174,135,21,99,16,77,112,71,56,18,62,120,24,197,26,9,143,20,3,2,121,160,92,49,130,22,38,34,124,94,75,12,165,153,187,127,39,107,87,76,50,53,93,23,30,134,58,86,69,64,101,151,54,158,199,6,117,98,25,110,81,52,182,28,162,78,60,79,185,148,167,61,41,36,46,131,59,133,96,157,138,178,152,173,66,126,198,159,140,118,109,29,154,156,106,19,108,146,43,128,85,164,111,83,181,82,192,139,33,13,172,195,40,37,15,35,88,1,189,194,31,171,116,57,0,113,196,89,5,141,119,74,183,63,51,72,147,65,102,115,14,45,55,155,184,161,80,114,177,169,191,11,104,180,163,170,95,137,90,125,149,32,68,100,97,7,175,179,27,150,136,144,70,168,17,103,105,142,190,188,186,145,42,47,132,166,123,44];False
2310;8226;10536;[4,67,193,48,10,176,91,129,8,84,122,73,174,135,21,99,16,77,112,71,56,18,62,120,24,197,26,9,143,20,3,2,121,160,92,49,130,22,38,34,124,94,75,12,165,153,187,127,39,107,87,76,50,53,93,23,30,134,58,86,69,64,101,151,54,158,199,6,117,98,25,110,81,52,182,28,162,78,60,79,185,148,167,61,41,36,46,131,59,133,96,157,138,178,152,173,66,126,198,159,140,118,109,29,154,156,106,19,108,146,43,128,85,164,111,83,181,82,192,139,33,13,172,195,40,37,15,35,88,1,189,194,31,171,116,57,0,113,196,89,5,141,119,74,183,63,51,72,147,65,102,115,14,45,55,155,184,161,80,114,177,169,191,11,104,180,163,170,95,137,90,125,149,32,68,97,7,100,175,179,27,150,136,144,70,168,17,103,105,142,190,188,186,145,42,47,132,166,123,44];False
2320;8248;10568;[4,67,193,48,10,176,91,129,8,84,122,73,174,135,21,99,16,77,112,71,56,18,62,120,24,197,26,9,143,20,3,2,121,160,92,49,130,22,38,34,124,94,75,12,165,153,187,127,39,107,87,76,50,53,93,23,30,134,58,86,69,64,101,151,54,158,199,6,117,98,25,110,81,52,182,28,162,78,60,79,185,148,167,61,41,36,46,131,59,133,96,157,138,178,152,173,66,126,198,159,140,118,109,29,154,156,106,19,108,146,43,128,85,164,111,83,181,82,192,139,33,13,172,195,40,37,15,35,88,1,189,194,31,171,116,57,0,113,196,89,5,141,119,74,183,63,51,72,147,65,102,115,14,45,55,155,184,161,80,114,177,169,191,11,104,180,163,170,95,137,90,125,149,32,68,97,100,175,7,179,27,150,136,144,70,168,17,103,105,142,190,188,186,145,42,47,132,166,123,44];False
2364;8262;10626;[4,67,193,48,10,176,91,129,8,84,122,73,174,135,21,99,16,77,112,71,56,18,62,120,24,197,26,9,143,20,3,2,121,160,92,49,130,22,38,34,124,94,75,12,165,153,187,127,39,107,87,76,50,53,93,23,30,134,58,86,69,64,101,151,54,158,199,6,117,98,25,110,81,52,182,28,162,78,60,79,185,148,167,61,41,36,46,131,59,133,96,157,138,178,152,173,66,126,198,159,140,118,109,29,154,156,106,19,108,146,43,128,85,164,111,83,181,82,192,139,33,13,172,195,40,37,15,35,88,1,189,194,31,171,116,57,0,113,196,89,5,141,119,74,183,63,51,72,147,65,102,115,14,45,55,155,184,161,80,114,177,169,191,11,104,180,163,170,95,137,90,125,149,32,68,97,100,7,179,175,27,150,136,144,70,168,17,103,105,142,190,188,186,145,42,47,132,166,123,44];False
2408;8284;10692;[4,67,193,48,10,176,91,129,8,84,122,73,174,135,21,99,16,77,112,71,56,18,62,120,24,197,26,9,143,20,3,2,121,160,92,49,130,22,38,34,124,94,75,12,165,153,187,127,39,107,87,76,50,53,93,23,30,134,58,86,69,64,101,151,54,158,199,6,117,98,25,110,81,52,182,28,162,78,60,79,185,148,167,61,41,36,46,131,59,133,96,157,138,178,152,173,66,126,198,159,140,118,109,29,154,156,106,19,108,146,43,128,85,164,111,83,181,82,192,139,33,13,172,195,40,37,15,35,88,1,189,194,31,171,116,57,0,113,196,89,5,141,119,74,183,63,51,72,147,65,102,115,14,45,55,155,184,161,80,114,177,169,191,11,104,180,163,170,95,137,90,125,149,32,68,97,100,7,175,27,179,150,136,144,70,168,17,103,105,142,190,188,186,145,42,47,132,166,123,44];False
2455;8334;10789;[4,67,193,48,10,176,91,129,8,84,122,73,174,135,21,99,16,77,112,71,56,18,62,120,24,197,26,9,143,20,3,2,121,160,92,49,130,22,38,34,124,94,75,12,165,153,187,127,39,107,87,76,50,53,93,23,30,134,58,86,69,64,101,151,54,158,199,6,117,98,25,110,81,52,182,28,162,78,60,79,185,148,167,61,41,36,46,131,59,133,96,157,138,178,152,173,66,126,198,159,140,118,109,29,154,156,106,19,108,146,43,128,85,164,111,83,181,82,192,139,33,13,172,195,40,37,15,35,88,1,189,194,31,171,116,57,0,113,196,89,5,141,119,74,183,63,51,72,147,65,102,115,14,45,55,155,184,161,80,114,177,169,191,11,104,180,163,170,95,137,90,125,149,32,68,97,100,7,175,179,150,27,136,144,70,168,17,103,105,142,190,188,186,145,42,47,132,166,123,44];False
2375;8283;10658;[4,67,193,48,10,176,91,129,8,84,122,73,174,135,21,99,16,77,112,71,56,18,62,120,24,197,26,9,143,20,3,2,121,160,92,49,130,22,38,34,124,94,75,12,165,153,187,127,39,107,87,76,50,53,93,23,30,134,58,86,69,64,101,151,54,158,199,6,117,98,25,110,81,52,182,28,162,78,60,79,185,148,167,61,41,36,46,131,59,133,96,157,138,178,152,173,66,126,198,159,140,118,109,29,154,156,106,19,108,146,43,128,85,164,111,83,181,82,192,139,33,13,172,195,40,37,15,35,88,1,189,194,31,171,116,57,0,113,196,89,5,141,119,74,183,63,51,72,147,65,102,115,14,45,55,155,184,161,80,114,177,169,191,11,104,180,163,170,95,137,90,125,149,32,68,97,100,7,175,179,27,136,150,144,70,168,17,103,105,142,190,188,186,145,42,47,132,166,123,44];False
2341;8291;10632;[4,67,193,48,10,176,91,129,8,84,122,73,174,135,21,99,16,77,112,71,56,18,62,120,24,197,26,9,143,20,3,2,121,160,92,49,130,22,38,34,124,94,75,12,165,153,187,127,39,107,87,76,50,53,93,23,30,134,58,86,69,64,101,151,54,158,199,6,117,98,25,110,81,52,182,28,162,78,60,79,185,148,167,61,41,36,46,131,59,133,96,157,138,178,152,173,66,126,198,159,140,118,109,29,154,156,106,19,108,146,43,128,85,164,111,83,181,82,192,139,33,13,172,195,40,37,15,35,88,1,189,194,31,171,116,57,0,113,196,89,5,141,119,74,183,63,51,72,147,65,102,115,14,45,55,155,184,161,80,114,177,169,191,11,104,180,163,170,95,137,90,125,149,32,68,97,100,7,175,179,27,150,144,136,70,168,17,103,105,142,190,188,186,145,42,47,132,166,123,44];False
2313;8276;10589;[4,67,193,48,10,176,91,129,8,84,122,73,174,135,21,99,16,77,112,71,56,18,62,120,24,197,26,9,143,20,3,2,121,160,92,49,130,22,38,34,124,94,75,12,165,153,187,127,39,107,87,76,50,53,93,23,30,134,58,86,69,64,101,151,54,158,199,6,117,98,25,110,81,52,182,28,162,78,60,79,185,148,167,61,41,36,46,131,59,133,96,157,138,178,152,173,66,126,198,159,140,118,109,29,154,156,106,19,108,146,43,128,85,164,111,83,181,82,192,139,33,13,172,195,40,37,15,35,88,1,189,194,31,171,116,57,0,113,196,89,5,141,119,74,183,63,51,72,147,65,102,115,14,45,55,155,184,161,80,114,177,169,191,11,104,180,163,170,95,137,90,125,149,32,68,97,100,7,175,179,27,150,136,70,144,168,17,103,105,142,190,188,186,145,42,47,132,166,123,44];False
2284;8278;10562;[4,67,193,48,10,176,91,129,8,84,122,73,174,135,21,99,16,77,112,71,56,18,62,120,24,197,26,9,143,20,3,2,121,160,92,49,130,22,38,34,124,94,75,12,165,153,187,127,39,107,87,76,50,53,93,23,30,134,58,86,69,64,101,151,54,158,199,6,117,98,25,110,81,52,182,28,162,78,60,79,185,148,167,61,41,36,46,131,59,133,96,157,138,178,152,173,66,126,198,159,140,118,109,29,154,156,106,19,108,146,43,128,85,164,111,83,181,82,192,139,33,13,172,195,40,37,15,35,88,1,189,194,31,171,116,57,0,113,196,89,5,141,119,74,183,63,51,72,147,65,102,115,14,45,55,155,184,161,80,114,177,169,191,11,104,180,163,170,95,137,90,125,149,32,68,97,100,7,175,179,27,150,136,144,168,70,17,103,105,142,190,188,186,145,42,47,132,166,123,44];False
2317;8278;10595;[4,67,193,48,10,176,91,129,8,84,122,73,174,135,21,99,16,77,112,71,56,18,62,120,24,197,26,9,143,20,3,2,121,160,92,49,130,22,38,34,124,94,75,12,165,153,187,127,39,107,87,76,50,53,93,23,30,134,58,86,69,64,101,151,54,158,199,6,117,98,25,110,81,52,182,28,162,78,60,79,185,148,167,61,41,36,46,131,59,133,96,157,138,178,152,173,66,126,198,159,140,118,109,29,154,156,106,19,108,146,43,128,85,164,111,83,181,82,192,139,33,13,172,195,40,37,15,35,88,1,189,194,31,171,116,57,0,113,196,89,5,141,119,74,183,63,51,72,147,65,102,115,14,45,55,155,184,161,80,114,177,169,191,11,104,180,163,170,95,137,90,125,149,32,68,97,100,7,175,179,27,150,136,144,70,17,168,103,105,142,190,188,186,145,42,47,132,166,123,44];False
2409;8291;10700;[4,67,193,48,10,176,91,129,8,84,122,73,174,135,21,99,16,77,112,71,56,18,62,120,24,197,26,9,143,20,3,2,121,160,92,49,130,22,38,34,124,94,75,12,165,153,187,127,39,107,87,76,50,53,93,23,30,134,58,86,69,64,101,151,54,158,199,6,117,98,25,110,81,52,182,28,162,78,60,79,185,148,167,61,41,36,46,131,59,133,96,157,138,178,152,173,66,126,198,159,140,118,109,29,154,156,106,19,108,146,43,128,85,164,111,83,181,82,192,139,33,13,172,195,40,37,15,35,88,1,189,194,31,171,116,57,0,113,196,89,5,141,119,74,183,63,51,72,147,65,102,115,14,45,55,155,184,161,80,114,177,169,191,11,104,180,163,170,95,137,90,125,149,32,68,97,100,7,175,179,27,150,136,144,70,168,103,17,105,142,190,188,186,145,42,47,132,166,123,44];False
2386;8303;10689;[4,67,193,48,10,176,91,129,8,84,122,73,174,135,21,99,16,77,112,71,56,18,62,120,24,197,26,9,143,20,3,2,121,160,92,49,130,22,38,34,124,94,75,12,165,153,187,127,39,107,87,76,50,53,93,23,30,134,58,86,69,64,101,151,54,158,199,6,117,98,25,110,81,52,182,28,162,78,60,79,185,148,167,61,41,36,46,131,59,133,96,157,138,178,152,173,66,126,198,159,140,118,109,29,154,156,106,19,108,146,43,128,85,164,111,83,181,82,192,139,33,13,172,195,40,37,15,35,88,1,189,194,31,171,116,57,0,113,196,89,5,141,119,74,183,63,51,72,147,65,102,115,14,45,55,155,184,161,80,114,177,169,191,11,104,180,163,170,95,137,90,125,149,32,68,97,100,7,175,179,27,150,136,144,70,168,17,105,103,142,190,188,186,145,42,47,132,166,123,44];False
2372;8289;10661;[4,67,193,48,10,176,91,129,8,84,122,73,174,135,21,99,16,77,112,71,56,18,62,120,24,197,26,9,143,20,3,2,121,160,92,49,130,22,38,34,124,94,75,12,165,153,187,127,39,107,87,76,50,53,93,23,30,134,58,86,69,64,101,151,54,158,199,6,117,98,25,110,81,52,182,28,162,78,60,79,185,148,167,61,41,36,46,131,59,133,96,157,138,178,152,173,66,126,198,159,140,118,109,29,154,156,106,19,108,146,43,128,85,164,111,83,181,82,192,139,33,13,172,195,40,37,15,35,88,1,189,194,31,171,116,57,0,113,196,89,5,141,119,74,183,63,51,72,147,65,102,115,14,45,55,155,184,161,80,114,177,169,191,11,104,180,163,170,95,137,90,125,149,32,68,97,100,7,175,179,27,150,136,144,70,168,17,103,142,105,190,188,186,145,42,47,132,166,123,44];False
2342;8254;10596;[4,67,193,48,10,176,91,129,8,84,122,73,174,135,21,99,16,77,112,71,56,18,62,120,24,197,26,9,143,20,3,2,121,160,92,49,130,22,38,34,124,94,75,12,165,153,187,127,39,107,87,76,50,53,93,23,30,134,58,86,69,64,101,151,54,158,199,6,117,98,25,110,81,52,182,28,162,78,60,79,185,148,167,61,41,36,46,131,59,133,96,157,138,178,152,173,66,126,198,159,140,118,109,29,154,156,106,19,108,146,43,128,85,164,111,83,181,82,192,139,33,13,172,195,40,37,15,35,88,1,189,194,31,171,116,57,0,113,196,89,5,141,119,74,183,63,51,72,147,65,102,115,14,45,55,155,184,161,80,114,177,169,191,11,104,180,163,170,95,137,90,125,149,32,68,97,100,7,175,179,27,150,136,144,70,168,17,103,105,190,142,188,186,145,42,47,132,166,123,44];False
2283;8254;10537;[4,67,193,48,10,176,91,129,8,84,122,73,174,135,21,99,16,77,112,71,56,18,62,120,24,197,26,9,143,20,3,2,121,160,92,49,130,22,38,34,124,94,75,12,165,153,187,127,39,107,87,76,50,53,93,23,30,134,58,86,69,64,101,151,54,158,199,6,117,98,25,110,81,52,182,28,162,78,60,79,185,148,167,61,41,36,46,131,59,133,96,157,138,178,152,173,66,126,198,159,140,118,109,29,154,156,106,19,108,146,43,128,85,164,111,83,181,82,192,139,33,13,172,195,40,37,15,35,88,1,189,194,31,171,116,57,0,113,196,89,5,141,119,74,183,63,51,72,147,65,102,115,14,45,55,155,184,161,80,114,177,169,191,11,104,180,163,170,95,137,90,125,149,32,68,97,100,7,175,179,27,150,136,144,70,168,17,103,105,142,188,190,186,145,42,47,132,166,123,44];False
2322;8276;10598;[4,67,193,48,10,176,91,129,8,84,122,73,174,135,21,99,16,77,112,71,56,18,62,120,24,197,26,9,143,20,3,2,121,160,92,49,130,22,38,34,124,94,75,12,165,153,187,127,39,107,87,76,50,53,93,23,30,134,58,86,69,64,101,151,54,158,199,6,117,98,25,110,81,52,182,28,162,78,60,79,185,148,167,61,41,36,46,131,59,133,96,157,138,178,152,173,66,126,198,159,140,118,109,29,154,156,106,19,108,146,43,128,85,164,111,83,181,82,192,139,33,13,172,195,40,37,15,35,88,1,189,194,31,171,116,57,0,113,196,89,5,141,119,74,183,63,51,72,147,65,102,115,14,45,55,155,184,161,80,114,177,169,191,11,104,180,163,170,95,137,90,125,149,32,68,97,100,7,175,179,27,150,136,144,70,168,17,103,105,142,190,186,188,145,42,47,132,166,123,44];False
2362;8234;10596;[4,67,193,48,10,176,91,129,8,84,122,73,174,135,21,99,16,77,112,71,56,18,62,120,24,197,26,9,143,20,3,2,121,160,92,49,130,22,38,34,124,94,75,12,165,153,187,127,39,107,87,76,50,53,93,23,30,134,58,86,69,64,101,151,54,158,199,6,117,98,25,110,81,52,182,28,162,78,60,79,185,148,167,61,41,36,46,131,59,133,96,157,138,178,152,173,66,126,198,159,140,118,109,29,154,156,106,19,108,146,43,128,85,164,111,83,181,82,192,139,33,13,172,195,40,37,15,35,88,1,189,194,31,171,116,57,0,113,196,89,5,141,119,74,183,63,51,72,147,65,102,115,14,45,55,155,184,161,80,114,177,169,191,11,104,180,163,170,95,137,90,125,149,32,68,97,100,7,175,179,27,150,136,144,70,168,17,103,105,142,190,188,145,186,42,47,132,166,123,44];False
2378;8287;10665;[4,67,193,48,10,176,91,129,8,84,122,73,174,135,21,99,16,77,112,71,56,18,62,120,24,197,26,9,143,20,3,2,121,160,92,49,130,22,38,34,124,94,75,12,165,153,187,127,39,107,87,76,50,53,93,23,30,134,58,86,69,64,101,151,54,158,199,6,117,98,25,110,81,52,182,28,162,78,60,79,185,148,167,61,41,36,46,131,59,133,96,157,138,178,152,173,66,126,198,159,140,118,109,29,154,156,106,19,108,146,43,128,85,164,111,83,181,82,192,139,33,13,172,195,40,37,15,35,88,1,189,194,31,171,116,57,0,113,196,89,5,141,119,74,183,63,51,72,147,65,102,115,14,45,55,155,184,161,80,114,177,169,191,11,104,180,163,170,95,137,90,125,149,32,68,97,100,7,175,179,27,150,136,144,70,168,17,103,105,142,190,188,186,42,145,47,132,166,123,44];False
2423;8285;10708;[4,67,193,48,10,176,91,129,8,84,122,73,174,135,21,99,16,77,112,71,56,18,62,120,24,197,26,9,143,20,3,2,121,160,92,49,130,22,38,34,124,94,75,12,165,153,187,127,39,107,87,76,50,53,93,23,30,134,58,86,69,64,101,151,54,158,199,6,117,98,25,110,81,52,182,28,162,78,60,79,185,148,167,61,41,36,46,131,59,133,96,157,138,178,152,173,66,126,198,159,140,118,109,29,154,156,106,19,108,146,43,128,85,164,111,83,181,82,192,139,33,13,172,195,40,37,15,35,88,1,189,194,31,171,116,57,0,113,196,89,5,141,119,74,183,63,51,72,147,65,102,115,14,45,55,155,184,161,80,114,177,169,191,11,104,180,163,170,95,137,90,125,149,32,68,97,100,7,175,179,27,150,136,144,70,168,17,103,105,142,190,188,186,145,47,42,132,166,123,44];False
2314;8310;10624;[4,67,193,48,10,176,91,129,8,84,122,73,174,135,21,99,16,77,112,71,56,18,62,120,24,197,26,9,143,20,3,2,121,160,92,49,130,22,38,34,124,94,75,12,165,153,187,127,39,107,87,76,50,53,93,23,30,134,58,86,69,64,101,151,54,158,199,6,117,98,25,110,81,52,182,28,162,78,60,79,185,148,167,61,41,36,46,131,59,133,96,157,138,178,152,173,66,126,198,159,140,118,109,29,154,156,106,19,108,146,43,128,85,164,111,83,181,82,192,139,33,13,172,195,40,37,15,35,88,1,189,194,31,171,116,57,0,113,196,89,5,141,119,74,183,63,51,72,147,65,102,115,14,45,55,155,184,161,80,114,177,169,191,11,104,180,163,170,95,137,90,125,149,32,68,97,100,7,175,179,27,150,136,144,70,168,17,103,105,142,190,188,186,145,42,132,47,166,123,44];False
2311;8285;10596;[4,67,193,48,10,176,91,129,8,84,122,73,174,135,21,99,16,77,112,71,56,18,62,120,24,197,26,9,143,20,3,2,121,160,92,49,130,22,38,34,124,94,75,12,165,153,187,127,39,107,87,76,50,53,93,23,30,134,58,86,69,64,101,151,54,158,199,6,117,98,25,110,81,52,182,28,162,78,60,79,185,148,167,61,41,36,46,131,59,133,96,157,138,178,152,173,66,126,198,159,140,118,109,29,154,156,106,19,108,146,43,128,85,164,111,83,181,82,192,139,33,13,172,195,40,37,15,35,88,1,189,194,31,171,116,57,0,113,196,89,5,141,119,74,183,63,51,72,147,65,102,115,14,45,55,155,184,161,80,114,177,169,191,11,104,180,163,170,95,137,90,125,149,32,68,97,100,7,175,179,27,150,136,144,70,168,17,103,105,142,190,188,186,145,42,47,166,132,123,44];False
2381;8284;10665;[4,67,193,48,10,176,91,129,8,84,122,73,174,135,21,99,16,77,112,71,56,18,62,120,24,197,26,9,143,20,3,2,121,160,92,49,130,22,38,34,124,94,75,12,165,153,187,127,39,107,87,76,50,53,93,23,30,134,58,86,69,64,101,151,54,158,199,6,117,98,25,110,81,52,182,28,162,78,60,79,185,148,167,61,41,36,46,131,59,133,96,157,138,178,152,173,66,126,198,159,140,118,109,29,154,156,106,19,108,146,43,128,85,164,111,83,181,82,192,139,33,13,172,195,40,37,15,35,88,1,189,194,31,171,116,57,0,113,196,89,5,141,119,74,183,63,51,72,147,65,102,115,14,45,55,155,184,161,80,114,177,169,191,11,104,180,163,170,95,137,90,125,149,32,68,97,100,7,175,179,27,150,136,144,70,168,17,103,105,142,190,188,186,145,42,47,132,123,166,44];False
2404;8237;10641;[4,67,193,48,10,176,91,129,8,84,122,73,174,135,21,99,16,77,112,71,56,18,62,120,24,197,26,9,143,20,3,2,121,160,92,49,130,22,38,34,124,94,75,12,165,153,187,127,39,107,87,76,50,53,93,23,30,134,58,86,69,64,101,151,54,158,199,6,117,98,25,110,81,52,182,28,162,78,60,79,185,148,167,61,41,36,46,131,59,133,96,157,138,178,152,173,66,126,198,159,140,118,109,29,154,156,106,19,108,146,43,128,85,164,111,83,181,82,192,139,33,13,172,195,40,37,15,35,88,1,189,194,31,171,116,57,0,113,196,89,5,141,119,74,183,63,51,72,147,65,102,115,14,45,55,155,184,161,80,114,177,169,191,11,104,180,163,170,95,137,90,125,149,32,68,97,100,7,175,179,27,150,136,144,70,168,17,103,105,142,190,188,186,145,42,47,132,166,44,123];False
