utilA;utilB;utilSum;contract;pareto
1450;7393;8843;[34,4,144,70,19,87,121,178,102,75,182,84,77,112,93,147,66,157,103,116,65,124,168,31,142,117,167,61,45,188,196,35,78,128,42,57,197,125,145,126,143,160,91,1,150,105,180,41,36,46,140,92,82,23,97,187,175,12,22,26,176,193,109,20,67,166,38,139,63,118,48,194,29,198,174,184,115,2,32,72,163,25,51,50,190,10,130,113,156,74,44,138,37,94,173,18,131,110,81,153,101,100,30,134,148,11,189,58,158,43,7,0,62,68,123,6,137,60,54,151,119,96,39,107,55,14,13,111,52,89,161,80,71,108,53,183,69,159,164,90,28,155,73,99,106,136,132,152,49,170,172,86,76,133,85,104,17,8,16,56,21,135,192,40,15,9,33,154,122,179,195,185,127,47,171,141,98,114,64,79,177,27,88,5,186,199,83,59,129,24,95,149,165,181,120,3,169,191,162,146];False
1440;7404;8844;[34,4,144,70,19,87,121,178,102,75,182,84,77,112,93,147,66,157,103,116,65,124,168,31,142,117,167,61,45,188,196,35,78,128,42,57,197,189,145,126,143,160,91,1,150,105,180,41,36,46,140,92,82,23,97,187,175,12,22,26,176,193,109,20,67,166,38,139,63,118,48,194,29,198,174,184,115,2,32,72,163,25,51,50,190,10,130,113,156,74,44,138,37,94,173,18,131,110,81,153,101,100,30,134,148,11,125,58,158,43,7,0,62,68,123,6,137,60,54,151,119,96,39,107,55,14,13,111,52,89,161,80,71,108,53,183,69,159,164,90,28,155,73,99,106,136,132,152,49,170,172,86,76,133,85,104,17,8,16,56,21,135,192,40,15,9,33,154,122,179,195,185,127,47,171,141,98,114,64,79,177,27,88,5,186,199,83,59,129,24,95,149,165,181,120,3,169,191,162,146];False
1449;7401;8850;[34,4,144,70,19,87,121,178,102,75,182,84,77,112,93,147,66,157,103,116,65,124,168,31,142,117,167,61,45,188,196,35,78,128,42,57,197,125,145,126,143,160,91,1,150,105,180,41,36,46,140,92,82,23,97,187,175,12,22,26,176,193,109,20,67,166,38,139,63,118,48,194,29,198,174,184,115,2,32,72,163,25,51,50,190,10,130,113,156,53,44,138,37,94,173,18,131,110,81,153,101,100,30,134,148,11,189,58,158,43,7,0,62,68,123,6,137,60,54,151,119,96,39,107,55,14,13,111,52,89,161,80,71,108,74,183,69,159,164,90,28,155,73,99,106,136,132,152,49,170,172,86,76,133,85,104,17,8,16,56,21,135,192,40,15,9,33,154,122,179,195,185,127,47,171,141,98,114,64,79,177,27,88,5,186,199,83,59,129,24,95,149,165,181,120,3,169,191,162,146];False
1439;7412;8851;[34,4,144,70,19,87,121,178,102,75,182,84,77,112,93,147,66,157,103,116,65,124,168,31,142,117,167,61,45,188,196,35,78,128,42,57,197,189,145,126,143,160,91,1,150,105,180,41,36,46,140,92,82,23,97,187,175,12,22,26,176,193,109,20,67,166,38,139,63,118,48,194,29,198,174,184,115,2,32,72,163,25,51,50,190,10,130,113,156,53,44,138,37,94,173,18,131,110,81,153,101,100,30,134,148,11,125,58,158,43,7,0,62,68,123,6,137,60,54,151,119,96,39,107,55,14,13,111,52,89,161,80,71,108,74,183,69,159,164,90,28,155,73,99,106,136,132,152,49,170,172,86,76,133,85,104,17,8,16,56,21,135,192,40,15,9,33,154,122,179,195,185,127,47,171,141,98,114,64,79,177,27,88,5,186,199,83,59,129,24,95,149,165,181,120,3,169,191,162,146];False
1464;7359;8823;[34,4,144,70,19,87,121,178,102,75,182,84,77,112,93,147,66,157,103,116,65,124,168,31,142,117,167,61,45,188,11,35,78,128,42,57,197,189,145,126,143,160,91,1,150,105,180,41,36,46,140,92,82,23,97,187,175,12,22,26,176,193,109,20,67,166,38,139,63,118,48,194,29,198,174,184,115,2,32,72,163,25,51,50,190,10,130,113,156,74,44,138,37,94,173,18,131,110,81,153,101,100,30,134,148,96,125,58,158,43,7,0,62,68,123,6,137,60,54,151,119,196,39,107,55,14,13,111,52,89,161,80,71,162,53,183,69,159,164,90,28,155,73,99,106,136,132,152,49,170,172,86,76,133,85,104,17,8,16,56,21,108,192,40,15,9,33,154,122,179,195,185,127,47,171,141,98,114,64,79,177,27,88,5,186,199,83,59,129,24,95,149,165,181,120,3,169,191,135,146];False
1448;7377;8825;[34,4,144,70,19,87,121,178,102,75,182,84,77,112,93,147,66,157,103,116,65,124,168,31,142,117,167,61,45,188,196,35,78,128,42,57,197,189,145,126,143,160,91,1,150,105,180,41,36,46,140,92,82,23,97,187,175,12,22,26,176,193,109,20,67,166,38,139,63,118,48,194,29,198,174,184,115,2,32,72,163,25,51,50,190,10,130,113,156,74,44,138,37,94,173,18,131,110,81,153,101,100,30,134,148,11,125,58,158,43,7,0,62,68,123,6,137,60,54,151,119,96,39,107,85,14,13,111,52,89,161,80,71,162,53,183,69,159,164,90,28,155,73,99,106,136,132,152,49,170,172,86,76,133,40,104,17,8,16,56,21,108,192,55,15,9,33,154,122,179,195,185,127,47,171,141,98,114,64,79,177,27,88,5,186,199,83,59,129,24,95,149,165,181,120,3,169,191,135,146];False
1465;7354;8819;[34,4,144,70,19,87,121,178,102,75,182,84,77,112,93,147,66,157,103,116,65,124,168,31,142,117,167,61,45,188,11,35,78,128,42,57,197,189,145,126,143,160,91,1,150,105,180,41,36,46,140,92,82,23,97,187,175,12,22,26,176,193,109,20,67,166,38,139,63,118,48,194,29,198,174,184,115,2,32,72,163,25,51,50,190,10,130,113,156,74,44,138,37,94,173,18,131,110,81,153,101,100,30,134,148,119,125,58,158,43,7,0,62,68,123,6,137,60,54,151,96,196,39,107,55,14,13,111,52,89,161,80,71,162,53,183,69,159,164,90,28,155,73,99,106,136,132,152,49,170,172,86,76,133,85,104,17,8,16,56,21,108,192,40,15,9,33,154,122,179,195,185,127,47,171,141,98,114,64,79,177,27,88,5,186,199,83,59,129,24,95,149,165,181,120,3,169,191,135,146];False
1432;7412;8844;[34,4,144,70,19,87,121,178,102,75,182,84,77,112,93,147,66,157,103,116,65,124,168,31,142,117,167,61,45,188,11,35,78,128,42,57,197,189,145,126,143,160,91,1,150,105,180,41,36,46,140,92,82,23,97,187,175,12,22,26,176,193,109,20,67,166,38,139,63,118,48,194,29,198,174,184,115,2,32,72,163,25,51,50,190,10,130,113,156,74,44,138,37,94,173,18,131,110,81,153,101,100,30,134,148,90,125,58,158,43,7,0,62,68,123,6,137,60,54,151,119,196,39,107,55,14,13,111,52,89,161,80,71,162,53,183,69,159,164,96,28,155,73,99,106,136,132,152,49,170,172,86,76,133,85,104,17,8,16,56,21,108,192,40,15,9,33,154,122,179,195,185,127,47,171,141,98,114,64,79,177,27,88,5,186,199,83,59,129,24,95,149,165,181,120,3,169,191,135,146];False
1429;7429;8858;[146,4,144,70,19,87,121,178,102,75,182,84,77,112,93,147,66,157,103,116,65,124,168,31,142,117,167,61,45,188,196,35,78,128,42,57,197,189,145,126,143,160,91,1,150,105,180,41,36,46,140,92,82,23,97,187,175,12,22,26,176,193,109,20,67,166,38,139,63,118,48,194,29,198,174,184,115,2,32,72,163,25,51,50,190,10,130,113,156,74,44,138,37,94,173,18,131,110,81,153,101,100,30,134,148,11,125,58,158,43,7,0,62,68,123,6,137,60,54,151,119,96,39,107,85,14,13,111,52,89,161,80,71,162,53,183,69,159,164,90,28,155,73,99,106,136,132,152,49,170,172,86,76,133,40,104,17,8,16,56,21,108,192,55,15,9,33,154,122,179,195,185,127,47,171,141,98,114,64,79,177,27,88,5,186,199,83,59,129,24,95,149,165,181,120,3,169,191,135,34];False
1426;7383;8809;[34,4,144,70,19,87,121,178,102,75,182,84,77,112,93,147,66,157,103,116,65,124,168,31,142,117,167,61,45,188,196,35,78,128,42,57,197,189,145,126,143,160,91,1,150,105,180,41,36,46,140,92,82,23,97,187,175,12,22,26,176,193,109,20,67,166,38,139,63,118,48,194,29,198,174,184,115,2,32,72,163,25,51,50,190,10,130,113,156,74,44,138,37,94,173,18,131,110,81,153,101,100,30,134,148,11,125,58,158,43,7,0,62,68,123,6,137,60,54,151,119,96,39,107,85,14,13,111,52,89,161,80,71,162,53,183,69,159,164,90,28,155,73,99,106,136,132,152,49,170,172,86,133,76,40,104,17,8,16,56,21,108,192,55,15,9,33,154,122,179,195,185,127,47,171,141,98,114,64,79,177,27,88,5,186,199,83,59,129,24,95,149,165,181,120,3,169,191,135,146];True
1407;7435;8842;[146,4,144,70,19,87,121,178,102,75,182,84,77,112,93,147,66,157,103,116,65,124,168,31,142,117,167,61,45,188,196,35,78,128,42,57,197,189,145,126,143,160,91,1,150,105,180,41,36,46,140,92,82,23,97,187,175,12,22,26,176,193,109,20,67,166,38,139,63,118,48,194,29,198,174,184,115,2,32,72,163,25,51,50,190,10,130,113,156,74,44,138,37,94,173,18,131,110,81,153,101,100,30,134,148,11,125,58,158,43,7,0,62,68,123,6,137,60,54,151,119,96,39,107,85,14,13,111,52,89,161,80,71,162,53,183,69,159,164,90,28,155,73,99,106,136,132,152,49,170,172,86,133,76,40,104,17,8,16,56,21,108,192,55,15,9,33,154,122,179,195,185,127,47,171,141,98,114,64,79,177,27,88,5,186,199,83,59,129,24,95,149,165,181,120,3,169,191,135,34];True
1422;7421;8843;[34,4,144,70,194,87,121,178,102,75,182,84,77,112,93,147,66,157,103,116,65,124,168,31,142,117,167,61,45,188,196,35,78,128,42,57,197,189,145,126,143,160,91,1,150,105,180,41,36,46,140,92,82,23,97,187,175,12,22,26,176,193,109,20,67,166,38,139,63,118,48,19,29,198,174,184,115,2,32,72,163,25,51,50,190,10,130,113,156,74,44,138,37,94,173,18,131,110,81,153,101,100,30,134,148,11,125,58,158,43,7,0,62,68,123,6,137,60,54,151,119,96,39,107,85,14,13,111,52,89,161,80,71,162,53,183,69,159,164,90,28,155,73,99,106,136,132,152,49,170,172,86,133,76,40,104,17,8,16,56,21,108,192,55,15,9,33,154,122,179,195,185,127,47,171,141,98,114,64,79,177,27,88,5,186,199,83,59,129,24,95,149,165,181,120,3,169,191,135,146];False
1452;7375;8827;[34,4,144,70,19,87,121,178,102,161,182,84,77,112,93,147,66,157,103,116,65,124,168,31,142,117,167,61,45,188,196,35,78,128,42,57,197,189,145,126,143,160,91,1,150,105,180,41,36,46,140,92,82,23,97,187,175,12,22,26,176,193,109,20,67,166,38,139,63,118,48,194,29,198,174,184,115,2,32,72,163,25,51,50,190,10,130,113,156,74,44,138,37,94,173,18,131,110,81,153,101,100,30,134,148,11,125,58,158,43,7,0,62,68,123,6,137,60,54,151,119,96,39,107,85,14,13,111,52,89,75,80,71,162,53,183,69,159,164,90,28,155,73,99,106,136,132,152,49,170,172,86,133,76,40,104,17,8,16,56,21,108,192,55,15,9,33,154,122,179,195,185,127,47,171,141,98,114,64,79,177,27,88,5,186,199,83,59,129,24,95,149,165,181,120,3,169,191,135,146];False
1436;7372;8808;[34,4,144,70,19,87,121,178,102,75,182,84,77,112,93,147,66,157,103,116,65,124,168,31,142,117,167,61,45,188,196,35,78,128,42,57,197,125,145,126,143,160,91,1,150,105,180,41,36,46,140,92,82,23,97,187,175,12,22,26,176,193,109,20,67,166,38,139,63,118,48,194,29,198,174,184,115,2,32,72,163,25,51,50,190,10,130,113,156,74,44,138,37,94,173,18,131,110,81,153,101,100,30,134,148,11,189,58,158,43,7,0,62,68,123,6,137,60,54,151,119,96,39,107,85,14,13,111,52,89,161,80,71,162,53,183,69,159,164,90,28,155,73,99,106,136,132,152,49,170,172,86,133,76,40,104,17,8,16,56,21,108,192,55,15,9,33,154,122,179,195,185,127,47,171,141,98,114,64,79,177,27,88,5,186,199,83,59,129,24,95,149,165,181,120,3,169,191,135,146];True
1400;7473;8873;[34,4,144,70,19,87,121,178,102,75,182,84,77,112,93,147,66,157,103,116,65,124,168,31,142,117,167,61,45,188,196,35,78,128,42,57,197,189,145,126,143,160,91,1,150,105,180,41,36,46,140,92,82,23,97,187,123,12,22,26,176,193,109,20,67,166,38,139,63,118,48,194,29,198,174,184,115,2,32,72,163,25,51,50,190,10,130,113,156,74,44,138,37,94,173,18,131,110,81,153,101,100,30,134,148,11,125,58,158,43,7,0,62,68,175,6,137,60,54,151,119,96,39,107,85,14,13,111,52,89,161,80,71,162,53,183,69,159,164,90,28,155,73,99,106,136,132,152,49,170,172,86,133,76,40,104,17,8,16,56,21,108,192,55,15,9,33,154,122,179,195,185,127,47,171,141,98,114,64,79,177,27,88,5,186,199,83,59,129,24,95,149,165,181,120,3,169,191,135,146];True
1455;7367;8822;[34,4,144,70,19,87,121,178,102,75,182,84,77,112,93,147,66,157,103,116,65,124,168,31,142,117,167,61,45,188,196,35,78,128,42,57,197,189,145,126,143,160,91,1,150,105,180,41,36,46,140,92,82,23,97,187,175,12,22,26,176,193,109,20,67,166,38,139,63,118,48,194,29,198,174,184,115,2,32,72,163,25,51,50,190,10,130,113,156,74,44,138,37,94,173,18,131,110,81,153,101,100,30,134,148,11,125,58,158,43,7,0,181,68,123,6,137,60,54,151,119,96,39,107,85,14,13,111,52,89,161,80,71,162,53,183,69,159,164,90,28,155,73,99,106,136,132,152,49,170,172,86,133,76,40,104,17,8,16,56,21,108,192,55,15,9,33,154,122,179,195,185,127,47,171,141,98,114,64,79,177,27,88,5,186,199,83,59,129,24,95,149,165,62,120,3,169,191,135,146];True
1420;7412;8832;[34,4,144,70,19,87,121,178,102,75,182,84,77,112,93,147,66,157,103,116,65,124,168,31,142,117,167,61,45,188,196,35,78,128,42,57,197,189,145,126,143,160,91,1,150,105,180,41,36,46,140,92,82,23,97,187,175,12,22,26,176,193,109,20,67,166,38,139,63,118,48,194,29,198,174,184,115,2,32,72,163,25,51,50,190,10,130,113,156,74,44,138,37,94,173,18,131,110,81,153,101,100,30,134,148,11,125,58,158,43,7,0,62,68,123,6,137,60,54,151,119,96,39,107,85,14,13,111,52,89,161,80,71,162,53,183,69,159,164,90,28,155,73,99,106,136,132,152,49,170,172,86,133,76,40,104,17,8,16,56,21,108,192,55,15,9,33,154,122,179,165,185,127,47,171,141,98,114,64,79,177,27,88,5,186,199,83,59,129,24,95,149,195,181,120,3,169,191,135,146];True
1417;7424;8841;[146,4,144,70,19,87,121,178,102,75,182,84,77,112,93,147,66,157,103,116,65,124,168,31,142,117,167,61,45,188,196,35,78,128,42,57,197,125,145,126,143,160,91,1,150,105,180,41,36,46,140,92,82,23,97,187,175,12,22,26,176,193,109,20,67,166,38,139,63,118,48,194,29,198,174,184,115,2,32,72,163,25,51,50,190,10,130,113,156,74,44,138,37,94,173,18,131,110,81,153,101,100,30,134,148,11,189,58,158,43,7,0,62,68,123,6,137,60,54,151,119,96,39,107,85,14,13,111,52,89,161,80,71,162,53,183,69,159,164,90,28,155,73,99,106,136,132,152,49,170,172,86,133,76,40,104,17,8,16,56,21,108,192,55,15,9,33,154,122,179,195,185,127,47,171,141,98,114,64,79,177,27,88,5,186,199,83,59,129,24,95,149,165,181,120,3,169,191,135,34];True
1381;7525;8906;[146,4,144,70,19,87,121,178,102,75,182,84,77,112,93,147,66,157,103,116,65,124,168,31,142,117,167,61,45,188,196,35,78,128,42,57,197,189,145,126,143,160,91,1,150,105,180,41,36,46,140,92,82,23,97,187,123,12,22,26,176,193,109,20,67,166,38,139,63,118,48,194,29,198,174,184,115,2,32,72,163,25,51,50,190,10,130,113,156,74,44,138,37,94,173,18,131,110,81,153,101,100,30,134,148,11,125,58,158,43,7,0,62,68,175,6,137,60,54,151,119,96,39,107,85,14,13,111,52,89,161,80,71,162,53,183,69,159,164,90,28,155,73,99,106,136,132,152,49,170,172,86,133,76,40,104,17,8,16,56,21,108,192,55,15,9,33,154,122,179,195,185,127,47,171,141,98,114,64,79,177,27,88,5,186,199,83,59,129,24,95,149,165,181,120,3,169,191,135,34];False
1401;7464;8865;[146,4,144,70,19,87,121,178,102,75,182,84,77,112,93,147,66,157,103,116,65,124,168,31,142,117,167,61,45,188,196,35,78,128,42,57,197,189,145,126,143,160,91,1,150,105,180,41,36,46,140,92,82,23,97,187,175,12,22,26,176,193,109,20,67,166,38,139,63,118,48,194,29,198,174,184,115,2,32,72,163,25,51,50,190,10,130,113,156,74,44,138,37,94,173,18,131,110,81,153,101,100,30,134,148,11,125,58,158,43,7,0,62,68,123,6,137,60,54,151,119,96,39,107,85,14,13,111,52,89,161,80,71,162,53,183,69,159,164,90,28,155,73,99,106,136,132,152,49,170,172,86,133,76,40,104,17,8,16,56,21,108,192,55,15,9,33,154,122,179,165,185,127,47,171,141,98,114,64,79,177,27,88,5,186,199,83,59,129,24,95,149,195,181,120,3,169,191,135,34];False
1412;7427;8839;[34,4,144,70,19,87,121,178,102,75,182,84,77,112,93,147,66,157,103,116,65,124,168,31,142,117,167,61,45,188,196,35,78,128,42,57,197,125,58,126,143,160,91,1,150,105,180,41,36,46,140,92,82,23,97,187,175,12,22,26,176,193,109,20,67,166,38,139,63,118,48,194,29,198,174,184,115,2,32,72,163,25,51,50,190,10,130,113,156,74,44,138,37,94,173,18,131,110,81,153,101,100,30,134,148,11,189,145,158,43,7,0,62,68,123,6,137,60,54,151,119,96,39,107,85,14,13,111,52,89,161,80,71,162,53,183,69,159,164,90,28,155,73,99,106,136,132,152,49,170,172,86,133,76,40,104,17,8,16,56,21,108,192,55,15,9,33,154,122,179,195,185,127,47,171,141,98,114,64,79,177,27,88,5,186,199,83,59,129,24,95,149,165,181,120,3,169,191,135,146];True
1461;7354;8815;[34,4,144,70,19,87,121,178,102,75,182,84,77,112,93,147,66,157,103,116,65,124,168,31,142,117,167,61,45,188,196,35,78,128,42,57,197,125,145,126,143,160,91,1,150,105,180,41,36,46,140,92,82,23,189,187,175,12,22,26,176,193,109,20,67,166,38,139,63,118,48,194,29,198,174,184,115,2,32,72,163,25,51,50,190,10,130,113,156,74,44,138,37,94,173,18,131,110,81,153,101,100,30,134,148,11,97,58,158,43,7,0,62,68,123,6,137,60,54,151,119,96,39,107,85,14,13,111,52,89,161,80,71,162,53,183,69,159,164,90,28,155,73,99,106,136,132,152,49,170,172,86,133,76,40,104,17,8,16,56,21,108,192,55,15,9,33,154,122,179,195,185,127,47,171,141,98,114,64,79,177,27,88,5,186,199,83,59,129,24,95,149,165,181,120,3,169,191,135,146];True
1452;7368;8820;[34,4,144,70,19,87,121,178,102,75,182,84,77,112,93,147,66,157,103,116,65,124,168,31,142,117,167,61,45,188,196,35,78,128,42,57,197,125,145,126,143,160,91,1,150,105,180,41,36,46,140,92,82,23,97,187,175,12,22,26,176,193,109,20,67,166,38,139,63,118,48,194,29,198,174,184,115,2,32,72,163,25,51,50,190,10,130,113,156,74,44,138,37,94,173,18,131,110,81,153,101,100,30,134,96,11,189,58,158,43,7,0,62,68,123,6,137,60,54,151,119,148,39,107,85,14,13,111,52,89,161,80,71,162,53,183,69,159,164,90,28,155,73,99,106,136,132,152,49,170,172,86,133,76,40,104,17,8,16,56,21,108,192,55,15,9,33,154,122,179,195,185,127,47,171,141,98,114,64,79,177,27,88,5,186,199,83,59,129,24,95,149,165,181,120,3,169,191,135,146];True
1395;7486;8881;[34,4,144,70,19,87,121,178,102,75,182,84,77,112,93,147,66,157,103,116,65,124,168,31,142,117,167,61,45,188,196,35,78,128,42,57,197,189,145,126,143,160,91,1,150,105,180,41,36,46,140,92,82,23,97,187,175,12,22,26,176,193,109,20,67,166,38,139,63,118,48,194,149,198,174,184,115,2,32,72,163,25,51,50,190,10,130,113,156,74,44,138,37,94,173,18,131,110,81,153,101,100,30,134,148,11,125,58,158,43,7,0,62,68,123,6,137,60,54,151,119,96,39,107,85,14,13,111,52,89,161,80,71,162,53,183,69,159,164,90,28,155,73,99,106,136,132,152,49,170,172,86,133,76,40,104,17,8,16,56,21,108,192,55,15,9,33,154,122,179,165,185,127,47,171,141,98,114,64,79,177,27,88,5,186,199,83,59,129,24,95,29,195,181,120,3,169,191,135,146];False
1401;7451;8852;[34,4,144,70,19,87,121,178,102,75,182,84,77,112,93,147,66,157,103,116,65,124,168,31,142,117,167,61,45,188,196,35,78,128,42,57,197,189,145,126,143,160,91,1,150,105,180,41,36,46,140,92,82,23,97,187,175,12,22,26,176,193,109,20,67,166,38,139,63,118,48,194,29,198,174,184,115,2,32,72,163,25,51,50,190,195,130,113,156,74,44,138,37,94,173,18,131,110,81,153,101,100,30,134,148,11,125,58,158,43,7,0,62,68,123,6,137,60,54,151,119,96,39,107,85,14,13,111,52,89,161,80,71,162,53,183,69,159,164,90,28,155,73,99,106,136,132,152,49,170,172,86,133,76,40,104,17,8,16,56,21,108,192,55,15,9,33,154,122,179,165,185,127,47,171,141,98,114,64,79,177,27,88,5,186,199,83,59,129,24,95,149,10,181,120,3,169,191,135,146];True
1393;7479;8872;[146,4,144,70,19,87,121,178,102,75,182,84,77,112,93,147,66,157,103,116,65,124,168,31,142,117,167,61,45,188,196,35,78,128,42,57,197,125,58,126,143,160,91,1,150,105,180,41,36,46,140,92,82,23,97,187,175,12,22,26,176,193,109,20,67,166,38,139,63,118,48,194,29,198,174,184,115,2,32,72,163,25,51,50,190,10,130,113,156,74,44,138,37,94,173,18,131,110,81,153,101,100,30,134,148,11,189,145,158,43,7,0,62,68,123,6,137,60,54,151,119,96,39,107,85,14,13,111,52,89,161,80,71,162,53,183,69,159,164,90,28,155,73,99,106,136,132,152,49,170,172,86,133,76,40,104,17,8,16,56,21,108,192,55,15,9,33,154,122,179,195,185,127,47,171,141,98,114,64,79,177,27,88,5,186,199,83,59,129,24,95,149,165,181,120,3,169,191,135,34];True
1390;7497;8887;[146,4,144,70,19,87,121,178,102,75,182,84,77,112,93,147,66,157,103,116,65,124,168,31,142,117,167,61,45,188,196,35,78,128,42,57,197,189,145,126,143,160,91,1,150,105,180,41,36,46,140,92,82,23,97,187,172,12,22,26,176,193,109,20,67,166,38,139,63,118,48,194,29,198,174,184,115,2,32,72,163,25,51,50,190,10,130,113,156,74,44,138,37,94,173,18,131,110,81,153,101,100,30,134,148,11,125,58,158,43,7,0,62,68,175,6,137,60,54,151,119,96,39,107,85,14,13,111,52,89,161,80,71,162,53,183,69,159,164,90,28,155,73,99,106,136,132,152,49,170,123,86,133,76,40,104,17,8,16,56,21,108,192,55,15,9,33,154,122,179,195,185,127,47,171,141,98,114,64,79,177,27,88,5,186,199,83,59,129,24,95,149,165,181,120,3,169,191,135,34];False
1447;7369;8816;[34,4,144,70,19,87,121,178,102,75,182,84,77,112,93,147,66,157,103,116,65,124,168,31,142,117,167,61,45,188,196,35,78,128,42,57,197,125,145,126,143,160,91,1,150,105,180,41,36,46,140,92,82,23,97,187,175,12,22,26,176,193,109,20,67,166,38,139,63,118,48,194,29,198,174,184,115,2,32,72,163,25,51,50,190,10,130,113,156,74,44,138,37,94,173,18,131,110,81,153,101,100,30,134,96,11,189,58,158,43,7,0,62,68,123,6,137,60,54,151,148,119,39,107,85,14,13,111,52,89,161,80,71,162,53,183,69,159,164,90,28,155,73,99,106,136,132,152,49,170,172,86,133,76,40,104,17,8,16,56,21,108,192,55,15,9,33,154,122,179,195,185,127,47,171,141,98,114,64,79,177,27,88,5,186,199,83,59,129,24,95,149,165,181,120,3,169,191,135,146];True
1382;7503;8885;[146,4,144,70,19,87,121,178,102,75,182,84,77,112,93,147,66,157,103,116,65,124,168,31,142,117,167,61,45,188,196,35,78,128,42,57,197,189,145,126,143,160,91,1,150,105,180,41,36,46,140,92,82,23,97,187,175,12,22,26,176,193,109,20,67,166,38,139,63,118,48,194,29,198,174,184,115,2,32,72,163,25,51,50,190,195,130,113,156,74,44,138,37,94,173,18,131,110,81,153,101,100,30,134,148,11,125,58,158,43,7,0,62,68,123,6,137,60,54,151,119,96,39,107,85,14,13,111,52,89,161,80,71,162,53,183,69,159,164,90,28,155,73,99,106,136,132,152,49,170,172,86,133,76,40,104,17,8,16,56,21,108,192,55,15,9,33,154,122,179,165,185,127,47,171,141,98,114,64,79,177,27,88,5,186,199,83,59,129,24,95,149,10,181,120,3,169,191,135,34];True
1375;7541;8916;[34,4,144,70,19,87,121,178,102,75,182,84,77,112,93,147,66,157,103,116,65,124,168,31,142,117,167,61,45,188,196,35,78,128,42,57,197,189,145,126,143,160,91,1,150,105,180,41,36,46,140,92,82,23,97,187,123,12,22,26,176,193,109,20,67,166,38,139,63,118,48,194,29,198,174,184,115,2,32,72,163,25,51,50,190,195,130,113,156,74,44,138,37,94,173,18,131,110,81,153,101,100,30,134,148,11,125,58,158,43,7,0,62,68,175,6,137,60,54,151,119,96,39,107,85,14,13,111,52,89,161,80,71,162,53,183,69,159,164,90,28,155,73,99,106,136,132,152,49,170,172,86,133,76,40,104,17,8,16,56,21,108,192,55,15,9,33,154,122,179,165,185,127,47,171,141,98,114,64,79,177,27,88,5,186,199,83,59,129,24,95,149,10,181,120,3,169,191,135,146];False
1388;7490;8878;[146,4,144,70,19,87,121,178,102,75,182,84,77,112,93,147,66,157,103,116,65,124,168,31,142,117,167,61,45,188,196,35,78,128,42,57,197,2,58,126,143,160,91,1,150,105,180,41,36,46,140,92,82,23,97,187,175,12,22,26,176,193,109,20,67,166,38,139,63,118,48,194,29,198,174,184,115,125,32,72,163,25,51,50,190,10,130,113,156,74,44,138,37,94,173,18,131,110,81,153,101,100,30,134,148,11,189,145,158,43,7,0,62,68,123,6,137,60,54,151,119,96,39,107,85,14,13,111,52,89,161,80,71,162,53,183,69,159,164,90,28,155,73,99,106,136,132,152,49,170,172,86,133,76,40,104,17,8,16,56,21,108,192,55,15,9,33,154,122,179,195,185,127,47,171,141,98,114,64,79,177,27,88,5,186,199,83,59,129,24,95,149,165,181,120,3,169,191,135,34];True
1472;7351;8823;[34,4,144,70,19,87,121,178,102,75,182,84,77,112,93,147,66,157,103,116,65,124,168,31,142,117,167,61,45,188,196,35,78,128,42,57,197,125,145,126,143,160,91,1,150,105,180,41,36,46,140,92,82,23,189,187,175,12,22,26,176,193,109,20,67,166,38,139,63,118,48,194,29,198,174,184,115,2,32,72,163,25,51,50,190,10,130,113,156,74,44,138,37,94,173,18,131,110,81,153,101,100,30,134,96,11,97,58,158,43,7,0,62,68,123,6,137,60,54,151,148,119,39,107,85,14,13,111,52,89,161,80,71,162,53,183,69,159,164,90,28,155,73,99,106,136,132,152,49,170,172,86,133,76,40,104,17,8,16,56,21,108,192,55,15,9,33,154,122,179,195,185,127,47,171,141,98,114,64,79,177,27,88,5,186,199,83,59,129,24,95,149,165,181,120,3,169,191,135,146];True
1372;7542;8914;[34,4,144,70,19,87,121,178,102,75,182,84,77,112,93,147,66,157,103,116,65,124,168,31,142,117,167,61,45,188,196,35,78,128,42,57,197,189,145,126,143,160,91,1,150,105,180,41,36,46,140,92,82,23,97,187,123,12,22,26,176,193,109,20,67,166,38,139,63,118,48,194,29,198,174,184,115,2,32,72,163,25,51,50,190,195,130,113,156,74,44,138,37,94,173,18,131,110,81,153,101,100,30,134,148,11,125,58,158,43,7,0,62,68,175,165,137,60,54,151,119,96,39,107,85,14,13,111,52,89,161,80,71,162,53,183,69,159,164,90,28,155,73,99,106,136,132,152,49,170,172,86,133,76,40,104,17,8,16,56,21,108,192,55,15,9,33,154,122,179,6,185,127,47,171,141,98,114,64,79,177,27,88,5,186,199,83,59,129,24,95,149,10,181,120,3,169,191,135,146];False
1353;7594;8947;[146,4,144,70,19,87,121,178,102,75,182,84,77,112,93,147,66,157,103,116,65,124,168,31,142,117,167,61,45,188,196,35,78,128,42,57,197,189,145,126,143,160,91,1,150,105,180,41,36,46,140,92,82,23,97,187,123,12,22,26,176,193,109,20,67,166,38,139,63,118,48,194,29,198,174,184,115,2,32,72,163,25,51,50,190,195,130,113,156,74,44,138,37,94,173,18,131,110,81,153,101,100,30,134,148,11,125,58,158,43,7,0,62,68,175,165,137,60,54,151,119,96,39,107,85,14,13,111,52,89,161,80,71,162,53,183,69,159,164,90,28,155,73,99,106,136,132,152,49,170,172,86,133,76,40,104,17,8,16,56,21,108,192,55,15,9,33,154,122,179,6,185,127,47,171,141,98,114,64,79,177,27,88,5,186,199,83,59,129,24,95,149,10,181,120,3,169,191,135,34];False
1381;7514;8895;[34,4,144,70,19,87,121,178,102,75,182,84,77,112,93,147,66,157,103,116,65,124,168,31,142,117,167,61,45,188,196,35,78,128,42,57,197,189,145,126,143,160,91,1,150,105,180,41,36,46,140,92,82,23,97,187,172,12,22,26,176,193,109,20,67,166,38,139,63,118,48,194,29,198,174,184,115,2,32,72,163,25,51,50,190,195,130,113,156,74,44,138,37,94,173,18,131,110,81,153,101,100,30,134,148,11,125,58,158,43,7,0,62,68,175,165,137,60,54,151,119,96,39,107,85,14,13,111,52,89,161,80,71,162,53,183,69,159,164,90,28,155,73,99,106,136,132,152,49,170,123,86,133,76,40,104,17,8,16,56,21,108,192,55,15,9,33,154,122,179,6,185,127,47,171,141,98,114,64,79,177,27,88,5,186,199,83,59,129,24,95,149,10,181,120,3,169,191,135,146];True
1362;7566;8928;[146,4,144,70,19,87,121,178,102,75,182,84,77,112,93,147,66,157,103,116,65,124,168,31,142,117,167,61,45,188,196,35,78,128,42,57,197,189,145,126,143,160,91,1,150,105,180,41,36,46,140,92,82,23,97,187,172,12,22,26,176,193,109,20,67,166,38,139,63,118,48,194,29,198,174,184,115,2,32,72,163,25,51,50,190,195,130,113,156,74,44,138,37,94,173,18,131,110,81,153,101,100,30,134,148,11,125,58,158,43,7,0,62,68,175,165,137,60,54,151,119,96,39,107,85,14,13,111,52,89,161,80,71,162,53,183,69,159,164,90,28,155,73,99,106,136,132,152,49,170,123,86,133,76,40,104,17,8,16,56,21,108,192,55,15,9,33,154,122,179,6,185,127,47,171,141,98,114,64,79,177,27,88,5,186,199,83,59,129,24,95,149,10,181,120,3,169,191,135,34];False
1351;7611;8962;[146,4,144,70,19,87,121,178,102,75,182,84,77,112,93,147,66,157,103,116,65,124,168,31,142,117,167,61,45,188,196,35,78,128,42,57,197,189,145,126,143,160,91,1,150,105,180,41,36,46,140,92,82,23,97,187,191,12,22,26,176,193,109,20,67,166,38,139,63,118,48,194,29,198,174,184,115,2,32,72,163,25,51,50,190,195,130,113,156,74,44,138,37,94,173,18,131,110,81,153,101,100,30,134,148,11,125,58,158,43,7,0,62,68,175,165,137,60,54,151,119,96,39,107,85,14,13,111,52,89,161,80,71,162,53,183,69,159,164,90,28,155,73,99,106,136,132,152,49,170,123,86,133,76,40,104,17,8,16,56,21,108,192,55,15,9,33,154,122,179,6,185,127,47,171,141,98,114,64,79,177,27,88,5,186,199,83,59,129,24,95,149,10,181,120,3,169,172,135,34];False
1365;7565;8930;[146,4,144,70,19,87,121,178,102,75,182,84,77,112,93,147,66,157,103,116,65,124,168,31,142,117,167,61,45,188,196,35,78,128,42,57,197,189,145,126,143,160,91,1,150,105,180,41,36,46,140,92,82,23,97,187,172,12,22,26,176,193,109,20,67,166,38,139,63,118,48,194,29,198,174,184,115,2,32,72,163,25,51,50,190,195,130,113,156,74,44,138,37,94,173,18,131,110,81,153,101,100,30,134,148,11,125,58,158,43,7,0,62,68,175,6,137,60,54,151,119,96,39,107,85,14,13,111,52,89,161,80,71,162,53,183,69,159,164,90,28,155,73,99,106,136,132,152,49,170,123,86,133,76,40,104,17,8,16,56,21,108,192,55,15,9,33,154,122,179,165,185,127,47,171,141,98,114,64,79,177,27,88,5,186,199,83,59,129,24,95,149,10,181,120,3,169,191,135,34];False
1534;7297;8831;[34,4,144,70,19,41,121,178,102,75,182,84,77,112,93,147,66,157,103,116,65,124,168,31,142,117,167,61,45,188,87,35,78,128,42,57,197,92,145,126,143,160,91,1,150,105,180,196,36,46,140,123,82,23,189,187,175,12,22,26,176,193,109,20,67,166,38,139,63,118,48,194,29,198,174,184,115,2,32,72,163,25,51,50,190,10,130,113,156,74,44,138,37,94,173,18,131,110,81,153,101,100,30,134,148,11,97,58,158,43,7,0,62,68,125,6,137,60,54,151,119,96,39,107,55,14,13,111,52,89,161,80,71,162,53,183,69,159,164,90,28,155,73,99,106,136,132,152,49,170,172,86,76,133,85,104,17,8,16,56,21,108,192,40,15,9,33,154,122,179,195,185,127,47,171,141,98,114,64,79,177,27,88,5,186,199,83,59,129,24,95,149,165,181,120,3,169,191,135,146];True
1569;7267;8836;[34,4,144,70,19,41,121,178,161,102,182,84,77,112,93,147,66,157,103,116,65,124,168,31,142,117,167,61,45,188,87,35,78,128,42,57,197,125,145,126,143,160,91,1,150,105,180,196,36,46,140,92,82,23,189,187,175,12,22,26,176,193,109,20,67,166,38,139,63,118,48,194,29,198,174,184,115,2,32,72,163,25,51,50,190,10,130,113,156,74,44,138,37,94,173,18,131,110,81,153,101,100,30,134,148,11,97,58,158,43,7,0,62,68,123,6,137,60,54,151,119,96,39,107,55,14,13,111,52,89,75,80,71,162,53,183,69,159,164,90,28,155,73,99,106,136,132,152,49,170,172,86,76,133,85,104,17,8,16,56,21,108,192,40,15,9,33,154,122,179,195,185,127,47,171,141,98,114,64,79,177,27,88,5,186,199,83,59,129,24,95,149,165,181,120,3,169,191,135,146];True
1598;7251;8849;[34,4,144,70,19,41,121,178,161,102,182,84,77,112,93,147,66,157,103,116,65,124,168,31,142,117,167,61,45,188,87,35,78,128,42,57,197,125,145,126,143,160,91,1,150,105,180,196,36,46,140,92,82,23,189,187,175,12,22,26,176,193,109,20,67,166,38,139,63,118,48,194,29,198,174,184,115,2,32,72,163,25,51,50,190,10,130,113,156,74,44,138,37,94,173,18,131,110,81,153,101,100,30,134,148,11,97,58,158,43,7,0,181,68,123,6,137,60,54,151,119,96,39,107,55,14,13,111,52,89,75,80,71,162,53,183,69,159,164,90,28,155,73,99,106,136,132,152,49,170,172,86,76,133,85,104,17,8,16,56,21,108,192,40,15,9,33,154,122,179,195,185,127,47,171,141,98,114,64,79,177,27,88,5,186,199,83,59,129,24,95,149,165,62,120,3,169,191,135,146];True
1644;7227;8871;[34,4,144,70,19,41,121,178,161,115,182,84,77,112,93,147,66,157,103,116,65,124,168,31,142,117,167,61,45,188,87,35,78,128,42,57,197,125,145,126,143,160,91,1,150,105,180,196,36,46,140,92,82,23,189,47,175,12,22,26,176,193,109,20,67,166,38,139,63,118,48,194,29,198,174,184,165,2,32,72,163,25,51,50,190,10,130,113,156,74,44,138,37,94,173,18,131,110,81,153,101,100,30,134,148,11,97,58,158,43,7,0,181,68,123,6,137,60,54,151,119,187,39,107,55,14,13,111,52,89,75,80,71,162,53,183,69,159,164,90,28,155,73,99,106,136,132,152,49,170,172,86,76,133,85,104,17,8,16,56,21,108,192,40,15,9,33,154,122,179,195,185,127,96,171,141,98,114,64,79,177,27,88,5,186,199,83,59,129,24,95,149,102,62,120,3,169,191,135,146];False
1559;7268;8827;[34,4,144,70,19,41,121,178,161,102,112,84,77,182,17,147,66,157,103,116,65,124,168,31,142,117,167,61,45,188,87,35,78,128,42,57,197,125,145,126,143,160,91,1,150,105,180,196,36,46,140,92,82,23,189,47,175,12,22,26,176,193,109,20,67,166,38,139,63,118,48,194,29,198,174,184,115,2,32,72,163,25,51,50,190,10,130,113,156,74,44,138,37,94,173,18,131,110,81,153,101,100,30,134,148,11,97,58,158,43,7,0,62,68,123,6,137,60,54,151,119,187,39,107,55,14,13,111,52,89,75,80,71,162,53,183,69,159,164,90,28,155,73,99,106,136,132,152,49,170,172,86,76,133,85,104,8,93,16,56,21,108,192,40,15,9,33,154,122,179,195,185,127,96,171,141,98,114,64,79,177,27,88,5,186,199,83,59,129,24,95,149,165,181,120,3,169,191,135,146];True
1602;7245;8847;[34,4,144,70,19,41,121,178,161,102,112,84,77,182,17,147,66,157,103,116,65,124,168,31,142,117,167,61,45,188,87,35,78,128,42,57,197,125,145,126,143,160,91,1,150,105,180,196,36,46,140,92,82,23,189,47,175,12,22,26,176,193,109,20,67,166,38,139,63,118,48,194,29,198,174,16,115,2,32,72,163,25,51,50,190,10,130,113,156,74,44,138,37,94,173,18,131,110,81,153,101,100,30,134,148,11,97,58,158,43,7,0,62,68,123,6,137,60,54,151,119,187,39,107,55,14,13,111,52,89,75,80,71,162,53,183,69,159,164,90,28,155,73,99,106,136,132,152,49,170,172,86,76,133,85,104,8,93,184,56,21,108,192,40,15,9,33,154,122,179,195,185,127,96,171,141,98,114,64,79,177,27,88,5,186,199,83,59,129,24,95,149,165,181,120,3,169,191,135,146];True
1588;7252;8840;[34,4,144,70,19,41,121,178,161,102,112,84,77,182,17,147,66,157,103,116,65,124,168,31,142,117,167,61,45,188,87,35,78,128,42,57,197,125,145,126,143,160,91,1,150,105,180,196,36,46,140,92,82,23,189,47,175,12,22,26,176,193,109,20,67,166,38,139,63,118,48,194,29,198,174,184,115,2,32,72,163,25,51,50,190,10,130,113,156,74,44,138,37,94,173,18,131,110,81,153,101,100,30,134,148,11,97,58,158,43,7,0,181,68,123,6,137,60,54,151,119,187,39,107,55,14,13,111,52,89,75,80,71,162,53,183,69,159,164,90,28,155,73,99,106,136,132,152,49,170,172,86,76,133,85,104,8,93,16,56,21,108,192,40,15,9,33,154,122,179,195,185,127,96,171,141,98,114,64,79,177,27,88,5,186,199,83,59,129,24,95,149,165,62,120,3,169,191,135,146];True
1631;7229;8860;[34,4,144,70,19,41,121,178,161,102,112,84,77,182,17,147,66,157,103,116,65,124,168,31,142,117,167,61,45,188,87,35,78,128,42,57,197,125,145,126,143,160,91,1,150,105,180,196,36,46,140,92,82,23,189,47,175,12,22,26,176,193,109,20,67,166,38,139,63,118,48,194,29,198,174,16,115,2,32,72,163,25,51,50,190,10,130,113,156,74,44,138,37,94,173,18,131,110,81,153,101,100,30,134,148,11,97,58,158,43,7,0,181,68,123,6,137,60,54,151,119,187,39,107,55,14,13,111,52,89,75,80,71,162,53,183,69,159,164,90,28,155,73,99,106,136,132,152,49,170,172,86,76,133,85,104,8,93,184,56,21,108,192,40,15,9,33,154,122,179,195,185,127,96,171,141,98,114,64,79,177,27,88,5,186,199,83,59,129,24,95,149,165,62,120,3,169,191,135,146];True
1651;7222;8873;[34,4,144,70,19,41,121,178,161,102,112,84,77,182,92,147,66,157,103,116,65,124,168,31,142,117,167,61,45,188,87,35,78,128,42,57,197,125,145,126,143,160,91,1,150,105,180,196,36,46,140,17,82,23,189,47,175,12,22,26,176,193,109,20,67,166,38,139,63,118,48,194,29,198,174,16,115,2,32,72,163,25,51,50,190,10,130,113,156,74,44,138,37,94,173,18,131,110,81,153,101,100,30,134,148,11,97,58,158,43,7,0,181,68,123,6,137,60,54,151,119,187,39,107,55,14,13,111,52,89,75,80,71,162,53,183,69,159,164,90,28,155,73,99,106,136,132,152,49,170,172,86,76,133,85,104,8,93,184,56,21,108,192,40,15,9,33,154,122,179,195,185,127,96,171,141,98,114,64,79,177,27,88,5,186,199,83,59,129,24,95,149,165,62,120,3,169,191,135,146];False
1674;7217;8891;[34,4,144,70,19,41,121,178,161,102,112,84,77,182,17,147,66,157,103,116,65,124,168,31,142,117,167,61,45,188,87,35,78,128,42,57,197,125,145,126,143,160,91,1,150,105,180,196,36,46,140,92,82,23,189,98,175,12,22,26,176,193,109,20,67,166,38,139,63,118,48,194,29,198,174,16,115,2,32,72,163,25,51,50,190,10,130,113,156,74,44,138,37,94,173,18,131,110,81,153,101,100,30,134,148,11,97,58,158,43,7,0,181,68,123,6,137,60,54,151,119,187,39,107,55,14,13,111,52,89,75,80,71,162,53,183,69,159,164,90,28,155,73,99,106,136,132,152,49,170,172,86,76,133,85,104,8,93,184,56,21,108,192,40,15,9,33,154,122,179,195,185,127,96,171,141,47,114,64,79,177,27,88,5,186,199,83,59,129,24,95,149,165,62,120,3,169,191,135,146];False
1693;7203;8896;[34,4,144,70,19,41,121,178,161,115,182,84,77,112,93,147,66,157,103,116,65,124,168,31,142,117,167,61,45,188,87,35,78,128,42,57,197,125,145,126,143,160,91,1,150,105,180,196,36,46,140,92,82,23,189,195,175,12,22,26,176,193,109,20,67,166,38,139,63,118,48,194,29,198,174,184,165,2,32,72,163,25,51,50,190,10,130,113,156,74,44,138,37,94,173,18,131,110,81,153,101,100,30,134,148,11,97,58,158,43,7,0,181,68,123,6,137,60,54,151,119,187,39,107,55,14,13,111,52,89,75,80,71,162,53,183,69,159,164,90,28,155,73,99,106,136,132,152,49,170,172,86,76,133,85,104,17,8,16,56,21,108,192,40,15,9,33,154,122,179,27,185,127,96,171,141,98,114,64,79,177,47,88,5,186,199,83,59,129,24,95,149,102,62,120,3,169,191,135,146];False
1663;7213;8876;[34,4,144,70,19,41,121,178,161,115,182,84,77,112,93,147,66,157,103,116,65,124,168,31,142,117,167,61,45,188,87,35,78,128,42,57,197,125,145,126,143,160,91,1,150,105,180,196,36,46,140,92,82,23,189,195,102,12,22,26,176,193,109,20,67,166,38,139,63,118,48,194,29,198,174,184,165,2,32,72,163,25,51,50,190,10,130,113,156,74,44,138,37,94,173,18,131,110,81,153,101,100,30,134,148,11,97,58,158,43,7,0,181,68,123,6,137,60,54,151,119,187,39,107,55,14,13,111,52,89,75,80,71,162,53,183,69,159,164,90,28,155,73,99,106,136,132,152,49,170,172,86,76,133,85,104,17,8,16,56,21,108,192,40,15,9,33,154,122,179,27,185,127,96,171,141,98,114,64,79,177,47,88,5,186,199,83,59,129,24,95,149,175,62,120,3,169,191,135,146];True
1661;7218;8879;[34,4,144,70,19,41,121,178,161,115,182,84,77,112,93,147,66,157,103,116,65,124,168,31,142,117,167,61,45,188,87,35,78,128,42,57,197,125,145,126,143,160,91,1,150,105,180,196,36,46,140,92,82,23,189,195,187,12,22,26,176,193,109,20,67,166,38,139,63,118,48,194,29,198,174,184,165,2,32,72,163,25,51,50,190,10,130,113,156,74,44,138,37,94,173,18,131,110,81,153,101,100,30,134,148,11,97,58,158,43,7,0,181,68,123,6,137,60,54,151,119,102,39,107,55,14,13,111,52,89,75,80,71,162,53,183,69,159,164,90,28,155,73,99,106,136,132,152,49,170,172,86,76,133,85,104,17,8,16,56,21,108,192,40,15,9,33,154,122,179,27,185,127,96,171,141,98,114,64,79,177,47,88,5,186,199,83,59,129,24,95,149,175,62,120,3,169,191,135,146];False
1655;7217;8872;[34,4,144,70,19,41,121,178,161,115,182,84,77,112,93,147,66,157,103,116,65,124,168,31,142,117,167,61,45,188,87,35,78,128,42,57,197,125,145,126,143,160,91,1,150,105,180,196,36,46,140,92,82,23,189,195,172,12,22,26,176,193,109,20,67,166,38,139,63,118,48,194,29,198,174,184,165,2,32,72,163,25,51,50,190,10,130,113,156,74,44,138,37,94,173,18,131,110,81,153,101,100,30,134,148,11,97,58,158,43,7,0,181,68,123,6,137,60,54,151,119,187,39,107,55,14,13,111,52,89,75,80,71,162,53,183,69,159,164,90,28,155,73,99,106,136,132,152,49,170,102,86,76,133,85,104,17,8,16,56,21,108,192,40,15,9,33,154,122,179,27,185,127,96,171,141,98,114,64,79,177,47,88,5,186,199,83,59,129,24,95,149,175,62,120,3,169,191,135,146];True
1640;7222;8862;[34,4,144,70,19,41,121,178,161,115,182,84,77,112,93,147,66,157,103,116,65,124,168,31,142,117,167,61,45,188,87,35,78,128,42,57,197,125,145,126,143,160,91,1,150,105,180,196,36,46,140,92,82,23,189,195,102,12,22,26,176,193,109,20,67,166,38,139,63,118,48,194,29,198,174,184,165,2,32,72,163,25,51,50,190,10,130,113,156,74,44,138,37,94,173,18,131,110,81,153,101,100,30,134,148,11,97,58,158,43,7,0,181,68,123,6,149,60,54,151,119,187,39,107,55,14,13,111,52,89,75,80,71,162,53,183,69,159,164,90,28,155,73,99,106,136,132,152,49,170,172,86,76,133,85,104,17,8,16,56,21,108,192,40,15,9,33,154,122,179,27,185,127,96,171,141,98,114,64,79,177,47,88,5,186,199,83,59,129,24,95,137,175,62,120,3,169,191,135,146];True
1632;7226;8858;[34,4,144,70,19,41,121,178,161,115,182,84,77,112,93,147,66,157,103,116,65,124,168,31,142,117,167,61,45,188,87,35,78,128,42,57,197,125,145,126,143,160,91,1,150,105,180,196,36,46,140,92,82,23,189,195,172,12,22,26,176,193,109,20,67,166,38,139,63,118,48,194,29,198,174,184,165,2,32,72,163,25,51,50,190,10,130,113,156,74,44,138,37,94,173,18,131,110,81,153,101,100,30,134,148,11,97,58,158,43,7,0,181,68,123,6,149,60,54,151,119,187,39,107,55,14,13,111,52,89,75,80,71,162,53,183,69,159,164,90,28,155,73,99,106,136,132,152,49,170,102,86,76,133,85,104,17,8,16,56,21,108,192,40,15,9,33,154,122,179,27,185,127,96,171,141,98,114,64,79,177,47,88,5,186,199,83,59,129,24,95,137,175,62,120,3,169,191,135,146];True
1351;7587;8938;[34,4,144,70,19,87,121,178,161,102,145,84,77,112,93,147,66,157,103,116,65,124,168,31,142,117,167,61,45,188,196,35,78,128,42,57,197,131,191,126,143,160,91,1,150,105,180,41,36,46,140,92,82,23,97,187,175,123,22,26,176,193,109,20,67,166,38,139,63,118,48,194,182,198,174,184,115,125,32,72,163,25,51,50,190,195,130,113,156,74,44,138,37,94,173,40,2,110,81,153,101,100,30,134,148,11,189,58,158,43,7,0,62,68,179,6,137,60,54,151,119,96,39,107,18,14,13,111,52,89,75,80,71,162,53,183,69,159,164,90,28,155,73,99,106,136,132,152,49,170,172,86,76,133,85,104,17,8,16,56,21,108,192,55,15,9,33,154,122,12,165,185,127,47,171,141,98,114,64,79,177,27,88,5,186,199,83,59,129,24,95,149,10,181,120,3,169,29,135,146];True
1332;7639;8971;[146,4,144,70,19,87,121,178,161,102,145,84,77,112,93,147,66,157,103,116,65,124,168,31,142,117,167,61,45,188,196,35,78,128,42,57,197,131,191,126,143,160,91,1,150,105,180,41,36,46,140,92,82,23,97,187,175,123,22,26,176,193,109,20,67,166,38,139,63,118,48,194,182,198,174,184,115,125,32,72,163,25,51,50,190,195,130,113,156,74,44,138,37,94,173,40,2,110,81,153,101,100,30,134,148,11,189,58,158,43,7,0,62,68,179,6,137,60,54,151,119,96,39,107,18,14,13,111,52,89,75,80,71,162,53,183,69,159,164,90,28,155,73,99,106,136,132,152,49,170,172,86,76,133,85,104,17,8,16,56,21,108,192,55,15,9,33,154,122,12,165,185,127,47,171,141,98,114,64,79,177,27,88,5,186,199,83,59,129,24,95,149,10,181,120,3,169,29,135,34];False
1346;7612;8958;[34,4,144,70,19,87,121,178,161,102,145,84,77,112,93,147,66,157,103,116,65,124,168,31,142,117,167,61,45,32,196,35,78,128,42,57,197,131,191,126,143,160,91,1,150,105,180,41,36,46,140,92,82,23,97,187,175,123,22,26,176,193,109,20,67,166,38,139,63,118,48,194,182,198,174,184,115,125,188,72,163,25,51,50,190,195,130,113,156,74,44,138,37,94,173,40,2,110,81,153,101,100,30,134,148,11,189,58,158,43,7,0,62,68,179,6,137,60,54,151,119,96,39,107,18,14,13,111,52,89,75,80,71,162,53,183,69,159,164,90,28,155,73,99,106,136,132,152,49,170,172,86,76,133,85,104,17,8,16,56,21,108,192,55,15,9,33,154,122,12,165,185,127,47,171,141,98,114,64,79,177,27,88,5,186,199,83,59,129,24,95,149,10,181,120,3,169,29,135,146];False
1355;7583;8938;[34,4,144,70,19,87,121,178,161,102,145,84,77,112,93,147,66,157,103,116,65,124,168,31,142,117,167,61,45,188,196,35,78,128,42,57,197,131,29,126,143,160,91,1,150,105,180,41,36,46,140,92,82,23,97,187,175,123,22,26,176,193,109,20,67,166,38,139,63,118,48,194,182,198,174,184,115,125,32,72,163,25,51,50,190,195,130,113,156,74,44,138,37,94,173,40,2,110,81,153,101,100,30,134,148,11,189,58,158,43,7,0,62,68,179,6,137,60,54,151,119,96,39,107,18,14,13,111,52,89,75,80,71,162,53,183,69,159,164,90,28,155,73,99,106,136,132,152,49,170,172,86,76,133,85,104,17,8,16,56,21,108,192,55,15,9,33,154,122,12,165,185,127,47,171,141,98,114,64,79,177,27,88,5,186,199,83,59,129,24,95,149,10,181,120,3,169,191,135,146];True
1370;7548;8918;[34,4,144,70,19,87,121,178,161,102,145,84,77,112,93,147,66,157,103,116,65,124,168,31,142,117,167,61,45,188,196,35,78,128,42,57,197,131,191,126,143,160,91,1,150,105,180,41,36,46,140,92,82,23,97,187,175,123,22,26,176,193,109,20,67,166,38,139,63,118,48,194,182,198,174,184,115,125,32,72,163,25,51,50,190,10,130,113,156,74,44,138,37,94,173,40,2,110,81,153,101,100,30,134,148,11,189,58,158,43,7,0,62,68,179,6,137,60,54,151,119,96,39,107,18,14,13,111,52,89,75,80,71,162,53,183,69,159,164,90,28,155,73,99,106,136,132,152,49,170,172,86,76,133,85,104,17,8,16,56,21,108,192,55,15,9,33,154,122,12,165,185,127,47,171,141,98,114,64,79,177,27,88,5,186,199,83,59,129,24,95,149,195,181,120,3,169,29,135,146];False
1327;7664;8991;[146,4,144,70,19,87,121,178,161,102,145,84,77,112,93,147,66,157,103,116,65,124,168,31,142,117,167,61,45,32,196,35,78,128,42,57,197,131,191,126,143,160,91,1,150,105,180,41,36,46,140,92,82,23,97,187,175,123,22,26,176,193,109,20,67,166,38,139,63,118,48,194,182,198,174,184,115,125,188,72,163,25,51,50,190,195,130,113,156,74,44,138,37,94,173,40,2,110,81,153,101,100,30,134,148,11,189,58,158,43,7,0,62,68,179,6,137,60,54,151,119,96,39,107,18,14,13,111,52,89,75,80,71,162,53,183,69,159,164,90,28,155,73,99,106,136,132,152,49,170,172,86,76,133,85,104,17,8,16,56,21,108,192,55,15,9,33,154,122,12,165,185,127,47,171,141,98,114,64,79,177,27,88,5,186,199,83,59,129,24,95,149,10,181,120,3,169,29,135,34];False
1336;7635;8971;[146,4,144,70,19,87,121,178,161,102,145,84,77,112,93,147,66,157,103,116,65,124,168,31,142,117,167,61,45,188,196,35,78,128,42,57,197,131,29,126,143,160,91,1,150,105,180,41,36,46,140,92,82,23,97,187,175,123,22,26,176,193,109,20,67,166,38,139,63,118,48,194,182,198,174,184,115,125,32,72,163,25,51,50,190,195,130,113,156,74,44,138,37,94,173,40,2,110,81,153,101,100,30,134,148,11,189,58,158,43,7,0,62,68,179,6,137,60,54,151,119,96,39,107,18,14,13,111,52,89,75,80,71,162,53,183,69,159,164,90,28,155,73,99,106,136,132,152,49,170,172,86,76,133,85,104,17,8,16,56,21,108,192,55,15,9,33,154,122,12,165,185,127,47,171,141,98,114,64,79,177,27,88,5,186,199,83,59,129,24,95,149,10,181,120,3,169,191,135,34];False
1350;7608;8958;[34,4,144,70,19,87,121,178,161,102,145,84,77,112,93,147,66,157,103,116,65,124,168,31,142,117,167,61,45,32,196,35,78,128,42,57,197,131,29,126,143,160,91,1,150,105,180,41,36,46,140,92,82,23,97,187,175,123,22,26,176,193,109,20,67,166,38,139,63,118,48,194,182,198,174,184,115,125,188,72,163,25,51,50,190,195,130,113,156,74,44,138,37,94,173,40,2,110,81,153,101,100,30,134,148,11,189,58,158,43,7,0,62,68,179,6,137,60,54,151,119,96,39,107,18,14,13,111,52,89,75,80,71,162,53,183,69,159,164,90,28,155,73,99,106,136,132,152,49,170,172,86,76,133,85,104,17,8,16,56,21,108,192,55,15,9,33,154,122,12,165,185,127,47,171,141,98,114,64,79,177,27,88,5,186,199,83,59,129,24,95,149,10,181,120,3,169,191,135,146];False
1337;7629;8966;[34,4,144,70,19,87,121,178,161,102,145,84,77,112,93,147,66,157,103,116,65,124,168,31,142,117,167,61,45,32,196,35,78,128,42,57,197,131,191,126,143,160,91,1,150,105,180,41,36,46,140,92,82,23,97,187,175,123,22,26,176,193,109,20,67,166,38,139,63,118,48,194,182,198,174,184,115,55,188,72,163,25,51,50,190,195,130,113,156,74,44,138,37,94,173,40,2,110,81,153,101,100,30,134,148,11,189,58,158,43,7,0,62,68,179,6,137,60,54,151,119,96,39,107,18,14,13,111,52,89,75,80,71,162,53,183,69,159,164,90,28,155,73,99,106,136,132,152,49,170,172,86,76,133,85,104,17,8,16,56,21,108,192,125,15,9,33,154,122,12,165,185,127,47,171,141,98,114,64,79,177,27,88,5,186,199,83,59,129,24,95,149,10,181,120,3,169,29,135,146];True
1331;7660;8991;[146,4,144,70,19,87,121,178,161,102,145,84,77,112,93,147,66,157,103,116,65,124,168,31,142,117,167,61,45,32,196,35,78,128,42,57,197,131,29,126,143,160,91,1,150,105,180,41,36,46,140,92,82,23,97,187,175,123,22,26,176,193,109,20,67,166,38,139,63,118,48,194,182,198,174,184,115,125,188,72,163,25,51,50,190,195,130,113,156,74,44,138,37,94,173,40,2,110,81,153,101,100,30,134,148,11,189,58,158,43,7,0,62,68,179,6,137,60,54,151,119,96,39,107,18,14,13,111,52,89,75,80,71,162,53,183,69,159,164,90,28,155,73,99,106,136,132,152,49,170,172,86,76,133,85,104,17,8,16,56,21,108,192,55,15,9,33,154,122,12,165,185,127,47,171,141,98,114,64,79,177,27,88,5,186,199,83,59,129,24,95,149,10,181,120,3,169,191,135,34];False
1313;7752;9065;[146,4,144,70,19,87,121,178,161,102,145,84,77,112,93,147,66,157,103,116,65,124,168,31,142,117,167,61,45,32,196,35,78,128,42,57,197,131,191,126,143,160,91,1,150,105,175,41,36,46,140,92,82,23,97,187,180,123,22,26,176,193,109,20,67,166,38,139,63,118,48,194,182,198,174,184,115,125,188,72,163,25,51,50,190,195,130,113,156,74,44,138,37,94,173,40,2,110,81,153,101,100,30,134,148,11,189,58,158,43,7,0,62,68,179,6,137,60,54,151,119,96,39,107,18,14,13,111,52,89,75,80,71,162,53,183,69,159,164,90,28,155,73,99,106,136,132,152,49,170,172,86,76,133,85,104,17,8,16,56,21,108,192,55,15,9,33,154,122,12,165,185,127,47,171,141,98,114,64,79,177,27,88,5,186,199,83,59,129,24,95,149,10,181,120,3,169,29,135,34];False
1318;7681;8999;[146,4,144,70,19,87,121,178,161,102,145,84,77,112,93,147,66,157,103,116,65,124,168,31,142,117,167,61,45,32,196,35,78,128,42,57,197,131,191,126,143,160,91,1,150,105,180,41,36,46,140,92,82,23,97,187,175,123,22,26,176,193,109,20,67,166,38,139,63,118,48,194,182,198,174,184,115,55,188,72,163,25,51,50,190,195,130,113,156,74,44,138,37,94,173,40,2,110,81,153,101,100,30,134,148,11,189,58,158,43,7,0,62,68,179,6,137,60,54,151,119,96,39,107,18,14,13,111,52,89,75,80,71,162,53,183,69,159,164,90,28,155,73,99,106,136,132,152,49,170,172,86,76,133,85,104,17,8,16,56,21,108,192,125,15,9,33,154,122,12,165,185,127,47,171,141,98,114,64,79,177,27,88,5,186,199,83,59,129,24,95,149,10,181,120,3,169,29,135,34];False
1341;7625;8966;[34,4,144,70,19,87,121,178,161,102,145,84,77,112,93,147,66,157,103,116,65,124,168,31,142,117,167,61,45,32,196,35,78,128,42,57,197,131,29,126,143,160,91,1,150,105,180,41,36,46,140,92,82,23,97,187,175,123,22,26,176,193,109,20,67,166,38,139,63,118,48,194,182,198,174,184,115,55,188,72,163,25,51,50,190,195,130,113,156,74,44,138,37,94,173,40,2,110,81,153,101,100,30,134,148,11,189,58,158,43,7,0,62,68,179,6,137,60,54,151,119,96,39,107,18,14,13,111,52,89,75,80,71,162,53,183,69,159,164,90,28,155,73,99,106,136,132,152,49,170,172,86,76,133,85,104,17,8,16,56,21,108,192,125,15,9,33,154,122,12,165,185,127,47,171,141,98,114,64,79,177,27,88,5,186,199,83,59,129,24,95,149,10,181,120,3,169,191,135,146];False
1322;7677;8999;[146,4,144,70,19,87,121,178,161,102,145,84,77,112,93,147,66,157,103,116,65,124,168,31,142,117,167,61,45,32,196,35,78,128,42,57,197,131,29,126,143,160,91,1,150,105,180,41,36,46,140,92,82,23,97,187,175,123,22,26,176,193,109,20,67,166,38,139,63,118,48,194,182,198,174,184,115,55,188,72,163,25,51,50,190,195,130,113,156,74,44,138,37,94,173,40,2,110,81,153,101,100,30,134,148,11,189,58,158,43,7,0,62,68,179,6,137,60,54,151,119,96,39,107,18,14,13,111,52,89,75,80,71,162,53,183,69,159,164,90,28,155,73,99,106,136,132,152,49,170,172,86,76,133,85,104,17,8,16,56,21,108,192,125,15,9,33,154,122,12,165,185,127,47,171,141,98,114,64,79,177,27,88,5,186,199,83,59,129,24,95,149,10,181,120,3,169,191,135,34];False
1304;7769;9073;[146,4,144,70,19,87,121,178,161,102,145,84,77,112,93,147,66,157,103,116,65,124,168,31,142,117,167,61,45,32,196,35,78,128,42,57,197,131,191,126,143,160,91,1,150,105,175,41,36,46,140,92,82,23,97,187,180,123,22,26,176,193,109,20,67,166,38,139,63,118,48,194,182,198,174,184,115,55,188,72,163,25,51,50,190,195,130,113,156,74,44,138,37,94,173,40,2,110,81,153,101,100,30,134,148,11,189,58,158,43,7,0,62,68,179,6,137,60,54,151,119,96,39,107,18,14,13,111,52,89,75,80,71,162,53,183,69,159,164,90,28,155,73,99,106,136,132,152,49,170,172,86,76,133,85,104,17,8,16,56,21,108,192,125,15,9,33,154,122,12,165,185,127,47,171,141,98,114,64,79,177,27,88,5,186,199,83,59,129,24,95,149,10,181,120,3,169,29,135,34];False
1315;7733;9048;[146,4,144,70,19,87,121,178,161,102,145,84,77,112,93,147,66,157,103,116,65,124,168,31,142,117,167,61,45,32,196,35,78,128,42,57,197,131,191,126,143,160,91,1,150,105,180,41,36,46,140,92,82,23,97,187,175,123,22,26,176,193,109,20,67,166,38,139,63,118,48,194,182,198,174,184,115,55,188,72,163,34,51,50,190,195,130,113,156,74,44,138,37,94,173,40,2,110,81,153,101,100,30,134,148,11,189,58,158,43,7,0,62,68,179,6,137,60,54,151,119,96,39,107,18,14,13,111,52,89,75,80,71,162,53,183,69,159,164,90,28,155,73,99,106,136,132,152,49,170,172,86,76,133,85,104,17,8,16,56,21,108,192,125,15,9,33,154,122,12,165,185,127,47,171,141,98,114,64,79,177,27,88,5,186,199,83,59,129,24,95,149,10,181,120,3,169,29,135,25];False
1312;7734;9046;[146,4,144,70,19,87,121,178,161,102,145,84,77,112,93,147,66,157,103,116,65,124,168,31,142,117,167,61,45,32,196,35,78,128,42,57,197,131,191,126,143,160,91,1,150,105,180,41,36,46,140,92,82,23,97,187,175,123,22,26,176,193,109,20,67,166,38,139,63,118,48,194,182,198,174,184,115,55,188,72,163,25,51,50,190,195,130,113,156,74,44,138,37,94,173,40,2,110,81,153,101,100,30,134,148,11,189,58,158,43,7,0,62,68,179,6,137,60,54,151,119,96,39,107,18,14,13,111,52,89,75,80,71,162,53,183,69,159,90,164,28,155,73,99,106,136,132,152,49,170,172,86,76,133,85,104,17,8,16,56,21,108,192,125,15,9,33,154,122,12,165,185,127,47,171,141,98,114,64,79,177,27,88,5,186,199,83,59,129,24,95,149,10,181,120,3,169,29,135,34];False
1308;7765;9073;[146,4,144,70,19,87,121,178,161,102,145,84,77,112,93,147,66,157,103,116,65,124,168,31,142,117,167,61,45,32,196,35,78,128,42,57,197,131,29,126,143,160,91,1,150,105,175,41,36,46,140,92,82,23,97,187,180,123,22,26,176,193,109,20,67,166,38,139,63,118,48,194,182,198,174,184,115,55,188,72,163,25,51,50,190,195,130,113,156,74,44,138,37,94,173,40,2,110,81,153,101,100,30,134,148,11,189,58,158,43,7,0,62,68,179,6,137,60,54,151,119,96,39,107,18,14,13,111,52,89,75,80,71,162,53,183,69,159,164,90,28,155,73,99,106,136,132,152,49,170,172,86,76,133,85,104,17,8,16,56,21,108,192,125,15,9,33,154,122,12,165,185,127,47,171,141,98,114,64,79,177,27,88,5,186,199,83,59,129,24,95,149,10,181,120,3,169,191,135,34];False
1302;7812;9114;[146,4,144,70,19,87,121,178,161,102,145,84,77,112,93,147,66,157,103,116,65,124,168,31,142,117,167,61,45,32,196,35,78,128,42,57,197,131,191,126,143,160,91,1,150,105,175,41,36,46,140,92,82,23,97,187,180,123,22,26,176,193,109,20,67,166,38,139,63,118,48,194,182,198,15,184,115,55,188,72,163,25,51,50,190,195,130,113,156,74,44,138,37,94,173,40,2,110,81,153,101,100,30,134,148,11,189,58,158,43,7,0,62,68,179,6,137,60,54,151,119,96,39,107,18,14,13,111,52,89,75,80,71,162,53,183,69,159,164,90,28,155,73,99,106,136,132,152,49,170,172,86,76,133,85,104,17,8,16,56,21,108,192,125,174,9,33,154,122,12,165,185,127,47,171,141,98,114,64,79,177,27,88,5,186,199,83,59,129,24,95,149,10,181,120,3,169,29,135,34];False
1301;7821;9122;[146,4,144,70,19,87,121,178,161,102,145,84,77,112,93,147,66,157,103,116,65,124,168,31,142,117,167,61,45,32,196,35,78,128,42,57,197,131,191,126,143,160,91,1,150,105,175,41,36,46,140,92,82,23,97,187,180,123,22,26,176,193,109,20,67,166,38,139,63,118,48,194,182,198,174,184,115,55,188,72,163,34,51,50,190,195,130,113,156,74,44,138,37,94,173,40,2,110,81,153,101,100,30,134,148,11,189,58,158,43,7,0,62,68,179,6,137,60,54,151,119,96,39,107,18,14,13,111,52,89,75,80,71,162,53,183,69,159,164,90,28,155,73,99,106,136,132,152,49,170,172,86,76,133,85,104,17,8,16,56,21,108,192,125,15,9,33,154,122,12,165,185,127,47,171,141,98,114,64,79,177,27,88,5,186,199,83,59,129,24,95,149,10,181,120,3,169,29,135,25];False
1298;7822;9120;[146,4,144,70,19,87,121,178,161,102,145,84,77,112,93,147,66,157,103,116,65,124,168,31,142,117,167,61,45,32,196,35,78,128,42,57,197,131,191,126,143,160,91,1,150,105,175,41,36,46,140,92,82,23,97,187,180,123,22,26,176,193,109,20,67,166,38,139,63,118,48,194,182,198,174,184,115,55,188,72,163,25,51,50,190,195,130,113,156,74,44,138,37,94,173,40,2,110,81,153,101,100,30,134,148,11,189,58,158,43,7,0,62,68,179,6,137,60,54,151,119,96,39,107,18,14,13,111,52,89,75,80,71,162,53,183,69,159,90,164,28,155,73,99,106,136,132,152,49,170,172,86,76,133,85,104,17,8,16,56,21,108,192,125,15,9,33,154,122,12,165,185,127,47,171,141,98,114,64,79,177,27,88,5,186,199,83,59,129,24,95,149,10,181,120,3,169,29,135,34];False
1296;7865;9161;[146,4,144,70,19,87,121,178,161,102,145,84,77,112,93,147,66,157,103,116,65,124,168,31,142,117,167,61,45,32,196,35,78,128,42,57,197,131,191,126,143,160,91,1,150,105,175,41,36,46,140,92,82,23,97,187,180,123,22,26,176,193,109,20,67,166,38,139,63,118,48,194,182,198,15,184,115,55,188,72,163,25,51,50,190,195,130,113,156,74,44,138,37,94,173,40,2,110,81,153,101,100,30,134,148,11,189,58,158,43,7,0,62,68,179,6,137,60,54,151,119,96,39,107,18,14,13,111,52,89,75,80,71,162,53,183,69,159,90,164,28,155,73,99,106,136,132,152,49,170,172,86,76,133,85,104,17,8,16,56,21,108,192,125,174,9,33,154,122,12,165,185,127,47,171,141,98,114,64,79,177,27,88,5,186,199,83,59,129,24,95,149,10,181,120,3,169,29,135,34];False
1295;7874;9169;[146,4,144,70,19,87,121,178,161,102,145,84,77,112,93,147,66,157,103,116,65,124,168,31,142,117,167,61,45,32,196,35,78,128,42,57,197,131,191,126,143,160,91,1,150,105,175,41,36,46,140,92,82,23,97,187,180,123,22,26,176,193,109,20,67,166,38,139,63,118,48,194,182,198,174,184,115,55,188,72,163,34,51,50,190,195,130,113,156,74,44,138,37,94,173,40,2,110,81,153,101,100,30,134,148,11,189,58,158,43,7,0,62,68,179,6,137,60,54,151,119,96,39,107,18,14,13,111,52,89,75,80,71,162,53,183,69,159,90,164,28,155,73,99,106,136,132,152,49,170,172,86,76,133,85,104,17,8,16,56,21,108,192,125,15,9,33,154,122,12,165,185,127,47,171,141,98,114,64,79,177,27,88,5,186,199,83,59,129,24,95,149,10,181,120,3,169,29,135,25];False
1293;7917;9210;[146,4,144,70,19,87,121,178,161,102,145,84,77,112,93,147,66,157,103,116,65,124,168,31,142,117,167,61,45,32,196,35,78,128,42,57,197,131,191,126,143,160,91,1,150,105,175,41,36,46,140,92,82,23,97,187,180,123,22,26,176,193,109,20,67,166,38,139,63,118,48,194,182,198,15,184,115,55,188,72,163,34,51,50,190,195,130,113,156,74,44,138,37,94,173,40,2,110,81,153,101,100,30,134,148,11,189,58,158,43,7,0,62,68,179,6,137,60,54,151,119,96,39,107,18,14,13,111,52,89,75,80,71,162,53,183,69,159,90,164,28,155,73,99,106,136,132,152,49,170,172,86,76,133,85,104,17,8,16,56,21,108,192,125,174,9,33,154,122,12,165,185,127,47,171,141,98,114,64,79,177,27,88,5,186,199,83,59,129,24,95,149,10,181,120,3,169,29,135,25];False
1756;7181;8937;[34,4,144,70,19,41,121,178,161,115,182,84,77,112,93,147,66,157,103,116,65,124,168,31,142,117,167,61,45,188,87,35,78,128,42,47,139,125,145,126,143,160,91,1,150,105,180,196,36,46,140,92,82,23,189,195,175,12,22,26,176,193,109,20,67,166,38,71,63,118,48,194,29,198,174,16,102,2,32,72,163,25,51,50,190,10,130,113,156,74,44,138,37,94,173,18,131,110,81,153,80,100,30,134,148,11,97,58,158,43,7,0,181,68,123,6,137,60,54,151,119,187,39,107,55,14,13,111,52,89,75,101,197,162,53,183,69,159,164,90,28,155,73,99,106,136,132,152,49,170,172,86,76,133,85,104,17,8,184,56,21,108,192,40,15,9,33,154,122,179,27,185,127,96,171,141,98,114,64,79,177,57,88,5,186,199,83,59,129,24,95,149,165,62,120,3,169,191,135,146];False
1768;7173;8941;[34,4,144,70,19,41,121,178,161,115,71,84,77,112,93,147,66,157,103,116,65,124,168,31,142,117,167,61,45,188,87,35,78,128,42,47,182,36,145,126,143,160,91,1,150,105,180,196,95,46,140,92,82,23,189,195,175,12,22,26,176,193,109,20,67,166,38,139,63,118,48,194,29,198,174,16,102,2,32,72,163,25,51,50,190,10,130,113,156,74,44,138,37,94,173,18,131,110,81,153,80,100,30,134,148,11,97,58,158,43,7,0,181,68,123,6,137,60,54,151,119,187,39,107,55,14,13,111,52,89,75,101,197,162,53,183,69,159,164,90,28,155,73,99,106,136,132,152,49,170,172,86,76,133,85,104,17,8,184,56,21,108,192,40,15,9,33,154,122,179,27,185,127,96,171,141,98,114,64,79,177,57,88,5,186,199,83,59,129,24,125,149,165,62,120,3,169,191,135,146];False
1815;7158;8973;[34,4,144,70,19,41,121,178,161,115,182,84,77,112,93,147,66,157,103,116,65,124,168,31,142,117,167,61,45,188,87,35,78,128,42,47,139,125,145,126,143,160,91,1,150,105,180,196,36,46,140,92,82,23,189,195,175,12,22,26,176,193,109,20,67,166,38,71,63,118,48,194,29,198,174,16,102,132,32,72,163,25,51,50,190,10,130,113,156,74,44,138,37,94,173,18,131,110,81,153,80,100,30,134,148,11,97,58,158,43,7,0,181,68,123,6,137,60,54,151,119,187,39,107,55,14,13,111,52,89,75,101,197,162,53,183,69,159,164,90,28,155,73,99,106,136,2,152,49,170,172,86,76,133,85,104,17,8,184,56,21,108,192,40,15,9,33,154,122,179,27,185,127,96,171,141,98,114,64,79,177,57,88,5,186,199,83,59,129,24,95,149,165,62,120,3,169,191,135,146];False
1827;7150;8977;[34,4,144,70,19,41,121,178,161,115,71,84,77,112,93,147,66,157,103,116,65,124,168,31,142,117,167,61,45,188,87,35,78,128,42,47,182,36,145,126,143,160,91,1,150,105,180,196,95,46,140,92,82,23,189,195,175,12,22,26,176,193,109,20,67,166,38,139,63,118,48,194,29,198,174,16,102,132,32,72,163,25,51,50,190,10,130,113,156,74,44,138,37,94,173,18,131,110,81,153,80,100,30,134,148,11,97,58,158,43,7,0,181,68,123,6,137,60,54,151,119,187,39,107,55,14,13,111,52,89,75,101,197,162,53,183,69,159,164,90,28,155,73,99,106,136,2,152,49,170,172,86,76,133,85,104,17,8,184,56,21,108,192,40,15,9,33,154,122,179,27,185,127,96,171,141,98,114,64,79,177,57,88,5,186,199,83,59,129,24,125,149,165,62,120,3,169,191,135,146];False
1859;7144;9003;[34,4,144,70,19,41,121,178,161,115,71,84,77,112,93,147,66,157,103,116,65,124,168,31,142,117,167,61,45,188,87,35,78,128,42,57,182,36,145,126,143,160,91,1,150,105,180,196,95,46,140,92,82,23,189,195,175,12,22,26,176,193,109,20,67,166,38,139,63,118,48,194,29,198,174,16,102,132,32,72,163,25,51,50,190,10,130,113,156,74,44,138,37,94,173,18,131,110,81,153,80,100,30,134,148,11,97,58,158,43,7,0,181,68,123,6,137,60,54,151,119,187,39,107,55,14,13,111,52,89,75,101,197,162,53,183,69,159,164,90,28,155,73,99,106,136,2,152,49,170,172,86,76,133,85,104,17,8,184,56,21,108,192,40,15,9,33,154,122,179,27,185,127,96,171,141,98,114,64,79,177,47,88,5,186,199,83,59,129,24,125,149,165,62,120,3,169,191,135,146];False
1871;7139;9010;[34,4,144,70,19,41,121,178,161,115,71,84,77,112,93,147,66,157,103,116,65,124,168,31,142,117,167,61,45,188,87,35,78,128,42,47,182,36,145,126,143,160,91,1,150,105,180,196,95,46,140,92,82,23,189,195,175,12,22,26,176,193,109,20,67,166,38,139,63,118,48,194,29,198,174,16,102,132,32,72,163,25,51,50,190,10,130,113,156,74,44,138,37,94,173,18,131,110,81,153,80,100,30,134,119,11,97,58,158,43,7,0,181,68,123,6,137,60,54,151,148,187,39,107,55,14,13,111,52,89,75,101,197,162,53,183,69,159,164,90,28,155,73,99,106,136,2,152,49,170,172,86,76,133,85,104,17,8,184,56,21,108,192,40,15,9,33,154,122,179,27,185,127,96,171,141,98,114,64,79,177,57,88,5,186,199,83,59,129,24,125,149,165,62,120,3,169,191,135,146];False
1759;7176;8935;[34,4,144,70,19,41,121,178,161,115,71,84,77,112,93,147,66,157,103,116,65,124,168,31,142,117,167,61,45,188,87,35,78,128,42,119,57,125,145,126,143,160,91,1,150,105,180,196,36,46,140,92,82,23,189,195,175,12,22,26,176,193,109,20,67,166,38,139,63,118,48,194,29,198,174,16,102,2,32,72,163,25,51,50,190,10,130,113,156,74,44,138,37,94,173,18,131,110,81,153,80,100,30,134,148,11,97,58,158,43,7,0,181,68,123,6,137,60,54,151,182,187,39,107,55,14,13,111,52,89,75,101,197,162,53,183,69,159,164,90,28,155,73,99,106,136,132,152,49,170,172,86,76,133,85,104,17,8,184,56,21,108,192,40,15,9,33,154,122,179,27,185,127,96,171,141,98,114,64,79,177,47,88,5,186,199,83,59,129,24,95,149,165,62,120,3,169,191,135,146];False
1745;7181;8926;[34,4,144,70,19,41,121,178,161,115,71,84,77,112,93,147,66,157,103,116,65,124,168,31,142,117,167,61,45,188,87,35,78,128,42,101,57,125,145,126,143,160,91,1,150,105,180,196,36,46,140,92,82,23,189,195,175,12,22,26,176,193,109,20,67,166,38,139,63,118,48,194,29,198,174,16,102,2,32,72,163,25,51,50,190,10,130,113,156,74,44,138,37,94,173,18,131,110,81,153,80,100,30,134,148,11,97,58,158,43,7,0,181,68,123,6,137,60,54,151,119,187,39,107,55,14,13,111,52,89,75,182,197,162,53,183,69,159,164,90,28,155,73,99,106,136,132,152,49,170,172,86,76,133,85,104,17,8,184,56,21,108,192,40,15,9,33,154,122,179,27,185,127,96,171,141,98,114,64,79,177,47,88,5,186,199,83,59,129,24,95,149,165,62,120,3,169,191,135,146];False
1734;7181;8915;[34,4,144,70,19,41,121,178,161,115,71,84,77,112,93,147,66,157,103,116,65,124,168,31,142,117,167,61,45,188,87,35,78,128,42,119,57,125,145,126,143,160,91,1,150,105,180,196,36,46,140,92,82,23,189,182,175,12,22,26,176,193,109,20,67,166,38,139,63,118,48,194,29,198,174,16,102,2,32,72,163,25,51,50,190,10,130,113,156,74,44,138,37,94,173,18,131,110,81,153,80,100,30,134,148,11,97,58,158,43,7,0,181,68,123,6,137,60,54,151,195,187,39,107,55,14,13,111,52,89,75,101,197,162,53,183,69,159,164,90,28,155,73,99,106,136,132,152,49,170,172,86,76,133,85,104,17,8,184,56,21,108,192,40,15,9,33,154,122,179,27,185,127,96,171,141,98,114,64,79,177,47,88,5,186,199,83,59,129,24,95,149,165,62,120,3,169,191,135,146];False
1818;7153;8971;[34,4,144,70,19,41,121,178,161,115,71,84,77,112,93,147,66,157,103,116,65,124,168,31,142,117,167,61,45,188,87,35,78,128,42,119,57,125,145,126,143,160,91,1,150,105,180,196,36,46,140,92,82,23,189,195,175,12,22,26,176,193,109,20,67,166,38,139,63,118,48,194,29,198,174,16,102,132,32,72,163,25,51,50,190,10,130,113,156,74,44,138,37,94,173,18,131,110,81,153,80,100,30,134,148,11,97,58,158,43,7,0,181,68,123,6,137,60,54,151,182,187,39,107,55,14,13,111,52,89,75,101,197,162,53,183,69,159,164,90,28,155,73,99,106,136,2,152,49,170,172,86,76,133,85,104,17,8,184,56,21,108,192,40,15,9,33,154,122,179,27,185,127,96,171,141,98,114,64,79,177,47,88,5,186,199,83,59,129,24,95,149,165,62,120,3,169,191,135,146];False
1805;7156;8961;[34,4,144,70,19,41,121,178,161,115,71,84,77,112,93,147,66,157,103,116,65,124,168,31,142,117,167,61,45,188,87,35,78,128,42,119,57,125,145,126,143,160,91,1,150,105,180,196,36,46,140,92,82,23,189,195,175,12,22,26,176,193,109,20,67,166,38,139,63,118,48,194,29,198,174,16,102,2,32,72,163,25,51,50,190,10,130,113,156,74,44,138,37,94,173,18,131,110,81,153,80,100,30,134,148,11,97,58,158,43,7,182,181,68,123,6,137,60,54,151,0,187,39,107,55,14,13,111,52,89,75,101,197,162,53,183,69,159,164,90,28,155,73,99,106,136,132,152,49,170,172,86,76,133,85,104,17,8,184,56,21,108,192,40,15,9,33,154,122,179,27,185,127,96,171,141,98,114,64,79,177,47,88,5,186,199,83,59,129,24,95,149,165,62,120,3,169,191,135,146];False
1858;7143;9001;[34,4,144,70,19,41,121,178,161,115,71,84,77,112,93,147,66,157,103,116,65,124,168,31,142,117,167,61,45,188,87,35,78,128,42,119,57,125,145,126,143,160,91,1,150,105,180,196,36,46,140,92,82,23,189,195,175,12,22,26,176,193,109,20,67,166,38,139,63,118,48,194,29,198,174,16,102,2,32,72,163,25,51,50,190,10,130,113,156,74,44,138,37,94,173,18,131,110,81,153,80,100,30,134,148,11,97,58,158,43,7,0,181,68,123,6,137,60,54,151,132,187,39,107,55,14,13,111,52,89,75,101,197,162,53,183,69,159,164,90,28,155,73,99,106,136,182,152,49,170,172,86,76,133,85,104,17,8,184,56,21,108,192,40,15,9,33,154,122,179,27,185,127,96,171,141,98,114,64,79,177,47,88,5,186,199,83,59,129,24,95,149,165,62,120,3,169,191,135,146];False
1756;7179;8935;[34,4,144,70,19,41,121,178,161,115,71,84,77,182,93,147,66,157,103,116,65,124,168,31,142,117,167,61,45,188,87,35,78,128,42,119,57,125,145,126,143,160,91,1,150,105,180,196,36,46,140,92,82,23,189,112,175,12,22,26,176,193,109,20,67,166,38,139,63,118,48,194,29,198,174,16,102,2,32,72,163,25,51,50,190,10,130,113,156,74,44,138,37,94,173,18,131,110,81,153,80,100,30,134,148,11,97,58,158,43,7,0,181,68,123,6,137,60,54,151,195,187,39,107,55,14,13,111,52,89,75,101,197,162,53,183,69,159,164,90,28,155,73,99,106,136,132,152,49,170,172,86,76,133,85,104,17,8,184,56,21,108,192,40,15,9,33,154,122,179,27,185,127,96,171,141,98,114,64,79,177,47,88,5,186,199,83,59,129,24,95,149,165,62,120,3,169,191,135,146];False
1793;7158;8951;[34,4,144,70,19,41,121,178,161,115,71,84,77,112,93,147,66,157,103,116,65,124,168,31,142,117,167,61,45,188,87,35,78,128,42,119,57,125,145,126,143,160,91,1,150,105,180,196,36,46,140,92,82,23,189,182,175,12,22,26,176,193,109,20,67,166,38,139,63,118,48,194,29,198,174,16,102,132,32,72,163,25,51,50,190,10,130,113,156,74,44,138,37,94,173,18,131,110,81,153,80,100,30,134,148,11,97,58,158,43,7,0,181,68,123,6,137,60,54,151,195,187,39,107,55,14,13,111,52,89,75,101,197,162,53,183,69,159,164,90,28,155,73,99,106,136,2,152,49,170,172,86,76,133,85,104,17,8,184,56,21,108,192,40,15,9,33,154,122,179,27,185,127,96,171,141,98,114,64,79,177,47,88,5,186,199,83,59,129,24,95,149,165,62,120,3,169,191,135,146];False
1745;7171;8916;[34,4,144,70,19,41,121,178,161,115,71,84,77,112,93,147,66,157,103,116,65,124,168,31,142,117,167,61,45,188,87,35,78,128,42,119,57,125,145,126,143,160,91,1,150,105,180,196,36,46,140,92,82,23,189,182,175,12,22,26,176,193,109,20,67,166,38,139,63,118,48,194,29,198,174,16,102,2,32,72,163,25,51,50,190,10,130,113,156,74,44,138,37,94,173,18,131,110,81,153,80,100,30,134,195,11,97,58,158,43,7,0,181,68,123,6,137,60,54,151,148,187,39,107,55,14,13,111,52,89,75,101,197,162,53,183,69,159,164,90,28,155,73,99,106,136,132,152,49,170,172,86,76,133,85,104,17,8,184,56,21,108,192,40,15,9,33,154,122,179,27,185,127,96,171,141,98,114,64,79,177,47,88,5,186,199,83,59,129,24,95,149,165,62,120,3,169,191,135,146];False
1705;7197;8902;[34,4,144,70,19,41,121,178,161,115,71,84,77,112,93,147,66,157,103,116,65,124,168,31,142,117,167,61,45,188,87,35,78,128,42,119,57,125,145,126,143,160,91,1,150,105,180,196,36,46,140,92,82,23,189,182,175,12,22,26,176,193,109,20,67,166,38,139,63,118,48,194,29,198,174,16,102,2,32,72,163,25,51,50,190,10,130,113,156,74,44,138,37,94,173,18,131,110,81,153,80,100,30,134,148,11,97,58,158,43,7,0,62,68,123,6,137,60,54,151,195,187,39,107,55,14,13,111,52,89,75,101,197,162,53,183,69,159,164,90,28,155,73,99,106,136,132,152,49,170,172,86,76,133,85,104,17,8,184,56,21,108,192,40,15,9,33,154,122,179,27,185,127,96,171,141,98,114,64,79,177,47,88,5,186,199,83,59,129,24,95,149,165,181,120,3,169,191,135,146];True
1864;7133;8997;[34,4,144,70,19,41,121,178,161,115,71,84,77,112,93,147,66,157,103,116,65,124,168,31,142,117,167,61,45,188,87,35,78,128,42,119,57,125,145,126,143,160,91,1,150,105,180,196,36,46,140,92,82,23,189,195,175,12,22,26,176,193,109,20,67,166,38,139,63,118,48,194,29,198,174,16,102,132,32,72,163,25,51,50,190,10,130,113,156,74,44,138,37,94,173,18,131,110,81,153,80,100,30,134,148,11,97,58,158,43,7,182,181,68,123,6,137,60,54,151,0,187,39,107,55,14,13,111,52,89,75,101,197,162,53,183,69,159,164,90,28,155,73,99,106,136,2,152,49,170,172,86,76,133,85,104,17,8,184,56,21,108,192,40,15,9,33,154,122,179,27,185,127,96,171,141,98,114,64,79,177,47,88,5,186,199,83,59,129,24,95,149,165,62,120,3,169,191,135,146];False
1837;7142;8979;[34,4,144,70,19,41,121,178,161,115,71,84,77,112,93,147,66,157,103,116,65,124,168,31,142,117,167,61,45,188,87,35,78,128,42,119,57,125,145,126,143,160,91,1,150,105,180,196,36,46,140,92,82,23,189,195,175,12,22,26,176,193,109,20,67,166,38,139,63,118,48,194,29,198,174,16,102,2,32,72,163,25,51,50,190,10,130,113,156,74,44,138,37,94,173,18,131,110,81,153,80,100,30,134,148,11,97,58,158,43,7,101,181,68,123,6,137,60,54,151,0,187,39,107,55,14,13,111,52,89,75,182,197,162,53,183,69,159,164,90,28,155,73,99,106,136,132,152,49,170,172,86,76,133,85,104,17,8,184,56,21,108,192,40,15,9,33,154,122,179,27,185,127,96,171,141,98,114,64,79,177,47,88,5,186,199,83,59,129,24,95,149,165,62,120,3,169,191,135,146];False
1738;7177;8915;[34,4,144,70,19,41,121,178,161,115,71,84,77,112,93,147,66,157,103,116,65,124,168,31,142,117,167,61,45,188,87,35,78,128,42,119,57,125,145,126,143,160,91,1,150,105,180,196,36,46,140,92,82,23,189,182,2,12,22,26,176,193,109,20,67,166,38,139,63,118,48,194,29,198,174,16,102,132,32,72,163,25,51,50,190,10,130,113,156,74,44,138,37,94,173,18,131,110,81,153,80,100,30,134,148,11,97,58,158,43,7,0,181,68,123,6,137,60,54,151,195,187,39,107,55,14,13,111,52,89,75,101,197,162,53,183,69,159,164,90,28,155,73,99,106,136,175,152,49,170,172,86,76,133,85,104,17,8,184,56,21,108,192,40,15,9,33,154,122,179,27,185,127,96,171,141,98,114,64,79,177,47,88,5,186,199,83,59,129,24,95,149,165,62,120,3,169,191,135,146];False
1804;7148;8952;[34,4,144,70,19,41,121,178,161,115,71,84,77,112,93,147,66,157,103,116,65,124,168,31,142,117,167,61,45,188,87,35,78,128,42,119,57,125,145,126,143,160,91,1,150,105,180,196,36,46,140,92,82,23,189,182,175,12,22,26,176,193,109,20,67,166,38,139,63,118,48,194,29,198,174,16,102,132,32,72,163,25,51,50,190,10,130,113,156,74,44,138,37,94,173,18,131,110,81,153,80,100,30,134,195,11,97,58,158,43,7,0,181,68,123,6,137,60,54,151,148,187,39,107,55,14,13,111,52,89,75,101,197,162,53,183,69,159,164,90,28,155,73,99,106,136,2,152,49,170,172,86,76,133,85,104,17,8,184,56,21,108,192,40,15,9,33,154,122,179,27,185,127,96,171,141,98,114,64,79,177,47,88,5,186,199,83,59,129,24,95,149,165,62,120,3,169,191,135,146];False
1774;7168;8942;[34,4,144,70,19,41,121,178,161,102,71,84,77,112,93,147,66,157,103,116,65,124,168,31,142,117,167,61,45,188,87,35,78,128,42,119,57,125,145,126,143,160,91,1,150,105,180,196,36,46,140,92,82,23,189,182,175,12,22,26,176,193,109,20,67,166,38,139,63,118,48,194,29,198,174,16,115,2,32,72,163,25,51,50,190,10,130,113,156,74,44,138,37,94,173,18,131,110,81,153,80,100,30,134,195,11,97,58,158,43,7,0,181,68,123,6,137,60,54,151,148,187,39,107,55,14,13,111,52,89,75,101,197,162,53,183,69,159,164,90,28,155,73,99,106,136,132,152,49,170,172,86,76,133,85,104,17,8,184,56,21,108,192,40,15,9,33,154,122,179,27,185,127,96,171,141,98,114,64,79,177,47,88,5,186,199,83,59,129,24,95,149,165,62,120,3,169,191,135,146];False
1767;7169;8936;[34,4,144,70,19,41,121,178,161,115,71,84,77,182,93,147,66,157,103,116,65,124,168,31,142,117,167,61,45,188,87,35,78,128,42,119,57,125,145,126,143,160,91,1,150,105,180,196,36,46,140,92,82,23,189,112,175,12,22,26,176,193,109,20,67,166,38,139,63,118,48,194,29,198,174,16,102,2,32,72,163,25,51,50,190,10,130,113,156,74,44,138,37,94,173,18,131,110,81,153,80,100,30,134,195,11,97,58,158,43,7,0,181,68,123,6,137,60,54,151,148,187,39,107,55,14,13,111,52,89,75,101,197,162,53,183,69,159,164,90,28,155,73,99,106,136,132,152,49,170,172,86,76,133,85,104,17,8,184,56,21,108,192,40,15,9,33,154,122,179,27,185,127,96,171,141,98,114,64,79,177,47,88,5,186,199,83,59,129,24,95,149,165,62,120,3,169,191,135,146];False
1786;7165;8951;[34,4,144,70,19,41,121,178,161,115,71,84,77,112,93,147,66,157,103,116,65,124,168,31,142,117,167,61,45,188,87,35,78,128,42,119,57,125,145,126,20,160,91,1,150,105,180,196,36,46,140,92,82,23,189,182,175,12,22,26,176,193,109,143,67,166,38,139,63,118,48,194,29,198,174,16,102,2,32,72,163,25,51,50,190,10,130,113,156,74,44,138,37,94,173,18,131,110,81,153,80,100,30,134,195,11,97,58,158,43,7,0,181,68,123,6,137,60,54,151,148,187,39,107,55,14,13,111,52,89,75,101,197,162,53,183,69,159,164,90,28,155,73,99,106,136,132,152,49,170,172,86,76,133,85,104,17,8,184,56,21,108,192,40,15,9,33,154,122,179,27,185,127,96,171,141,98,114,64,79,177,47,88,5,186,199,83,59,129,24,95,149,165,62,120,3,169,191,135,146];False
1698;7200;8898;[34,4,144,70,19,41,121,178,161,115,71,84,77,112,93,147,66,157,103,116,65,124,168,31,142,117,167,61,45,188,87,35,78,128,42,119,57,125,145,126,143,160,91,1,150,105,180,196,36,46,140,92,82,23,189,127,175,12,22,26,176,193,109,20,67,166,38,139,63,118,48,194,29,198,174,16,102,2,32,72,163,25,51,50,190,10,130,113,156,74,44,138,37,94,173,18,131,110,81,153,80,100,30,134,195,11,97,58,158,43,7,0,181,68,123,6,137,60,54,151,148,187,39,107,55,14,13,111,52,89,75,101,197,162,53,183,69,159,164,90,28,155,73,99,106,136,132,152,49,170,172,86,76,133,85,104,17,8,184,56,21,108,192,40,15,9,33,154,122,179,27,185,182,96,171,141,98,114,64,79,177,47,88,5,186,199,83,59,129,24,95,149,165,62,120,3,169,191,135,146];True
1716;7187;8903;[34,4,144,70,19,41,121,178,161,115,71,84,77,112,93,147,66,157,103,116,65,124,168,31,142,117,167,61,45,188,87,35,78,128,42,119,57,125,145,126,143,160,91,1,150,105,180,196,36,46,140,92,82,23,189,182,175,12,22,26,176,193,109,20,67,166,38,139,63,118,48,194,29,198,174,16,102,2,32,72,163,25,51,50,190,10,130,113,156,74,44,138,37,94,173,18,131,110,81,153,80,100,30,134,195,11,97,58,158,43,7,0,62,68,123,6,137,60,54,151,148,187,39,107,55,14,13,111,52,89,75,101,197,162,53,183,69,159,164,90,28,155,73,99,106,136,132,152,49,170,172,86,76,133,85,104,17,8,184,56,21,108,192,40,15,9,33,154,122,179,27,185,127,96,171,141,98,114,64,79,177,47,88,5,186,199,83,59,129,24,95,149,165,181,120,3,169,191,135,146];False
1905;7127;9032;[34,4,144,70,19,41,121,178,161,115,71,84,77,112,93,147,66,157,103,116,65,124,168,31,142,117,167,61,45,188,87,35,78,128,42,119,57,125,145,126,20,160,91,1,150,105,180,196,36,46,140,92,82,23,189,195,175,12,22,26,176,193,109,143,67,166,38,139,63,118,48,194,29,198,174,16,102,132,32,72,163,25,51,50,190,10,130,113,156,74,44,138,37,94,173,18,131,110,81,153,80,100,30,134,148,11,97,58,158,43,7,182,181,68,123,6,137,60,54,151,0,187,39,107,55,14,13,111,52,89,75,101,197,162,53,183,69,159,164,90,28,155,73,99,106,136,2,152,49,170,172,86,76,133,85,104,17,8,184,56,21,108,192,40,15,9,33,154,122,179,27,185,127,96,171,141,98,114,64,79,177,47,88,5,186,199,83,59,129,24,95,149,165,62,120,3,169,191,135,146];False
1896;7119;9015;[34,4,144,70,19,41,121,178,161,115,71,84,77,112,93,147,66,157,103,116,65,124,168,31,142,117,167,61,45,188,87,35,78,128,42,119,57,125,145,126,143,160,91,1,150,105,180,196,36,46,140,92,82,23,189,195,175,12,22,26,176,193,109,20,67,166,38,139,63,118,48,194,29,198,174,16,102,132,32,72,163,25,51,50,190,10,130,113,156,74,44,138,37,94,173,18,131,110,81,153,80,100,30,134,148,11,97,58,158,43,7,101,181,68,123,6,137,60,54,151,0,187,39,107,55,14,13,111,52,89,75,182,197,162,53,183,69,159,164,90,28,155,73,99,106,136,2,152,49,170,172,86,76,133,85,104,17,8,184,56,21,108,192,40,15,9,33,154,122,179,27,185,127,96,171,141,98,114,64,79,177,47,88,5,186,199,83,59,129,24,95,149,165,62,120,3,169,191,135,146];False
1822;7140;8962;[34,4,144,70,19,41,121,178,161,115,71,84,77,112,93,147,66,157,103,116,65,124,168,31,142,117,167,61,45,188,87,35,78,128,42,119,57,125,145,126,143,160,91,1,150,105,180,196,36,46,140,92,82,23,189,195,175,12,22,26,176,193,109,20,67,166,38,139,63,118,48,194,29,198,174,16,102,132,32,72,163,25,51,50,190,10,130,113,156,74,44,138,37,94,173,18,131,110,81,153,80,100,30,134,148,11,97,58,158,43,7,136,181,68,123,6,137,60,54,151,0,187,39,107,55,14,13,111,52,89,75,101,197,162,53,183,69,159,164,90,28,155,73,99,106,182,2,152,49,170,172,86,76,133,85,104,17,8,184,56,21,108,192,40,15,9,33,154,122,179,27,185,127,96,171,141,98,114,64,79,177,47,88,5,186,199,83,59,129,24,95,149,165,62,120,3,169,191,135,146];False
1732;7186;8918;[34,4,144,70,19,41,121,178,161,115,71,84,77,112,93,147,66,157,103,116,65,124,168,31,142,117,57,61,45,188,87,35,78,128,42,119,167,125,145,126,143,160,91,1,150,105,180,196,36,46,140,92,82,23,189,182,2,12,22,26,176,193,109,20,67,166,38,139,63,118,48,194,29,198,174,16,102,132,32,72,163,25,51,50,190,10,130,113,156,74,44,138,37,94,173,18,131,110,81,153,80,100,30,134,148,11,97,58,158,43,7,0,181,68,123,6,137,60,54,151,195,187,39,107,55,14,13,111,52,89,75,101,197,162,53,183,69,159,164,90,28,155,73,99,106,136,175,152,49,170,172,86,76,133,85,104,17,8,184,56,21,108,192,40,15,9,33,154,122,179,27,185,127,96,171,141,98,114,64,79,177,47,88,5,186,199,83,59,129,24,95,149,165,62,120,3,169,191,135,146];False
1789;7158;8947;[34,4,144,70,19,41,121,178,161,115,71,84,77,112,93,147,66,157,103,116,65,124,168,31,142,117,167,61,45,188,87,35,78,128,42,119,57,125,145,126,143,160,91,1,150,105,180,196,36,46,140,92,82,23,189,182,2,152,22,26,176,193,109,20,67,166,38,139,63,118,48,194,29,198,174,16,102,132,32,72,163,25,51,50,190,10,130,113,156,74,44,138,37,94,173,18,131,110,81,153,80,100,30,134,148,11,97,58,158,43,7,0,181,68,123,6,137,60,54,151,195,187,39,107,55,14,13,111,52,89,75,101,197,162,53,183,69,159,164,90,28,155,73,99,106,136,175,12,49,170,172,86,76,133,85,104,17,8,184,56,21,108,192,40,15,9,33,154,122,179,27,185,127,96,171,141,98,114,64,79,177,47,88,5,186,199,83,59,129,24,95,149,165,62,120,3,169,191,135,146];False
1749;7167;8916;[34,4,144,70,19,41,121,178,161,115,71,84,77,112,93,147,66,157,103,116,65,124,168,31,142,117,167,61,45,188,87,35,78,128,42,119,57,125,145,126,143,160,91,1,150,105,180,196,36,46,140,92,82,23,189,182,2,12,22,26,176,193,109,20,67,166,38,139,63,118,48,194,29,198,174,16,102,132,32,72,163,25,51,50,190,10,130,113,156,74,44,138,37,94,173,18,131,110,81,153,80,100,30,134,195,11,97,58,158,43,7,0,181,68,123,6,137,60,54,151,148,187,39,107,55,14,13,111,52,89,75,101,197,162,53,183,69,159,164,90,28,155,73,99,106,136,175,152,49,170,172,86,76,133,85,104,17,8,184,56,21,108,192,40,15,9,33,154,122,179,27,185,127,96,171,141,98,114,64,79,177,47,88,5,186,199,83,59,129,24,95,149,165,62,120,3,169,191,135,146];True
1709;7193;8902;[34,4,144,70,19,41,121,178,161,115,71,84,77,112,93,147,66,157,103,116,65,124,168,31,142,117,167,61,45,188,87,35,78,128,42,119,57,125,145,126,143,160,91,1,150,105,180,196,36,46,140,92,82,23,189,182,2,12,22,26,176,193,109,20,67,166,38,139,63,118,48,194,29,198,174,16,102,132,32,72,163,25,51,50,190,10,130,113,156,74,44,138,37,94,173,18,131,110,81,153,80,100,30,134,148,11,97,58,158,43,7,0,62,68,123,6,137,60,54,151,195,187,39,107,55,14,13,111,52,89,75,101,197,162,53,183,69,159,164,90,28,155,73,99,106,136,175,152,49,170,172,86,76,133,85,104,17,8,184,56,21,108,192,40,15,9,33,154,122,179,27,185,127,96,171,141,98,114,64,79,177,47,88,5,186,199,83,59,129,24,95,149,165,181,120,3,169,191,135,146];False
1798;7157;8955;[34,4,144,70,19,41,121,178,161,115,71,84,77,112,93,147,66,157,103,116,65,124,168,31,142,117,57,61,45,188,87,35,78,128,42,119,167,125,145,126,143,160,91,1,150,105,180,196,36,46,140,92,82,23,189,182,175,12,22,26,176,193,109,20,67,166,38,139,63,118,48,194,29,198,174,16,102,132,32,72,163,25,51,50,190,10,130,113,156,74,44,138,37,94,173,18,131,110,81,153,80,100,30,134,195,11,97,58,158,43,7,0,181,68,123,6,137,60,54,151,148,187,39,107,55,14,13,111,52,89,75,101,197,162,53,183,69,159,164,90,28,155,73,99,106,136,2,152,49,170,172,86,76,133,85,104,17,8,184,56,21,108,192,40,15,9,33,154,122,179,27,185,127,96,171,141,98,114,64,79,177,47,88,5,186,199,83,59,129,24,95,149,165,62,120,3,169,191,135,146];False
1775;7164;8939;[34,4,144,70,19,41,121,178,161,115,71,84,77,112,93,147,66,157,103,116,65,124,168,31,142,117,167,61,45,188,87,35,78,128,42,119,57,125,145,126,143,160,91,1,150,105,180,196,36,46,140,92,82,23,189,182,175,12,22,26,176,193,109,20,67,166,38,139,63,118,48,194,29,198,174,16,102,132,32,72,163,25,51,50,190,10,130,113,156,74,44,138,37,94,173,18,131,110,81,153,80,100,30,134,195,11,97,58,158,43,7,0,62,68,123,6,137,60,54,151,148,187,39,107,55,14,13,111,52,89,75,101,197,162,53,183,69,159,164,90,28,155,73,99,106,136,2,152,49,170,172,86,76,133,85,104,17,8,184,56,21,108,192,40,15,9,33,154,122,179,27,185,127,96,171,141,98,114,64,79,177,47,88,5,186,199,83,59,129,24,95,149,165,181,120,3,169,191,135,146];False
1890;7128;9018;[34,4,144,70,19,41,121,178,161,115,71,84,77,112,93,147,66,157,103,116,65,124,168,31,142,117,57,61,45,188,87,35,78,128,42,119,167,125,145,126,143,160,91,1,150,105,180,196,36,46,140,92,82,23,189,195,175,12,22,26,176,193,109,20,67,166,38,139,63,118,48,194,29,198,174,16,102,132,32,72,163,25,51,50,190,10,130,113,156,74,44,138,37,94,173,18,131,110,81,153,80,100,30,134,148,11,97,58,158,43,7,101,181,68,123,6,137,60,54,151,0,187,39,107,55,14,13,111,52,89,75,182,197,162,53,183,69,159,164,90,28,155,73,99,106,136,2,152,49,170,172,86,76,133,85,104,17,8,184,56,21,108,192,40,15,9,33,154,122,179,27,185,127,96,171,141,98,114,64,79,177,47,88,5,186,199,83,59,129,24,95,149,165,62,120,3,169,191,135,146];False
1804;7139;8943;[34,4,144,70,19,41,121,178,161,115,182,84,77,112,93,147,66,157,103,116,65,124,168,31,142,117,167,61,45,188,87,35,78,128,42,119,57,125,145,126,143,160,91,1,150,105,180,196,36,46,140,92,82,23,189,195,175,12,22,26,176,193,109,20,67,166,38,139,63,118,48,194,29,198,174,16,102,132,32,72,163,25,51,50,190,10,130,113,156,74,44,138,37,94,173,18,131,110,81,153,80,100,30,134,148,11,97,58,158,43,7,136,181,68,123,6,137,60,54,151,0,187,39,107,55,14,13,111,52,89,75,101,197,162,53,183,69,159,164,90,28,155,73,99,106,71,2,152,49,170,172,86,76,133,85,104,17,8,184,56,21,108,192,40,15,9,33,154,122,179,27,185,127,96,171,141,98,114,64,79,177,47,88,5,186,199,83,59,129,24,95,149,165,62,120,3,169,191,135,146];True
1731;7185;8916;[34,4,144,70,19,41,121,178,161,115,71,84,77,112,93,147,66,157,103,116,65,124,168,31,142,117,57,61,45,188,87,35,78,128,42,119,167,195,145,126,143,160,91,1,150,105,180,196,36,46,140,92,82,23,189,182,2,12,22,26,176,193,109,20,67,166,38,139,63,118,48,194,29,198,174,16,102,132,32,72,163,25,51,50,190,10,130,113,156,74,44,138,37,94,173,18,131,110,81,153,80,100,30,134,148,11,97,58,158,43,7,0,181,68,123,6,137,60,54,151,125,187,39,107,55,14,13,111,52,89,75,101,197,162,53,183,69,159,164,90,28,155,73,99,106,136,175,152,49,170,172,86,76,133,85,104,17,8,184,56,21,108,192,40,15,9,33,154,122,179,27,185,127,96,171,141,98,114,64,79,177,47,88,5,186,199,83,59,129,24,95,149,165,62,120,3,169,191,135,146];False
1800;7148;8948;[34,4,144,70,19,41,121,178,161,115,71,84,77,112,93,147,66,157,103,116,65,124,168,31,142,117,167,61,45,188,87,35,78,128,42,119,57,125,145,126,143,160,91,1,150,105,180,196,36,46,140,92,82,23,189,182,2,152,22,26,176,193,109,20,67,166,38,139,63,118,48,194,29,198,174,16,102,132,32,72,163,25,51,50,190,10,130,113,156,74,44,138,37,94,173,18,131,110,81,153,80,100,30,134,195,11,97,58,158,43,7,0,181,68,123,6,137,60,54,151,148,187,39,107,55,14,13,111,52,89,75,101,197,162,53,183,69,159,164,90,28,155,73,99,106,136,175,12,49,170,172,86,76,133,85,104,17,8,184,56,21,108,192,40,15,9,33,154,122,179,27,185,127,96,171,141,98,114,64,79,177,47,88,5,186,199,83,59,129,24,95,149,165,62,120,3,169,191,135,146];False
1743;7176;8919;[34,4,144,70,19,41,121,178,161,115,71,84,77,112,93,147,66,157,103,116,65,124,168,31,142,117,57,61,45,188,87,35,78,128,42,119,167,125,145,126,143,160,91,1,150,105,180,196,36,46,140,92,82,23,189,182,2,12,22,26,176,193,109,20,67,166,38,139,63,118,48,194,29,198,174,16,102,132,32,72,163,25,51,50,190,10,130,113,156,74,44,138,37,94,173,18,131,110,81,153,80,100,30,134,195,11,97,58,158,43,7,0,181,68,123,6,137,60,54,151,148,187,39,107,55,14,13,111,52,89,75,101,197,162,53,183,69,159,164,90,28,155,73,99,106,136,175,152,49,170,172,86,76,133,85,104,17,8,184,56,21,108,192,40,15,9,33,154,122,179,27,185,127,96,171,141,98,114,64,79,177,47,88,5,186,199,83,59,129,24,95,149,165,62,120,3,169,191,135,146];False
1720;7183;8903;[34,4,144,70,19,41,121,178,161,115,71,84,77,112,93,147,66,157,103,116,65,124,168,31,142,117,167,61,45,188,87,35,78,128,42,119,57,125,145,126,143,160,91,1,150,105,180,196,36,46,140,92,82,23,189,182,2,12,22,26,176,193,109,20,67,166,38,139,63,118,48,194,29,198,174,16,102,132,32,72,163,25,51,50,190,10,130,113,156,74,44,138,37,94,173,18,131,110,81,153,80,100,30,134,195,11,97,58,158,43,7,0,62,68,123,6,137,60,54,151,148,187,39,107,55,14,13,111,52,89,75,101,197,162,53,183,69,159,164,90,28,155,73,99,106,136,175,152,49,170,172,86,76,133,85,104,17,8,184,56,21,108,192,40,15,9,33,154,122,179,27,185,127,96,171,141,98,114,64,79,177,47,88,5,186,199,83,59,129,24,95,149,165,181,120,3,169,191,135,146];True
1788;7162;8950;[34,4,144,70,19,41,121,178,161,115,71,84,77,112,93,147,66,157,103,116,65,124,168,31,142,117,167,61,45,188,87,35,78,128,42,119,57,125,145,126,143,160,91,1,150,105,180,196,36,46,140,92,82,23,189,182,2,12,22,26,176,193,109,20,67,166,38,139,63,118,48,194,29,198,174,16,102,132,32,72,163,25,51,50,190,10,130,113,156,74,44,138,37,94,173,18,131,110,81,153,80,100,30,134,195,11,97,58,158,43,7,0,181,68,123,6,137,60,54,151,148,187,39,107,55,14,13,111,52,89,75,101,197,162,53,183,69,159,164,90,28,155,73,99,106,136,175,152,49,170,172,86,76,133,85,104,17,8,184,56,21,108,192,40,15,9,33,154,122,179,47,185,127,96,171,141,98,114,64,79,177,27,88,5,186,199,83,59,129,24,95,149,165,62,120,3,169,191,135,146];False
1859;7138;8997;[34,4,139,70,19,41,121,178,161,115,182,84,77,112,93,147,66,157,103,116,65,124,168,31,142,117,167,61,45,188,87,35,78,128,42,119,57,125,145,126,143,160,91,1,150,105,180,196,36,46,140,92,82,23,189,195,175,12,22,26,176,193,109,20,67,166,38,144,63,118,48,194,29,198,174,16,102,132,32,72,163,25,51,50,190,10,130,113,156,74,44,138,37,94,173,18,131,110,81,153,80,100,30,134,148,11,97,58,158,43,7,136,181,68,123,6,137,60,54,151,0,187,39,107,55,14,13,111,52,89,75,101,197,162,53,183,69,159,164,90,28,155,73,99,106,71,2,152,49,170,172,86,76,133,85,104,17,8,184,56,21,108,192,40,15,9,33,154,122,179,27,185,127,96,171,141,98,114,64,79,177,47,88,5,186,199,83,59,129,24,95,149,165,62,120,3,169,191,135,146];False
1872;7128;9000;[34,4,144,70,19,41,113,178,161,115,182,84,77,112,93,147,66,157,103,116,65,124,168,31,142,117,167,61,45,188,87,35,78,128,42,119,57,125,145,126,143,160,91,1,150,105,180,196,36,46,140,92,82,23,189,195,175,12,22,26,176,193,109,20,67,166,38,139,63,118,48,194,29,198,174,16,102,132,32,72,163,25,51,50,190,10,130,121,156,74,44,138,37,94,173,18,131,110,81,153,80,100,30,134,148,11,97,58,158,43,7,136,181,68,123,6,137,60,54,151,0,187,39,107,55,14,13,111,52,89,75,101,197,162,53,183,69,159,164,90,28,155,73,99,106,71,2,152,49,170,172,86,76,133,85,104,17,8,184,56,21,108,192,40,15,9,33,154,122,179,27,185,127,96,171,141,98,114,64,79,177,47,88,5,186,199,83,59,129,24,95,149,165,62,120,3,169,191,135,146];False
1796;7154;8950;[34,4,144,70,19,41,121,178,161,115,130,84,77,112,93,147,66,157,103,116,65,124,168,31,142,117,167,61,45,188,87,35,78,128,42,119,57,125,145,126,143,160,91,1,150,105,180,196,36,46,140,92,82,23,189,195,175,12,22,26,176,193,109,20,67,166,38,139,63,118,48,194,29,198,174,16,102,132,32,72,163,25,51,50,190,10,182,113,156,74,44,138,37,94,173,18,131,110,81,153,80,100,30,134,148,11,97,58,158,43,7,136,181,68,123,6,137,60,54,151,0,187,39,107,55,14,13,111,52,89,75,101,197,162,53,183,69,159,164,90,28,155,73,99,106,71,2,152,49,170,172,86,76,133,85,104,17,8,184,56,21,108,192,40,15,9,33,154,122,179,27,185,127,96,171,141,98,114,64,79,177,47,88,5,186,199,83,59,129,24,95,149,165,62,120,3,169,191,135,146];False
1847;7128;8975;[34,4,144,70,19,41,121,178,161,115,182,1,77,112,93,147,66,157,103,116,65,124,168,31,142,117,167,61,45,188,87,35,78,128,42,119,57,125,145,126,143,160,91,84,150,105,180,196,36,46,140,92,82,23,189,195,175,12,22,26,176,193,109,20,67,166,38,139,63,118,48,194,29,198,174,16,102,132,32,72,163,25,51,50,190,10,130,113,156,74,44,138,37,94,173,18,131,110,81,153,80,100,30,134,148,11,97,58,158,43,7,136,181,68,123,6,137,60,54,151,0,187,39,107,55,14,13,111,52,89,75,101,197,162,53,183,69,159,164,90,28,155,73,99,106,71,2,152,49,170,172,86,76,133,85,104,17,8,184,56,21,108,192,40,15,9,33,154,122,179,27,185,127,96,171,141,98,114,64,79,177,47,88,5,186,199,83,59,129,24,95,149,165,62,120,3,169,191,135,146];True
1798;7148;8946;[34,4,144,70,19,41,121,178,161,115,182,84,77,112,93,147,66,157,103,116,65,124,168,31,142,117,57,61,45,188,87,35,78,128,42,119,167,125,145,126,143,160,91,1,150,105,180,196,36,46,140,92,82,23,189,195,175,12,22,26,176,193,109,20,67,166,38,139,63,118,48,194,29,198,174,16,102,132,32,72,163,25,51,50,190,10,130,113,156,74,44,138,37,94,173,18,131,110,81,153,80,100,30,134,148,11,97,58,158,43,7,136,181,68,123,6,137,60,54,151,0,187,39,107,55,14,13,111,52,89,75,101,197,162,53,183,69,159,164,90,28,155,73,99,106,71,2,152,49,170,172,86,76,133,85,104,17,8,184,56,21,108,192,40,15,9,33,154,122,179,27,185,127,96,171,141,98,114,64,79,177,47,88,5,186,199,83,59,129,24,95,149,165,62,120,3,169,191,135,146];False
1843;7138;8981;[34,4,144,70,19,41,121,178,161,115,182,84,77,112,93,147,66,157,103,116,65,124,168,31,142,117,167,61,45,188,87,35,78,60,42,119,57,125,145,126,143,160,91,1,150,105,180,196,36,46,140,92,82,23,189,195,175,12,22,26,176,193,109,20,67,166,38,139,63,118,48,194,29,198,174,16,102,132,32,72,163,25,51,50,190,10,130,113,156,74,44,138,37,94,173,18,131,110,81,153,80,100,30,134,148,11,97,58,158,43,7,136,181,68,123,6,137,128,54,151,0,187,39,107,55,14,13,111,52,89,75,101,197,162,53,183,69,159,164,90,28,155,73,99,106,71,2,152,49,170,172,86,76,133,85,104,17,8,184,56,21,108,192,40,15,9,33,154,122,179,27,185,127,96,171,141,98,114,64,79,177,47,88,5,186,199,83,59,129,24,95,149,165,62,120,3,169,191,135,146];False
1845;7133;8978;[34,4,144,70,19,41,121,178,161,115,182,84,77,112,93,147,66,157,103,116,65,124,168,31,142,117,167,61,45,188,87,35,78,128,42,119,57,125,145,126,20,160,91,1,150,105,180,196,36,46,140,92,82,23,189,195,175,12,22,26,176,193,109,143,67,166,38,139,63,118,48,194,29,198,174,16,102,132,32,72,163,25,51,50,190,10,130,113,156,74,44,138,37,94,173,18,131,110,81,153,80,100,30,134,148,11,97,58,158,43,7,136,181,68,123,6,137,60,54,151,0,187,39,107,55,14,13,111,52,89,75,101,197,162,53,183,69,159,164,90,28,155,73,99,106,71,2,152,49,170,172,86,76,133,85,104,17,8,184,56,21,108,192,40,15,9,33,154,122,179,27,185,127,96,171,141,98,114,64,79,177,47,88,5,186,199,83,59,129,24,95,149,165,62,120,3,169,191,135,146];True
1897;7117;9014;[34,4,144,70,19,41,121,178,161,115,182,84,77,112,93,147,66,157,103,116,65,124,168,31,142,117,167,61,45,188,87,35,78,128,42,119,57,125,145,126,143,160,91,1,28,105,180,196,36,46,140,92,82,23,189,195,175,12,22,26,176,193,109,20,67,166,38,139,63,118,48,194,29,198,174,16,102,132,32,72,163,25,51,50,190,10,130,113,156,74,44,138,37,94,173,18,131,110,81,153,80,100,30,134,148,11,97,58,158,43,7,136,181,68,123,6,137,60,54,151,0,187,39,107,55,14,13,111,52,89,75,101,197,162,53,183,69,159,164,90,150,155,73,99,106,71,2,152,49,170,172,86,76,133,85,104,17,8,184,56,21,108,192,40,15,9,33,154,122,179,27,185,127,96,171,141,98,114,64,79,177,47,88,5,186,199,83,59,129,24,95,149,165,62,120,3,169,191,135,146];False
1785;7162;8947;[34,4,144,70,19,41,121,178,161,115,182,84,77,112,93,147,66,157,103,116,65,124,168,31,142,117,167,61,45,188,87,35,78,128,42,119,57,125,145,126,143,160,91,1,150,105,180,196,36,46,140,92,82,23,189,27,175,12,22,26,176,193,109,20,67,166,38,139,63,118,48,194,29,198,174,16,102,132,32,72,163,25,51,50,190,10,130,113,156,74,44,138,37,94,173,18,131,110,81,153,80,100,30,134,148,11,97,58,158,43,7,136,181,68,123,6,137,60,54,151,0,187,39,107,55,14,13,111,52,89,75,101,197,162,53,183,69,159,164,90,28,155,73,99,106,71,2,152,49,170,172,86,76,133,85,104,17,8,184,56,21,108,192,40,15,9,33,154,122,179,195,185,127,96,171,141,98,114,64,79,177,47,88,5,186,199,83,59,129,24,95,149,165,62,120,3,169,191,135,146];False
1784;7161;8945;[34,4,144,70,19,41,121,178,161,115,182,84,77,112,93,147,66,157,103,116,65,124,168,31,142,117,167,61,45,188,87,35,78,128,42,119,57,125,145,126,143,160,91,1,150,105,180,196,36,46,140,92,82,23,189,195,175,12,22,26,176,193,109,20,67,166,38,139,63,118,48,194,29,198,174,184,102,132,32,72,163,25,51,50,190,10,130,113,156,74,44,138,37,94,173,18,131,110,81,153,80,100,30,134,148,11,97,58,158,43,7,136,181,68,123,6,137,60,54,151,0,187,39,107,55,14,13,111,52,89,75,101,197,162,53,183,69,159,164,90,28,155,73,99,106,71,2,152,49,170,172,86,76,133,85,104,17,8,16,56,21,108,192,40,15,9,33,154,122,179,27,185,127,96,171,141,98,114,64,79,177,47,88,5,186,199,83,59,129,24,95,149,165,62,120,3,169,191,135,146];False
1784;7156;8940;[34,4,144,70,19,41,121,178,161,115,182,84,77,112,93,147,66,157,103,116,65,124,168,31,142,117,167,61,45,188,87,35,78,128,42,119,57,125,145,126,143,160,91,1,150,105,180,196,36,46,140,92,82,23,189,195,175,12,22,26,176,193,109,20,67,166,38,139,63,118,48,194,29,198,174,16,102,132,32,72,163,25,51,50,190,10,130,113,156,74,44,138,37,94,173,18,131,0,81,153,80,100,30,134,148,11,97,58,158,43,7,136,181,68,123,6,137,60,54,151,110,187,39,107,55,14,13,111,52,89,75,101,197,162,53,183,69,159,164,90,28,155,73,99,106,71,2,152,49,170,172,86,76,133,85,104,17,8,184,56,21,108,192,40,15,9,33,154,122,179,27,185,127,96,171,141,98,114,64,79,177,47,88,5,186,199,83,59,129,24,95,149,165,62,120,3,169,191,135,146];True
1783;7158;8941;[34,4,144,70,19,41,121,178,161,115,182,84,77,112,93,147,66,157,103,116,65,124,168,31,142,117,167,61,45,188,87,35,78,128,42,119,57,125,145,126,143,160,91,1,150,105,180,196,36,46,140,92,82,23,189,195,175,12,22,26,176,193,109,20,67,166,38,139,63,118,48,194,29,198,174,16,102,132,32,72,163,25,51,50,190,10,130,113,156,74,44,138,37,94,173,18,131,110,81,153,80,151,30,134,148,11,97,58,158,43,7,136,181,68,123,6,137,60,54,100,0,187,39,107,55,14,13,111,52,89,75,101,197,162,53,183,69,159,164,90,28,155,73,99,106,71,2,152,49,170,172,86,76,133,85,104,17,8,184,56,21,108,192,40,15,9,33,154,122,179,27,185,127,96,171,141,98,114,64,79,177,47,88,5,186,199,83,59,129,24,95,149,165,62,120,3,169,191,135,146];False
1772;7158;8930;[34,4,144,70,19,41,121,178,161,115,182,84,77,112,93,147,66,157,103,116,65,124,168,31,142,117,167,61,45,188,87,35,78,128,42,119,57,125,145,126,143,160,91,1,150,105,180,196,36,46,140,92,82,23,189,195,175,12,22,26,176,193,109,20,67,166,38,139,63,118,48,194,29,198,174,16,102,132,32,72,163,25,51,50,190,10,130,113,156,74,44,138,37,94,173,18,131,110,81,153,80,100,30,134,148,11,97,58,158,43,7,136,181,68,123,6,137,60,54,151,133,187,39,107,55,14,13,111,52,89,75,101,197,162,53,183,69,159,164,90,28,155,73,99,106,71,2,152,49,170,172,86,76,0,85,104,17,8,184,56,21,108,192,40,15,9,33,154,122,179,27,185,127,96,171,141,98,114,64,79,177,47,88,5,186,199,83,59,129,24,95,149,165,62,120,3,169,191,135,146];True
1764;7160;8924;[34,4,144,70,19,41,121,178,161,115,182,84,77,112,93,147,66,157,103,116,65,124,168,31,142,117,167,61,45,188,87,35,78,128,42,119,57,125,145,126,143,160,91,1,150,105,180,196,36,46,140,92,82,23,189,195,175,12,22,26,176,193,109,20,67,166,38,139,63,118,48,194,29,198,174,16,102,132,32,72,163,25,51,50,190,10,130,113,156,74,44,138,37,94,173,18,131,110,81,153,80,100,30,134,148,11,97,58,158,43,7,136,181,68,123,6,137,60,54,151,96,187,39,107,55,14,13,111,52,89,75,101,197,162,53,183,69,159,164,90,28,155,73,99,106,71,2,152,49,170,172,86,76,133,85,104,17,8,184,56,21,108,192,40,15,9,33,154,122,179,27,185,127,0,171,141,98,114,64,79,177,47,88,5,186,199,83,59,129,24,95,149,165,62,120,3,169,191,135,146];False
1843;7134;8977;[34,4,144,70,19,41,121,178,161,115,182,84,77,112,93,147,66,157,103,116,65,124,168,31,142,117,167,61,45,188,87,35,78,128,42,119,57,125,145,126,143,160,91,1,150,105,180,196,36,46,140,92,82,23,189,195,175,12,22,26,176,193,109,20,67,166,38,139,63,118,48,194,29,198,174,16,102,132,32,72,163,25,51,50,190,10,130,113,156,74,44,138,37,94,173,18,131,110,81,153,80,100,30,134,148,11,97,58,158,43,7,136,181,68,123,6,137,60,54,151,0,187,39,107,55,14,13,111,52,89,75,101,197,162,53,183,69,159,164,90,28,155,73,99,106,71,2,152,49,170,172,86,76,133,85,104,17,8,184,56,21,108,192,40,15,9,33,154,122,179,47,185,127,96,171,141,98,114,64,79,177,27,88,5,186,199,83,59,129,24,95,149,165,62,120,3,169,191,135,146];True
1714;7192;8906;[34,4,144,70,19,41,121,178,161,115,71,84,77,112,93,147,66,157,103,116,65,124,168,31,142,117,57,61,45,188,87,35,78,128,42,119,167,125,145,126,143,160,91,1,150,105,180,196,36,46,140,92,82,23,189,182,2,12,22,26,176,193,109,20,67,166,38,139,63,118,48,194,29,198,174,16,102,132,32,72,163,25,51,50,190,10,130,113,156,74,44,138,37,94,173,18,131,110,81,153,80,100,30,134,195,11,97,58,158,43,7,0,62,68,123,6,137,60,54,151,148,187,39,107,55,14,13,111,52,89,75,101,197,162,53,183,69,159,164,90,28,155,73,99,106,136,175,152,49,170,172,86,76,133,85,104,17,8,184,56,21,108,192,40,15,9,33,154,122,179,27,185,127,96,171,141,98,114,64,79,177,47,88,5,186,199,83,59,129,24,95,149,165,181,120,3,169,191,135,146];False
1841;7137;8978;[34,4,144,70,19,41,121,178,161,115,182,1,77,112,93,147,66,157,103,116,65,124,168,31,142,117,57,61,45,188,87,35,78,128,42,119,167,125,145,126,143,160,91,84,150,105,180,196,36,46,140,92,82,23,189,195,175,12,22,26,176,193,109,20,67,166,38,139,63,118,48,194,29,198,174,16,102,132,32,72,163,25,51,50,190,10,130,113,156,74,44,138,37,94,173,18,131,110,81,153,80,100,30,134,148,11,97,58,158,43,7,136,181,68,123,6,137,60,54,151,0,187,39,107,55,14,13,111,52,89,75,101,197,162,53,183,69,159,164,90,28,155,73,99,106,71,2,152,49,170,172,86,76,133,85,104,17,8,184,56,21,108,192,40,15,9,33,154,122,179,27,185,127,96,171,141,98,114,64,79,177,47,88,5,186,199,83,59,129,24,95,149,165,62,120,3,169,191,135,146];True
1886;7127;9013;[34,4,144,70,19,41,121,178,161,115,182,1,77,112,93,147,66,157,103,116,65,124,168,31,142,117,167,61,45,188,87,35,78,60,42,119,57,125,145,126,143,160,91,84,150,105,180,196,36,46,140,92,82,23,189,195,175,12,22,26,176,193,109,20,67,166,38,139,63,118,48,194,29,198,174,16,102,132,32,72,163,25,51,50,190,10,130,113,156,74,44,138,37,94,173,18,131,110,81,153,80,100,30,134,148,11,97,58,158,43,7,136,181,68,123,6,137,128,54,151,0,187,39,107,55,14,13,111,52,89,75,101,197,162,53,183,69,159,164,90,28,155,73,99,106,71,2,152,49,170,172,86,76,133,85,104,17,8,184,56,21,108,192,40,15,9,33,154,122,179,27,185,127,96,171,141,98,114,64,79,177,47,88,5,186,199,83,59,129,24,95,149,165,62,120,3,169,191,135,146];False
1888;7122;9010;[34,4,144,70,19,41,121,178,161,115,182,1,77,112,93,147,66,157,103,116,65,124,168,31,142,117,167,61,45,188,87,35,78,128,42,119,57,125,145,126,20,160,91,84,150,105,180,196,36,46,140,92,82,23,189,195,175,12,22,26,176,193,109,143,67,166,38,139,63,118,48,194,29,198,174,16,102,132,32,72,163,25,51,50,190,10,130,113,156,74,44,138,37,94,173,18,131,110,81,153,80,100,30,134,148,11,97,58,158,43,7,136,181,68,123,6,137,60,54,151,0,187,39,107,55,14,13,111,52,89,75,101,197,162,53,183,69,159,164,90,28,155,73,99,106,71,2,152,49,170,172,86,76,133,85,104,17,8,184,56,21,108,192,40,15,9,33,154,122,179,27,185,127,96,171,141,98,114,64,79,177,47,88,5,186,199,83,59,129,24,95,149,165,62,120,3,169,191,135,146];False
1886;7123;9009;[34,4,144,70,19,41,121,178,161,115,182,1,77,112,93,147,66,157,103,116,65,124,168,31,142,117,167,61,45,188,87,35,78,128,42,119,57,125,145,126,143,160,91,84,150,105,180,196,36,46,140,92,82,23,189,195,175,12,22,26,176,193,109,20,67,166,38,139,63,118,48,194,29,198,174,16,102,132,32,72,163,25,51,50,190,10,130,113,156,74,44,138,37,94,173,18,131,110,81,153,80,100,30,134,148,11,97,58,158,43,7,136,181,68,123,6,137,60,54,151,0,187,39,107,55,14,13,111,52,89,75,101,197,162,53,183,69,159,164,90,28,155,73,99,106,71,2,152,49,170,172,86,76,133,85,104,17,8,184,56,21,108,192,40,15,9,33,154,122,179,47,185,127,96,171,141,98,114,64,79,177,27,88,5,186,199,83,59,129,24,95,149,165,62,120,3,169,191,135,146];False
1860;7123;8983;[34,4,144,70,19,41,121,178,161,115,182,84,77,112,93,147,66,157,103,116,65,124,168,31,142,117,167,61,45,188,87,35,78,128,42,119,57,125,145,126,20,160,91,1,150,105,180,196,36,46,140,92,143,23,189,195,175,12,22,26,176,193,109,82,67,166,38,139,63,118,48,194,29,198,174,16,102,132,32,72,163,25,51,50,190,10,130,113,156,74,44,138,37,94,173,18,131,110,81,153,80,100,30,134,148,11,97,58,158,43,7,136,181,68,123,6,137,60,54,151,0,187,39,107,55,14,13,111,52,89,75,101,197,162,53,183,69,159,164,90,28,155,73,99,106,71,2,152,49,170,172,86,76,133,85,104,17,8,184,56,21,108,192,40,15,9,33,154,122,179,27,185,127,96,171,141,98,114,64,79,177,47,88,5,186,199,83,59,129,24,95,149,165,62,120,3,169,191,135,146];True
1755;7163;8918;[34,4,144,70,19,41,121,178,161,115,182,84,77,112,93,147,66,157,103,116,65,124,168,31,142,117,167,61,45,188,87,35,78,128,42,119,57,125,145,126,143,160,91,1,150,105,180,196,36,46,140,92,82,23,189,47,175,12,22,26,176,193,109,20,67,166,38,139,63,118,48,194,29,198,174,16,102,132,32,72,163,25,51,50,190,10,130,113,156,74,44,138,37,94,173,18,131,110,81,153,80,100,30,134,148,11,97,58,158,43,7,136,181,68,123,6,137,60,54,151,0,187,39,107,55,14,13,111,52,89,75,101,197,162,53,183,69,159,164,90,28,155,73,99,106,71,2,152,49,170,172,86,76,133,85,104,17,8,184,56,21,108,192,40,15,9,33,154,122,179,195,185,127,96,171,141,98,114,64,79,177,27,88,5,186,199,83,59,129,24,95,149,165,62,120,3,169,191,135,146];False
1903;7112;9015;[34,4,144,70,19,41,121,178,161,115,182,1,77,112,93,147,66,157,103,116,65,124,168,31,142,117,167,61,45,188,87,35,78,128,42,119,57,125,145,126,20,160,91,84,150,105,180,196,36,46,140,92,143,23,189,195,175,12,22,26,176,193,109,82,67,166,38,139,63,118,48,194,29,198,174,16,102,132,32,72,163,25,51,50,190,10,130,113,156,74,44,138,37,94,173,18,131,110,81,153,80,100,30,134,148,11,97,58,158,43,7,136,181,68,123,6,137,60,54,151,0,187,39,107,55,14,13,111,52,89,75,101,197,162,53,183,69,159,164,90,28,155,73,99,106,71,2,152,49,170,172,86,76,133,85,104,17,8,184,56,21,108,192,40,15,9,33,154,122,179,27,185,127,96,171,141,98,114,64,79,177,47,88,5,186,199,83,59,129,24,95,149,165,62,120,3,169,191,135,146];True
1879;7120;8999;[34,4,144,70,19,41,121,178,161,115,182,84,77,112,93,147,66,157,103,116,65,124,168,31,142,117,167,61,45,188,87,35,78,128,42,119,57,125,145,126,20,44,91,1,150,105,180,196,36,46,140,92,143,23,189,195,175,12,22,26,176,193,109,82,67,166,38,139,63,118,48,194,29,198,174,16,102,132,32,72,163,25,51,50,190,10,130,113,156,74,160,138,37,94,173,18,131,110,81,153,80,100,30,134,148,11,97,58,158,43,7,136,181,68,123,6,137,60,54,151,0,187,39,107,55,14,13,111,52,89,75,101,197,162,53,183,69,159,164,90,28,155,73,99,106,71,2,152,49,170,172,86,76,133,85,104,17,8,184,56,21,108,192,40,15,9,33,154,122,179,27,185,127,96,171,141,98,114,64,79,177,47,88,5,186,199,83,59,129,24,95,149,165,62,120,3,169,191,135,146];False
1709;7192;8901;[34,4,144,70,19,41,121,178,161,115,182,84,77,112,93,147,66,157,103,116,65,124,168,31,142,117,167,61,45,188,87,35,78,128,42,119,57,0,145,126,143,160,91,1,150,105,180,196,36,46,140,92,82,23,189,47,175,12,22,26,176,193,109,20,67,166,38,139,63,118,48,194,29,198,174,16,102,132,32,72,163,25,51,50,190,10,130,113,156,74,44,138,37,94,173,18,131,110,81,153,80,100,30,134,148,11,97,58,158,43,7,136,181,68,123,6,137,60,54,151,125,187,39,107,55,14,13,111,52,89,75,101,197,162,53,183,69,159,164,90,28,155,73,99,106,71,2,152,49,170,172,86,76,133,85,104,17,8,184,56,21,108,192,40,15,9,33,154,122,179,195,185,127,96,171,141,98,114,64,79,177,27,88,5,186,199,83,59,129,24,95,149,165,62,120,3,169,191,135,146];True
1735;7180;8915;[34,4,144,70,19,41,121,178,161,115,182,84,77,112,93,147,66,157,103,116,65,124,168,31,142,117,167,61,45,188,87,35,78,128,42,119,57,125,145,126,143,160,91,1,150,105,180,196,36,46,140,92,82,23,189,47,175,12,22,26,176,193,109,20,67,166,38,139,63,118,48,194,29,198,174,16,102,132,32,72,163,25,51,50,190,10,130,113,156,74,44,138,37,94,173,18,131,0,81,153,80,100,30,134,148,11,97,58,158,43,7,136,181,68,123,6,137,60,54,151,110,187,39,107,55,14,13,111,52,89,75,101,197,162,53,183,69,159,164,90,28,155,73,99,106,71,2,152,49,170,172,86,76,133,85,104,17,8,184,56,21,108,192,40,15,9,33,154,122,179,195,185,127,96,171,141,98,114,64,79,177,27,88,5,186,199,83,59,129,24,95,149,165,62,120,3,169,191,135,146];False
1723;7182;8905;[34,4,144,70,19,41,121,178,161,115,182,84,77,112,93,147,66,157,103,116,65,124,168,31,142,117,167,61,45,188,87,35,78,128,42,119,57,125,145,126,143,160,91,1,150,105,180,196,36,46,140,92,82,23,189,47,175,12,22,26,176,193,109,20,67,166,38,139,63,118,48,194,29,198,174,16,102,132,32,72,163,25,51,50,190,10,130,113,156,74,44,138,37,94,173,18,131,110,81,153,80,100,30,134,148,11,97,58,158,43,7,136,181,68,123,6,137,60,54,151,133,187,39,107,55,14,13,111,52,89,75,101,197,162,53,183,69,159,164,90,28,155,73,99,106,71,2,152,49,170,172,86,76,0,85,104,17,8,184,56,21,108,192,40,15,9,33,154,122,179,195,185,127,96,171,141,98,114,64,79,177,27,88,5,186,199,83,59,129,24,95,149,165,62,120,3,169,191,135,146];True
1715;7184;8899;[34,4,144,70,19,41,121,178,161,115,182,84,77,112,93,147,66,157,103,116,65,124,168,31,142,117,167,61,45,188,87,35,78,128,42,119,57,125,145,126,143,160,91,1,150,105,180,196,36,46,140,92,82,23,189,47,175,12,22,26,176,193,109,20,67,166,38,139,63,118,48,194,29,198,174,16,102,132,32,72,163,25,51,50,190,10,130,113,156,74,44,138,37,94,173,18,131,110,81,153,80,100,30,134,148,11,97,58,158,43,7,136,181,68,123,6,137,60,54,151,96,187,39,107,55,14,13,111,52,89,75,101,197,162,53,183,69,159,164,90,28,155,73,99,106,71,2,152,49,170,172,86,76,133,85,104,17,8,184,56,21,108,192,40,15,9,33,154,122,179,195,185,127,0,171,141,98,114,64,79,177,27,88,5,186,199,83,59,129,24,95,149,165,62,120,3,169,191,135,146];True
1675;7203;8878;[34,4,144,70,19,41,121,178,161,115,182,84,77,112,93,147,66,157,103,116,65,124,168,31,142,117,167,61,45,188,87,35,78,128,42,119,57,0,145,126,143,160,91,1,150,105,180,196,36,46,140,92,82,23,189,47,175,12,22,26,176,193,109,20,67,166,38,139,63,118,48,194,29,198,174,16,102,125,32,72,163,25,51,50,190,10,130,113,156,74,44,138,37,94,173,18,131,110,81,153,80,100,30,134,148,11,97,58,158,43,7,136,181,68,123,6,137,60,54,151,132,187,39,107,55,14,13,111,52,89,75,101,197,162,53,183,69,159,164,90,28,155,73,99,106,71,2,152,49,170,172,86,76,133,85,104,17,8,184,56,21,108,192,40,15,9,33,154,122,179,195,185,127,96,171,141,98,114,64,79,177,27,88,5,186,199,83,59,129,24,95,149,165,62,120,3,169,191,135,146];True
1732;7176;8908;[34,4,144,70,19,41,121,178,161,115,182,84,77,112,93,147,66,157,103,116,65,124,168,31,142,117,167,61,45,188,87,35,78,128,42,119,57,125,145,126,143,160,91,1,150,105,180,196,36,46,140,92,82,23,76,47,175,12,22,26,176,193,109,20,67,166,38,139,63,118,48,194,29,198,174,16,102,132,32,72,163,25,51,50,190,10,130,113,156,74,44,138,37,94,173,18,131,110,81,153,80,100,30,134,148,11,97,58,158,43,7,136,181,68,123,6,137,60,54,151,133,187,39,107,55,14,13,111,52,89,75,101,197,162,53,183,69,159,164,90,28,155,73,99,106,71,2,152,49,170,172,86,189,0,85,104,17,8,184,56,21,108,192,40,15,9,33,154,122,179,195,185,127,96,171,141,98,114,64,79,177,27,88,5,186,199,83,59,129,24,95,149,165,62,120,3,169,191,135,146];True
1750;7159;8909;[34,4,144,70,19,41,121,178,161,115,182,84,77,112,93,147,66,157,103,116,65,124,168,31,142,117,167,61,45,188,87,35,78,128,42,119,57,125,145,126,143,160,91,1,150,105,180,196,36,46,140,92,82,23,189,187,175,12,22,26,176,193,109,20,67,166,38,139,63,118,48,194,29,198,174,16,102,132,32,72,163,25,51,50,190,10,130,113,156,74,44,138,37,94,173,18,131,110,81,153,80,100,30,134,148,11,97,58,158,43,7,136,181,68,123,6,137,60,54,151,96,47,39,107,55,14,13,111,52,89,75,101,197,162,53,183,69,159,164,90,28,155,73,99,106,71,2,152,49,170,172,86,76,133,85,104,17,8,184,56,21,108,192,40,15,9,33,154,122,179,195,185,127,0,171,141,98,114,64,79,177,27,88,5,186,199,83,59,129,24,95,149,165,62,120,3,169,191,135,146];True
1736;7175;8911;[34,4,144,70,19,41,121,178,161,115,182,84,77,112,93,147,66,157,103,116,65,124,168,31,142,117,167,61,45,188,87,35,78,128,42,119,57,125,145,126,143,160,91,1,150,105,180,196,36,46,140,92,82,23,76,27,175,12,22,26,176,193,109,20,67,166,38,139,63,118,48,194,29,198,174,16,102,132,32,72,163,25,51,50,190,10,130,113,156,74,44,138,37,94,173,18,131,110,81,153,80,100,30,134,148,11,97,58,158,43,7,136,181,68,123,6,137,60,54,151,133,187,39,107,55,14,13,111,52,89,75,101,197,162,53,183,69,159,164,90,28,155,73,99,106,71,2,152,49,170,172,86,189,0,85,104,17,8,184,56,21,108,192,40,15,9,33,154,122,179,195,185,127,96,171,141,98,114,64,79,177,47,88,5,186,199,83,59,129,24,95,149,165,62,120,3,169,191,135,146];True
1742;7174;8916;[34,4,144,70,19,41,121,178,161,115,130,84,77,112,93,147,66,157,103,116,65,124,168,31,142,117,167,61,45,188,87,35,78,128,42,119,57,125,145,126,143,160,91,1,150,105,180,196,36,46,140,92,82,23,189,187,175,12,22,26,176,193,109,20,67,166,38,139,63,118,48,194,29,198,174,16,102,132,32,72,163,25,51,50,190,10,182,113,156,74,44,138,37,94,173,18,131,110,81,153,80,100,30,134,148,11,97,58,158,43,7,136,181,68,123,6,137,60,54,151,96,47,39,107,55,14,13,111,52,89,75,101,197,162,53,183,69,159,164,90,28,155,73,99,106,71,2,152,49,170,172,86,76,133,85,104,17,8,184,56,21,108,192,40,15,9,33,154,122,179,195,185,127,0,171,141,98,114,64,79,177,27,88,5,186,199,83,59,129,24,95,149,165,62,120,3,169,191,135,146];True
1793;7148;8941;[34,4,144,70,19,41,121,178,161,115,182,1,77,112,93,147,66,157,103,116,65,124,168,31,142,117,167,61,45,188,87,35,78,128,42,119,57,125,145,126,143,160,91,84,150,105,180,196,36,46,140,92,82,23,189,187,175,12,22,26,176,193,109,20,67,166,38,139,63,118,48,194,29,198,174,16,102,132,32,72,163,25,51,50,190,10,130,113,156,74,44,138,37,94,173,18,131,110,81,153,80,100,30,134,148,11,97,58,158,43,7,136,181,68,123,6,137,60,54,151,96,47,39,107,55,14,13,111,52,89,75,101,197,162,53,183,69,159,164,90,28,155,73,99,106,71,2,152,49,170,172,86,76,133,85,104,17,8,184,56,21,108,192,40,15,9,33,154,122,179,195,185,127,0,171,141,98,114,64,79,177,27,88,5,186,199,83,59,129,24,95,149,165,62,120,3,169,191,135,146];True
1744;7168;8912;[34,4,144,70,19,41,121,178,161,115,182,84,77,112,93,147,66,157,103,116,65,124,168,31,142,117,57,61,45,188,87,35,78,128,42,119,167,125,145,126,143,160,91,1,150,105,180,196,36,46,140,92,82,23,189,187,175,12,22,26,176,193,109,20,67,166,38,139,63,118,48,194,29,198,174,16,102,132,32,72,163,25,51,50,190,10,130,113,156,74,44,138,37,94,173,18,131,110,81,153,80,100,30,134,148,11,97,58,158,43,7,136,181,68,123,6,137,60,54,151,96,47,39,107,55,14,13,111,52,89,75,101,197,162,53,183,69,159,164,90,28,155,73,99,106,71,2,152,49,170,172,86,76,133,85,104,17,8,184,56,21,108,192,40,15,9,33,154,122,179,195,185,127,0,171,141,98,114,64,79,177,27,88,5,186,199,83,59,129,24,95,149,165,62,120,3,169,191,135,146];True
1791;7153;8944;[34,4,144,70,19,41,121,178,161,115,182,84,77,112,93,147,66,157,103,116,65,124,168,31,142,117,167,61,45,188,87,35,78,128,42,119,57,125,145,126,20,160,91,1,150,105,180,196,36,46,140,92,82,23,189,187,175,12,22,26,176,193,109,143,67,166,38,139,63,118,48,194,29,198,174,16,102,132,32,72,163,25,51,50,190,10,130,113,156,74,44,138,37,94,173,18,131,110,81,153,80,100,30,134,148,11,97,58,158,43,7,136,181,68,123,6,137,60,54,151,96,47,39,107,55,14,13,111,52,89,75,101,197,162,53,183,69,159,164,90,28,155,73,99,106,71,2,152,49,170,172,86,76,133,85,104,17,8,184,56,21,108,192,40,15,9,33,154,122,179,195,185,127,0,171,141,98,114,64,79,177,27,88,5,186,199,83,59,129,24,95,149,165,62,120,3,169,191,135,146];True
1725;7177;8902;[34,4,144,70,19,41,121,178,161,115,182,84,77,112,93,147,66,157,103,116,65,124,168,31,142,117,167,61,45,188,87,35,78,128,42,119,57,125,145,126,143,160,91,1,150,105,180,196,36,46,140,92,82,23,97,187,175,12,22,26,176,193,109,20,67,166,38,139,63,118,48,194,29,198,174,16,102,132,32,72,163,25,51,50,190,10,130,113,156,74,44,138,37,94,173,18,131,110,81,153,80,100,30,134,148,11,189,58,158,43,7,136,181,68,123,6,137,60,54,151,96,47,39,107,55,14,13,111,52,89,75,101,197,162,53,183,69,159,164,90,28,155,73,99,106,71,2,152,49,170,172,86,76,133,85,104,17,8,184,56,21,108,192,40,15,9,33,154,122,179,195,185,127,0,171,141,98,114,64,79,177,27,88,5,186,199,83,59,129,24,95,149,165,62,120,3,169,191,135,146];True
1333;7630;8963;[34,4,144,70,19,87,121,178,161,102,145,84,77,112,93,147,66,157,103,116,65,124,168,31,142,117,167,61,45,32,196,35,78,128,42,57,197,131,29,126,143,160,91,1,150,105,180,41,36,46,140,92,82,23,97,187,175,12,22,26,176,193,109,20,67,166,38,139,63,118,48,194,182,198,174,184,115,55,188,72,163,25,51,50,190,195,130,113,156,74,44,138,37,94,173,40,2,110,81,153,101,100,30,134,148,11,189,58,158,43,7,0,62,68,123,6,137,60,54,151,119,96,39,107,18,14,13,111,52,89,75,80,71,108,53,183,69,159,164,90,28,155,73,99,106,136,132,152,49,170,172,86,76,133,85,104,17,8,16,56,21,135,192,125,15,9,33,154,122,179,165,185,127,47,171,141,98,114,64,79,177,27,88,5,186,199,83,59,129,24,95,149,10,181,120,3,169,191,162,146];True
1307;7720;9027;[34,4,144,70,19,87,121,178,161,102,145,84,77,112,93,147,66,157,103,116,65,124,168,31,142,117,167,61,45,32,196,35,78,128,42,57,197,131,29,126,143,160,91,1,150,105,180,41,36,46,140,92,82,23,97,187,123,12,22,26,176,193,109,20,67,166,38,139,63,118,48,194,182,198,174,184,115,55,188,72,163,25,51,50,190,195,130,113,156,74,44,138,37,94,173,40,2,110,81,153,101,100,30,134,148,11,189,58,158,43,7,0,62,68,175,6,137,60,54,151,119,96,39,107,18,14,13,111,52,89,75,80,71,108,53,183,69,159,164,90,28,155,73,99,106,136,132,152,49,170,172,86,76,133,85,104,17,8,16,56,21,135,192,125,15,9,33,154,122,179,165,185,127,47,171,141,98,114,64,79,177,27,88,5,186,199,83,59,129,24,95,149,10,181,120,3,169,191,162,146];True
1342;7613;8955;[34,4,144,70,19,87,121,178,161,102,145,84,77,112,93,147,66,157,103,116,65,124,168,31,142,117,167,61,45,32,196,35,78,128,42,57,197,131,29,126,143,160,91,1,150,105,180,41,36,46,140,92,82,23,97,187,175,12,22,26,176,193,109,20,67,166,38,139,63,118,48,194,182,198,174,184,115,125,188,72,163,25,51,50,190,195,130,113,156,74,44,138,37,94,173,40,2,110,81,153,101,100,30,134,148,11,189,58,158,43,7,0,62,68,123,6,137,60,54,151,119,96,39,107,18,14,13,111,52,89,75,80,71,108,53,183,69,159,164,90,28,155,73,99,106,136,132,152,49,170,172,86,76,133,85,104,17,8,16,56,21,135,192,55,15,9,33,154,122,179,165,185,127,47,171,141,98,114,64,79,177,27,88,5,186,199,83,59,129,24,95,149,10,181,120,3,169,191,162,146];True
1332;7638;8970;[34,4,144,70,19,87,121,178,161,102,145,84,77,112,93,147,66,157,103,116,65,124,168,31,142,117,167,61,45,32,196,35,78,128,42,57,197,131,29,126,143,160,91,1,150,105,180,41,36,46,140,92,82,23,97,187,175,12,22,26,176,193,109,20,67,166,38,139,63,118,48,194,182,198,174,184,115,55,188,72,163,25,51,50,190,195,130,113,156,53,44,138,37,94,173,40,2,110,81,153,101,100,30,134,148,11,189,58,158,43,7,0,62,68,123,6,137,60,54,151,119,96,39,107,18,14,13,111,52,89,75,80,71,108,74,183,69,159,164,90,28,155,73,99,106,136,132,152,49,170,172,86,76,133,85,104,17,8,16,56,21,135,192,125,15,9,33,154,122,179,165,185,127,47,171,141,98,114,64,79,177,27,88,5,186,199,83,59,129,24,95,149,10,181,120,3,169,191,162,146];True
1300;7772;9072;[146,4,144,70,19,87,121,178,161,102,145,84,77,112,93,147,66,157,103,116,65,124,168,31,142,117,167,61,45,32,196,35,78,128,42,57,197,131,29,126,143,160,91,1,150,105,180,41,36,46,140,92,82,23,97,187,123,12,22,26,176,193,109,20,67,166,38,139,63,118,48,194,182,198,174,184,115,55,188,72,163,25,51,50,190,195,130,113,156,74,44,138,37,94,173,40,2,110,81,153,101,100,30,134,148,11,189,58,158,43,7,0,62,68,175,6,137,60,54,151,119,96,39,107,18,14,13,111,52,89,75,80,71,108,53,183,69,159,164,90,28,155,73,99,106,136,132,152,49,170,172,86,76,133,85,104,17,8,16,56,21,135,192,125,15,9,33,154,122,179,165,185,127,47,171,141,98,114,64,79,177,27,88,5,186,199,83,59,129,24,95,149,10,181,120,3,169,191,162,34];True
1316;7692;9008;[34,4,144,70,19,87,121,178,161,102,145,84,77,112,93,147,66,157,103,116,65,124,168,31,142,117,167,61,45,32,196,35,78,128,42,57,197,131,29,126,143,160,91,1,150,105,180,41,36,46,140,92,82,23,97,187,172,12,22,26,176,193,109,20,67,166,38,139,63,118,48,194,182,198,174,184,115,55,188,72,163,25,51,50,190,195,130,113,156,74,44,138,37,94,173,40,2,110,81,153,101,100,30,134,148,11,189,58,158,43,7,0,62,68,175,6,137,60,54,151,119,96,39,107,18,14,13,111,52,89,75,80,71,108,53,183,69,159,164,90,28,155,73,99,106,136,132,152,49,170,123,86,76,133,85,104,17,8,16,56,21,135,192,125,15,9,33,154,122,179,165,185,127,47,171,141,98,114,64,79,177,27,88,5,186,199,83,59,129,24,95,149,10,181,120,3,169,191,162,146];True
1305;7763;9068;[34,4,144,70,19,87,121,178,161,102,145,84,77,112,93,147,66,157,103,116,65,124,168,31,142,117,167,61,45,32,196,35,78,128,42,57,197,131,29,126,143,160,91,1,150,105,180,41,36,46,140,92,82,23,97,187,123,12,22,26,176,193,109,20,67,166,38,139,63,118,48,194,182,198,15,184,115,55,188,72,163,25,51,50,190,195,130,113,156,74,44,138,37,94,173,40,2,110,81,153,101,100,30,134,148,11,189,58,158,43,7,0,62,68,175,6,137,60,54,151,119,96,39,107,18,14,13,111,52,89,75,80,71,108,53,183,69,159,164,90,28,155,73,99,106,136,132,152,49,170,172,86,76,133,85,104,17,8,16,56,21,135,192,125,174,9,33,154,122,179,165,185,127,47,171,141,98,114,64,79,177,27,88,5,186,199,83,59,129,24,95,149,10,181,120,3,169,191,162,146];False
1306;7728;9034;[34,4,144,70,19,87,121,178,161,102,145,84,77,112,93,147,66,157,103,116,65,124,168,31,142,117,167,61,45,32,196,35,78,128,42,57,197,131,29,126,143,160,91,1,150,105,180,41,36,46,140,92,82,23,97,187,123,12,22,26,176,193,109,20,67,166,38,139,63,118,48,194,182,198,174,184,115,55,188,72,163,25,51,50,190,195,130,113,156,53,44,138,37,94,173,40,2,110,81,153,101,100,30,134,148,11,189,58,158,43,7,0,62,68,175,6,137,60,54,151,119,96,39,107,18,14,13,111,52,89,75,80,71,108,74,183,69,159,164,90,28,155,73,99,106,136,132,152,49,170,172,86,76,133,85,104,17,8,16,56,21,135,192,125,15,9,33,154,122,179,165,185,127,47,171,141,98,114,64,79,177,27,88,5,186,199,83,59,129,24,95,149,10,181,120,3,169,191,162,146];False
1304;7721;9025;[34,4,144,70,19,87,121,178,161,102,145,84,77,112,93,147,66,157,103,116,65,124,168,31,142,117,167,61,45,32,196,35,78,128,42,57,197,131,29,126,143,160,91,1,150,105,180,41,36,46,140,92,82,23,97,187,123,12,22,26,176,193,109,20,67,166,38,139,63,118,48,194,182,198,174,184,115,55,188,72,163,25,51,50,190,195,130,113,156,74,44,138,37,94,173,40,2,110,81,153,101,100,30,134,148,11,189,58,158,43,7,0,62,68,175,165,137,60,54,151,119,96,39,107,18,14,13,111,52,89,75,80,71,108,53,183,69,159,164,90,28,155,73,99,106,136,132,152,49,170,172,86,76,133,85,104,17,8,16,56,21,135,192,125,15,9,33,154,122,179,6,185,127,47,171,141,98,114,64,79,177,27,88,5,186,199,83,59,129,24,95,149,10,181,120,3,169,191,162,146];True
1347;7588;8935;[34,4,144,70,19,87,121,178,161,102,145,84,77,112,93,147,66,157,103,116,65,124,168,31,142,117,167,61,45,188,196,35,78,128,42,57,197,131,29,126,143,160,91,1,150,105,180,41,36,46,140,92,82,23,97,187,175,12,22,26,176,193,109,20,67,166,38,139,63,118,48,194,182,198,174,184,115,125,32,72,163,25,51,50,190,195,130,113,156,74,44,138,37,94,173,40,2,110,81,153,101,100,30,134,148,11,189,58,158,43,7,0,62,68,123,6,137,60,54,151,119,96,39,107,18,14,13,111,52,89,75,80,71,108,53,183,69,159,164,90,28,155,73,99,106,136,132,152,49,170,172,86,76,133,85,104,17,8,16,56,21,135,192,55,15,9,33,154,122,179,165,185,127,47,171,141,98,114,64,79,177,27,88,5,186,199,83,59,129,24,95,149,10,181,120,3,169,191,162,146];True
1361;7574;8935;[34,4,144,70,19,87,121,178,161,102,145,84,77,112,93,147,66,157,103,116,65,124,168,31,142,117,167,61,45,32,196,35,78,128,42,57,197,131,29,126,143,160,91,1,150,105,180,41,36,46,140,92,82,23,97,187,175,12,22,26,176,193,109,20,67,166,38,139,63,118,48,194,182,198,174,184,115,125,188,72,163,25,51,50,190,10,130,113,156,74,44,138,37,94,173,40,2,110,81,153,101,100,30,134,148,11,189,58,158,43,7,0,62,68,123,6,137,60,54,151,119,96,39,107,18,14,13,111,52,89,75,80,71,108,53,183,69,159,164,90,28,155,73,99,106,136,132,152,49,170,172,86,76,133,85,104,17,8,16,56,21,135,192,55,15,9,33,154,122,179,165,185,127,47,171,141,98,114,64,79,177,27,88,5,186,199,83,59,129,24,95,149,195,181,120,3,169,191,162,146];False
1341;7621;8962;[34,4,144,70,19,87,121,178,161,102,145,84,77,112,93,147,66,157,103,116,65,124,168,31,142,117,167,61,45,32,196,35,78,128,42,57,197,131,29,126,143,160,91,1,150,105,180,41,36,46,140,92,82,23,97,187,175,12,22,26,176,193,109,20,67,166,38,139,63,118,48,194,182,198,174,184,115,125,188,72,163,25,51,50,190,195,130,113,156,53,44,138,37,94,173,40,2,110,81,153,101,100,30,134,148,11,189,58,158,43,7,0,62,68,123,6,137,60,54,151,119,96,39,107,18,14,13,111,52,89,75,80,71,108,74,183,69,159,164,90,28,155,73,99,106,136,132,152,49,170,172,86,76,133,85,104,17,8,16,56,21,135,192,55,15,9,33,154,122,179,165,185,127,47,171,141,98,114,64,79,177,27,88,5,186,199,83,59,129,24,95,149,10,181,120,3,169,191,162,146];True
1298;7815;9113;[146,4,144,70,19,87,121,178,161,102,145,84,77,112,93,147,66,157,103,116,65,124,168,31,142,117,167,61,45,32,196,35,78,128,42,57,197,131,29,126,143,160,91,1,150,105,180,41,36,46,140,92,82,23,97,187,123,12,22,26,176,193,109,20,67,166,38,139,63,118,48,194,182,198,15,184,115,55,188,72,163,25,51,50,190,195,130,113,156,74,44,138,37,94,173,40,2,110,81,153,101,100,30,134,148,11,189,58,158,43,7,0,62,68,175,6,137,60,54,151,119,96,39,107,18,14,13,111,52,89,75,80,71,108,53,183,69,159,164,90,28,155,73,99,106,136,132,152,49,170,172,86,76,133,85,104,17,8,16,56,21,135,192,125,174,9,33,154,122,179,165,185,127,47,171,141,98,114,64,79,177,27,88,5,186,199,83,59,129,24,95,149,10,181,120,3,169,191,162,34];False
1299;7780;9079;[146,4,144,70,19,87,121,178,161,102,145,84,77,112,93,147,66,157,103,116,65,124,168,31,142,117,167,61,45,32,196,35,78,128,42,57,197,131,29,126,143,160,91,1,150,105,180,41,36,46,140,92,82,23,97,187,123,12,22,26,176,193,109,20,67,166,38,139,63,118,48,194,182,198,174,184,115,55,188,72,163,25,51,50,190,195,130,113,156,53,44,138,37,94,173,40,2,110,81,153,101,100,30,134,148,11,189,58,158,43,7,0,62,68,175,6,137,60,54,151,119,96,39,107,18,14,13,111,52,89,75,80,71,108,74,183,69,159,164,90,28,155,73,99,106,136,132,152,49,170,172,86,76,133,85,104,17,8,16,56,21,135,192,125,15,9,33,154,122,179,165,185,127,47,171,141,98,114,64,79,177,27,88,5,186,199,83,59,129,24,95,149,10,181,120,3,169,191,162,34];False
1297;7773;9070;[146,4,144,70,19,87,121,178,161,102,145,84,77,112,93,147,66,157,103,116,65,124,168,31,142,117,167,61,45,32,196,35,78,128,42,57,197,131,29,126,143,160,91,1,150,105,180,41,36,46,140,92,82,23,97,187,123,12,22,26,176,193,109,20,67,166,38,139,63,118,48,194,182,198,174,184,115,55,188,72,163,25,51,50,190,195,130,113,156,74,44,138,37,94,173,40,2,110,81,153,101,100,30,134,148,11,189,58,158,43,7,0,62,68,175,165,137,60,54,151,119,96,39,107,18,14,13,111,52,89,75,80,71,108,53,183,69,159,164,90,28,155,73,99,106,136,132,152,49,170,172,86,76,133,85,104,17,8,16,56,21,135,192,125,15,9,33,154,122,179,6,185,127,47,171,141,98,114,64,79,177,27,88,5,186,199,83,59,129,24,95,149,10,181,120,3,169,191,162,34];True
1288;7845;9133;[146,4,144,70,19,87,121,178,161,102,145,84,77,112,93,147,66,157,103,116,65,124,168,31,142,117,167,61,45,32,196,35,78,128,42,57,197,131,29,126,143,160,91,1,150,105,180,41,36,46,140,92,82,23,97,187,123,12,22,26,176,193,109,20,67,166,38,139,63,118,48,194,182,198,174,184,115,55,188,72,163,25,51,50,190,195,130,113,156,74,44,138,37,94,173,40,2,110,81,153,101,100,30,134,148,11,189,58,158,43,7,0,62,68,175,6,137,60,54,151,119,34,39,107,18,14,13,111,52,89,75,80,71,108,53,183,69,159,164,90,28,155,73,99,106,136,132,152,49,170,172,86,76,133,85,104,17,8,16,56,21,135,192,125,15,9,33,154,122,179,165,185,127,47,171,141,98,114,64,79,177,27,88,5,186,199,83,59,129,24,95,149,10,181,120,3,169,191,162,96];True
1294;7825;9119;[146,4,144,70,19,87,121,178,161,102,145,84,77,112,93,147,66,157,103,116,65,124,168,31,142,117,167,61,45,32,196,35,78,128,42,57,197,131,29,126,143,160,91,1,150,105,180,41,36,46,140,92,82,23,97,187,123,12,22,26,176,193,109,20,67,166,38,139,63,118,48,194,182,198,174,184,115,55,188,72,163,25,51,50,190,195,130,113,156,74,44,138,37,94,173,40,2,110,81,153,101,100,30,134,148,11,189,58,158,43,7,0,62,68,175,6,137,60,54,151,119,96,39,107,18,14,13,111,52,89,75,80,71,108,53,183,69,159,90,164,28,155,73,99,106,136,132,152,49,170,172,86,76,133,85,104,17,8,16,56,21,135,192,125,15,9,33,154,122,179,165,185,127,47,171,141,98,114,64,79,177,27,88,5,186,199,83,59,129,24,95,149,10,181,120,3,169,191,162,34];False
1325;7675;9000;[34,4,144,70,19,87,121,178,161,102,145,84,77,112,93,147,66,157,103,116,65,124,168,31,142,117,167,61,45,32,196,35,78,128,42,57,197,131,29,126,143,160,91,1,150,105,180,41,36,46,140,92,82,23,97,187,172,12,22,26,176,193,109,20,67,166,38,139,63,118,48,194,182,198,174,184,115,125,188,72,163,25,51,50,190,195,130,113,156,74,44,138,37,94,173,40,2,110,81,153,101,100,30,134,148,11,189,58,158,43,7,0,62,68,175,6,137,60,54,151,119,96,39,107,18,14,13,111,52,89,75,80,71,108,53,183,69,159,164,90,28,155,73,99,106,136,132,152,49,170,123,86,76,133,85,104,17,8,16,56,21,135,192,55,15,9,33,154,122,179,165,185,127,47,171,141,98,114,64,79,177,27,88,5,186,199,83,59,129,24,95,149,10,181,120,3,169,191,162,146];False
1315;7700;9015;[34,4,144,70,19,87,121,178,161,102,145,84,77,112,93,147,66,157,103,116,65,124,168,31,142,117,167,61,45,32,196,35,78,128,42,57,197,131,29,126,143,160,91,1,150,105,180,41,36,46,140,92,82,23,97,187,172,12,22,26,176,193,109,20,67,166,38,139,63,118,48,194,182,198,174,184,115,55,188,72,163,25,51,50,190,195,130,113,156,53,44,138,37,94,173,40,2,110,81,153,101,100,30,134,148,11,189,58,158,43,7,0,62,68,175,6,137,60,54,151,119,96,39,107,18,14,13,111,52,89,75,80,71,108,74,183,69,159,164,90,28,155,73,99,106,136,132,152,49,170,123,86,76,133,85,104,17,8,16,56,21,135,192,125,15,9,33,154,122,179,165,185,127,47,171,141,98,114,64,79,177,27,88,5,186,199,83,59,129,24,95,149,10,181,120,3,169,191,162,146];False
1313;7693;9006;[34,4,144,70,19,87,121,178,161,102,145,84,77,112,93,147,66,157,103,116,65,124,168,31,142,117,167,61,45,32,196,35,78,128,42,57,197,131,29,126,143,160,91,1,150,105,180,41,36,46,140,92,82,23,97,187,172,12,22,26,176,193,109,20,67,166,38,139,63,118,48,194,182,198,174,184,115,55,188,72,163,25,51,50,190,195,130,113,156,74,44,138,37,94,173,40,2,110,81,153,101,100,30,134,148,11,189,58,158,43,7,0,62,68,175,165,137,60,54,151,119,96,39,107,18,14,13,111,52,89,75,80,71,108,53,183,69,159,164,90,28,155,73,99,106,136,132,152,49,170,123,86,76,133,85,104,17,8,16,56,21,135,192,125,15,9,33,154,122,179,6,185,127,47,171,141,98,114,64,79,177,27,88,5,186,199,83,59,129,24,95,149,10,181,120,3,169,191,162,146];True
1302;7764;9066;[34,4,144,70,19,87,121,178,161,102,145,84,77,112,93,147,66,157,103,116,65,124,168,31,142,117,167,61,45,32,196,35,78,128,42,57,197,131,29,126,143,160,91,1,150,105,180,41,36,46,140,92,82,23,97,187,123,12,22,26,176,193,109,20,67,166,38,139,63,118,48,194,182,198,15,184,115,55,188,72,163,25,51,50,190,195,130,113,156,74,44,138,37,94,173,40,2,110,81,153,101,100,30,134,148,11,189,58,158,43,7,0,62,68,175,165,137,60,54,151,119,96,39,107,18,14,13,111,52,89,75,80,71,108,53,183,69,159,164,90,28,155,73,99,106,136,132,152,49,170,172,86,76,133,85,104,17,8,16,56,21,135,192,125,174,9,33,154,122,179,6,185,127,47,171,141,98,114,64,79,177,27,88,5,186,199,83,59,129,24,95,149,10,181,120,3,169,191,162,146];True
1303;7729;9032;[34,4,144,70,19,87,121,178,161,102,145,84,77,112,93,147,66,157,103,116,65,124,168,31,142,117,167,61,45,32,196,35,78,128,42,57,197,131,29,126,143,160,91,1,150,105,180,41,36,46,140,92,82,23,97,187,123,12,22,26,176,193,109,20,67,166,38,139,63,118,48,194,182,198,174,184,115,55,188,72,163,25,51,50,190,195,130,113,156,53,44,138,37,94,173,40,2,110,81,153,101,100,30,134,148,11,189,58,158,43,7,0,62,68,175,165,137,60,54,151,119,96,39,107,18,14,13,111,52,89,75,80,71,108,74,183,69,159,164,90,28,155,73,99,106,136,132,152,49,170,172,86,76,133,85,104,17,8,16,56,21,135,192,125,15,9,33,154,122,179,6,185,127,47,171,141,98,114,64,79,177,27,88,5,186,199,83,59,129,24,95,149,10,181,120,3,169,191,162,146];True
1321;7678;8999;[34,4,144,70,19,87,121,178,161,102,145,84,77,112,93,147,66,157,103,116,65,124,168,31,142,117,167,61,45,188,196,35,78,128,42,57,197,131,29,126,143,160,91,1,150,105,180,41,36,46,140,92,82,23,97,187,123,12,22,26,176,193,109,20,67,166,38,139,63,118,48,194,182,198,174,184,115,125,32,72,163,25,51,50,190,195,130,113,156,74,44,138,37,94,173,40,2,110,81,153,101,100,30,134,148,11,189,58,158,43,7,0,62,68,175,6,137,60,54,151,119,96,39,107,18,14,13,111,52,89,75,80,71,108,53,183,69,159,164,90,28,155,73,99,106,136,132,152,49,170,172,86,76,133,85,104,17,8,16,56,21,135,192,55,15,9,33,154,122,179,165,185,127,47,171,141,98,114,64,79,177,27,88,5,186,199,83,59,129,24,95,149,10,181,120,3,169,191,162,146];True
1366;7549;8915;[34,4,144,70,19,87,121,178,161,102,145,84,77,112,93,147,66,157,103,116,65,124,168,31,142,117,167,61,45,188,196,35,78,128,42,57,197,131,29,126,143,160,91,1,150,105,180,41,36,46,140,92,82,23,97,187,175,12,22,26,176,193,109,20,67,166,38,139,63,118,48,194,182,198,174,184,115,125,32,72,163,25,51,50,190,10,130,113,156,74,44,138,37,94,173,40,2,110,81,153,101,100,30,134,148,11,189,58,158,43,7,0,62,68,123,6,137,60,54,151,119,96,39,107,18,14,13,111,52,89,75,80,71,108,53,183,69,159,164,90,28,155,73,99,106,136,132,152,49,170,172,86,76,133,85,104,17,8,16,56,21,135,192,55,15,9,33,154,122,179,165,185,127,47,171,141,98,114,64,79,177,27,88,5,186,199,83,59,129,24,95,149,195,181,120,3,169,191,162,146];True
1346;7596;8942;[34,4,144,70,19,87,121,178,161,102,145,84,77,112,93,147,66,157,103,116,65,124,168,31,142,117,167,61,45,188,196,35,78,128,42,57,197,131,29,126,143,160,91,1,150,105,180,41,36,46,140,92,82,23,97,187,175,12,22,26,176,193,109,20,67,166,38,139,63,118,48,194,182,198,174,184,115,125,32,72,163,25,51,50,190,195,130,113,156,53,44,138,37,94,173,40,2,110,81,153,101,100,30,134,148,11,189,58,158,43,7,0,62,68,123,6,137,60,54,151,119,96,39,107,18,14,13,111,52,89,75,80,71,108,74,183,69,159,164,90,28,155,73,99,106,136,132,152,49,170,172,86,76,133,85,104,17,8,16,56,21,135,192,55,15,9,33,154,122,179,165,185,127,47,171,141,98,114,64,79,177,27,88,5,186,199,83,59,129,24,95,149,10,181,120,3,169,191,162,146];True
1367;7545;8912;[34,4,144,70,19,87,121,178,161,102,145,84,77,112,93,147,66,157,103,116,65,124,168,31,142,117,167,61,45,32,196,35,78,128,42,57,197,131,29,126,143,160,91,1,150,105,180,41,36,46,140,92,82,23,97,187,175,12,22,26,176,193,109,20,67,166,38,139,63,118,48,194,182,198,174,184,115,125,188,72,163,25,51,50,190,10,130,113,156,74,44,138,37,94,173,40,2,110,81,153,101,100,30,134,148,11,189,58,158,43,7,0,62,68,123,6,137,60,54,151,119,96,39,107,18,14,13,111,52,89,75,80,71,108,53,183,69,159,164,90,28,155,73,99,106,136,132,152,49,170,172,86,76,133,85,104,17,8,16,56,21,135,192,55,15,9,33,154,122,179,195,185,127,47,171,141,98,114,64,79,177,27,88,5,186,199,83,59,129,24,95,149,165,181,120,3,169,191,162,146];True
1295;7816;9111;[146,4,144,70,19,87,121,178,161,102,145,84,77,112,93,147,66,157,103,116,65,124,168,31,142,117,167,61,45,32,196,35,78,128,42,57,197,131,29,126,143,160,91,1,150,105,180,41,36,46,140,92,82,23,97,187,123,12,22,26,176,193,109,20,67,166,38,139,63,118,48,194,182,198,15,184,115,55,188,72,163,25,51,50,190,195,130,113,156,74,44,138,37,94,173,40,2,110,81,153,101,100,30,134,148,11,189,58,158,43,7,0,62,68,175,165,137,60,54,151,119,96,39,107,18,14,13,111,52,89,75,80,71,108,53,183,69,159,164,90,28,155,73,99,106,136,132,152,49,170,172,86,76,133,85,104,17,8,16,56,21,135,192,125,174,9,33,154,122,179,6,185,127,47,171,141,98,114,64,79,177,27,88,5,186,199,83,59,129,24,95,149,10,181,120,3,169,191,162,34];True
1296;7781;9077;[146,4,144,70,19,87,121,178,161,102,145,84,77,112,93,147,66,157,103,116,65,124,168,31,142,117,167,61,45,32,196,35,78,128,42,57,197,131,29,126,143,160,91,1,150,105,180,41,36,46,140,92,82,23,97,187,123,12,22,26,176,193,109,20,67,166,38,139,63,118,48,194,182,198,174,184,115,55,188,72,163,25,51,50,190,195,130,113,156,53,44,138,37,94,173,40,2,110,81,153,101,100,30,134,148,11,189,58,158,43,7,0,62,68,175,165,137,60,54,151,119,96,39,107,18,14,13,111,52,89,75,80,71,108,74,183,69,159,164,90,28,155,73,99,106,136,132,152,49,170,172,86,76,133,85,104,17,8,16,56,21,135,192,125,15,9,33,154,122,179,6,185,127,47,171,141,98,114,64,79,177,27,88,5,186,199,83,59,129,24,95,149,10,181,120,3,169,191,162,34];True
1285;7846;9131;[146,4,144,70,19,87,121,178,161,102,145,84,77,112,93,147,66,157,103,116,65,124,168,31,142,117,167,61,45,32,196,35,78,128,42,57,197,131,29,126,143,160,91,1,150,105,180,41,36,46,140,92,82,23,97,187,123,12,22,26,176,193,109,20,67,166,38,139,63,118,48,194,182,198,174,184,115,55,188,72,163,25,51,50,190,195,130,113,156,74,44,138,37,94,173,40,2,110,81,153,101,100,30,134,148,11,189,58,158,43,7,0,62,68,175,165,137,60,54,151,119,34,39,107,18,14,13,111,52,89,75,80,71,108,53,183,69,159,164,90,28,155,73,99,106,136,132,152,49,170,172,86,76,133,85,104,17,8,16,56,21,135,192,125,15,9,33,154,122,179,6,185,127,47,171,141,98,114,64,79,177,27,88,5,186,199,83,59,129,24,95,149,10,181,120,3,169,191,162,96];True
1291;7826;9117;[146,4,144,70,19,87,121,178,161,102,145,84,77,112,93,147,66,157,103,116,65,124,168,31,142,117,167,61,45,32,196,35,78,128,42,57,197,131,29,126,143,160,91,1,150,105,180,41,36,46,140,92,82,23,97,187,123,12,22,26,176,193,109,20,67,166,38,139,63,118,48,194,182,198,174,184,115,55,188,72,163,25,51,50,190,195,130,113,156,74,44,138,37,94,173,40,2,110,81,153,101,100,30,134,148,11,189,58,158,43,7,0,62,68,175,165,137,60,54,151,119,96,39,107,18,14,13,111,52,89,75,80,71,108,53,183,69,159,90,164,28,155,73,99,106,136,132,152,49,170,172,86,76,133,85,104,17,8,16,56,21,135,192,125,15,9,33,154,122,179,6,185,127,47,171,141,98,114,64,79,177,27,88,5,186,199,83,59,129,24,95,149,10,181,120,3,169,191,162,34];True
1282;7898;9180;[146,4,144,70,19,87,121,178,161,102,145,84,77,112,93,147,66,157,103,116,65,124,168,31,142,117,167,61,45,32,196,35,78,128,42,57,197,131,29,126,143,160,91,1,150,105,180,41,36,46,140,92,82,23,97,187,123,12,22,26,176,193,109,20,67,166,38,139,63,118,48,194,182,198,174,184,115,55,188,72,163,25,51,50,190,195,130,113,156,74,44,138,37,94,173,40,2,110,81,153,101,100,30,134,148,11,189,58,158,43,7,0,62,68,175,6,137,60,54,151,119,34,39,107,18,14,13,111,52,89,75,80,71,108,53,183,69,159,90,164,28,155,73,99,106,136,132,152,49,170,172,86,76,133,85,104,17,8,16,56,21,135,192,125,15,9,33,154,122,179,165,185,127,47,171,141,98,114,64,79,177,27,88,5,186,199,83,59,129,24,95,149,10,181,120,3,169,191,162,96];False
1330;7650;8980;[34,4,144,70,19,87,121,178,161,102,145,84,77,112,93,147,66,157,103,116,65,124,168,31,142,117,167,61,45,188,196,35,78,128,42,57,197,131,29,126,143,160,91,1,150,105,180,41,36,46,140,92,82,23,97,187,172,12,22,26,176,193,109,20,67,166,38,139,63,118,48,194,182,198,174,184,115,125,32,72,163,25,51,50,190,195,130,113,156,74,44,138,37,94,173,40,2,110,81,153,101,100,30,134,148,11,189,58,158,43,7,0,62,68,175,6,137,60,54,151,119,96,39,107,18,14,13,111,52,89,75,80,71,108,53,183,69,159,164,90,28,155,73,99,106,136,132,152,49,170,123,86,76,133,85,104,17,8,16,56,21,135,192,55,15,9,33,154,122,179,165,185,127,47,171,141,98,114,64,79,177,27,88,5,186,199,83,59,129,24,95,149,10,181,120,3,169,191,162,146];True
1322;7676;8998;[34,4,144,70,19,87,121,178,161,102,145,84,77,112,93,147,66,157,103,116,65,124,168,31,142,117,167,61,45,32,196,35,78,128,42,57,197,131,29,126,143,160,91,1,150,105,180,41,36,46,140,92,82,23,97,187,172,12,22,26,176,193,109,20,67,166,38,139,63,118,48,194,182,198,174,184,115,125,188,72,163,25,51,50,190,195,130,113,156,74,44,138,37,94,173,40,2,110,81,153,101,100,30,134,148,11,189,58,158,43,7,0,62,68,175,165,137,60,54,151,119,96,39,107,18,14,13,111,52,89,75,80,71,108,53,183,69,159,164,90,28,155,73,99,106,136,132,152,49,170,123,86,76,133,85,104,17,8,16,56,21,135,192,55,15,9,33,154,122,179,6,185,127,47,171,141,98,114,64,79,177,27,88,5,186,199,83,59,129,24,95,149,10,181,120,3,169,191,162,146];True
1312;7701;9013;[34,4,144,70,19,87,121,178,161,102,145,84,77,112,93,147,66,157,103,116,65,124,168,31,142,117,167,61,45,32,196,35,78,128,42,57,197,131,29,126,143,160,91,1,150,105,180,41,36,46,140,92,82,23,97,187,172,12,22,26,176,193,109,20,67,166,38,139,63,118,48,194,182,198,174,184,115,55,188,72,163,25,51,50,190,195,130,113,156,53,44,138,37,94,173,40,2,110,81,153,101,100,30,134,148,11,189,58,158,43,7,0,62,68,175,165,137,60,54,151,119,96,39,107,18,14,13,111,52,89,75,80,71,108,74,183,69,159,164,90,28,155,73,99,106,136,132,152,49,170,123,86,76,133,85,104,17,8,16,56,21,135,192,125,15,9,33,154,122,179,6,185,127,47,171,141,98,114,64,79,177,27,88,5,186,199,83,59,129,24,95,149,10,181,120,3,169,191,162,146];False
1311;7696;9007;[34,4,144,70,19,87,121,178,161,102,145,84,77,112,93,147,66,157,103,116,65,124,168,31,142,117,167,61,45,32,196,35,78,128,42,57,197,131,29,126,143,160,91,1,150,105,180,41,36,46,140,92,82,23,97,187,172,12,22,26,176,193,109,20,67,166,38,139,63,118,48,194,182,198,174,184,115,55,188,72,163,25,51,50,190,195,130,113,156,74,44,138,37,94,173,40,2,110,81,153,101,100,30,134,148,11,189,58,158,43,7,0,62,68,175,165,137,60,54,151,119,96,39,107,18,14,13,111,52,89,75,80,71,108,53,183,69,159,164,90,28,155,73,99,106,136,132,152,49,170,123,127,76,133,85,104,17,8,16,56,21,135,192,125,15,9,33,154,122,179,6,185,86,47,171,141,98,114,64,79,177,27,88,5,186,199,83,59,129,24,95,149,10,181,120,3,169,191,162,146];True
1318;7679;8997;[34,4,144,70,19,87,121,178,161,102,145,84,77,112,93,147,66,157,103,116,65,124,168,31,142,117,167,61,45,188,196,35,78,128,42,57,197,131,29,126,143,160,91,1,150,105,180,41,36,46,140,92,82,23,97,187,123,12,22,26,176,193,109,20,67,166,38,139,63,118,48,194,182,198,174,184,115,125,32,72,163,25,51,50,190,195,130,113,156,74,44,138,37,94,173,40,2,110,81,153,101,100,30,134,148,11,189,58,158,43,7,0,62,68,175,165,137,60,54,151,119,96,39,107,18,14,13,111,52,89,75,80,71,108,53,183,69,159,164,90,28,155,73,99,106,136,132,152,49,170,172,86,76,133,85,104,17,8,16,56,21,135,192,55,15,9,33,154,122,179,6,185,127,47,171,141,98,114,64,79,177,27,88,5,186,199,83,59,129,24,95,149,10,181,120,3,169,191,162,146];True
1365;7557;8922;[34,4,144,70,19,87,121,178,161,102,145,84,77,112,93,147,66,157,103,116,65,124,168,31,142,117,167,61,45,188,196,35,78,128,42,57,197,131,29,126,143,160,91,1,150,105,180,41,36,46,140,92,82,23,97,187,175,12,22,26,176,193,109,20,67,166,38,139,63,118,48,194,182,198,174,184,115,125,32,72,163,25,51,50,190,10,130,113,156,53,44,138,37,94,173,40,2,110,81,153,101,100,30,134,148,11,189,58,158,43,7,0,62,68,123,6,137,60,54,151,119,96,39,107,18,14,13,111,52,89,75,80,71,108,74,183,69,159,164,90,28,155,73,99,106,136,132,152,49,170,172,86,76,133,85,104,17,8,16,56,21,135,192,55,15,9,33,154,122,179,165,185,127,47,171,141,98,114,64,79,177,27,88,5,186,199,83,59,129,24,95,149,195,181,120,3,169,191,162,146];True
1372;7520;8892;[34,4,144,70,19,87,121,178,161,102,145,84,77,112,93,147,66,157,103,116,65,124,168,31,142,117,167,61,45,188,196,35,78,128,42,57,197,131,29,126,143,160,91,1,150,105,180,41,36,46,140,92,82,23,97,187,175,12,22,26,176,193,109,20,67,166,38,139,63,118,48,194,182,198,174,184,115,125,32,72,163,25,51,50,190,10,130,113,156,74,44,138,37,94,173,40,2,110,81,153,101,100,30,134,148,11,189,58,158,43,7,0,62,68,123,6,137,60,54,151,119,96,39,107,18,14,13,111,52,89,75,80,71,108,53,183,69,159,164,90,28,155,73,99,106,136,132,152,49,170,172,86,76,133,85,104,17,8,16,56,21,135,192,55,15,9,33,154,122,179,195,185,127,47,171,141,98,114,64,79,177,27,88,5,186,199,83,59,129,24,95,149,165,181,120,3,169,191,162,146];True
1358;7562;8920;[34,4,144,70,19,87,121,178,161,102,145,84,77,112,93,147,66,157,103,116,65,124,168,31,142,117,167,61,45,32,196,35,78,128,42,57,197,131,29,126,143,160,91,1,150,105,180,41,36,46,140,92,82,23,97,187,175,12,22,26,176,193,109,20,67,166,38,139,63,118,48,194,182,198,174,184,115,55,188,72,163,25,51,50,190,10,130,113,156,74,44,138,37,94,173,40,2,110,81,153,101,100,30,134,148,11,189,58,158,43,7,0,62,68,123,6,137,60,54,151,119,96,39,107,18,14,13,111,52,89,75,80,71,108,53,183,69,159,164,90,28,155,73,99,106,136,132,152,49,170,172,86,76,133,85,104,17,8,16,56,21,135,192,125,15,9,33,154,122,179,195,185,127,47,171,141,98,114,64,79,177,27,88,5,186,199,83,59,129,24,95,149,165,181,120,3,169,191,162,146];True
1294;7824;9118;[146,4,144,70,19,87,121,178,161,102,145,84,77,112,93,147,66,157,103,116,65,124,168,31,142,117,167,61,45,32,196,35,78,128,42,57,197,131,29,126,143,160,91,1,150,105,180,41,36,46,140,92,82,23,97,187,123,12,22,26,176,193,109,20,67,166,38,139,63,118,48,194,182,198,15,184,115,55,188,72,163,25,51,50,190,195,130,113,156,53,44,138,37,94,173,40,2,110,81,153,101,100,30,134,148,11,189,58,158,43,7,0,62,68,175,165,137,60,54,151,119,96,39,107,18,14,13,111,52,89,75,80,71,108,74,183,69,159,164,90,28,155,73,99,106,136,132,152,49,170,172,86,76,133,85,104,17,8,16,56,21,135,192,125,174,9,33,154,122,179,6,185,127,47,171,141,98,114,64,79,177,27,88,5,186,199,83,59,129,24,95,149,10,181,120,3,169,191,162,34];False
1283;7889;9172;[146,4,144,70,19,87,121,178,161,102,145,84,77,112,93,147,66,157,103,116,65,124,168,31,142,117,167,61,45,32,196,35,78,128,42,57,197,131,29,126,143,160,91,1,150,105,180,41,36,46,140,92,82,23,97,187,123,12,22,26,176,193,109,20,67,166,38,139,63,118,48,194,182,198,15,184,115,55,188,72,163,25,51,50,190,195,130,113,156,74,44,138,37,94,173,40,2,110,81,153,101,100,30,134,148,11,189,58,158,43,7,0,62,68,175,165,137,60,54,151,119,34,39,107,18,14,13,111,52,89,75,80,71,108,53,183,69,159,164,90,28,155,73,99,106,136,132,152,49,170,172,86,76,133,85,104,17,8,16,56,21,135,192,125,174,9,33,154,122,179,6,185,127,47,171,141,98,114,64,79,177,27,88,5,186,199,83,59,129,24,95,149,10,181,120,3,169,191,162,96];True
1284;7854;9138;[146,4,144,70,19,87,121,178,161,102,145,84,77,112,93,147,66,157,103,116,65,124,168,31,142,117,167,61,45,32,196,35,78,128,42,57,197,131,29,126,143,160,91,1,150,105,180,41,36,46,140,92,82,23,97,187,123,12,22,26,176,193,109,20,67,166,38,139,63,118,48,194,182,198,174,184,115,55,188,72,163,25,51,50,190,195,130,113,156,53,44,138,37,94,173,40,2,110,81,153,101,100,30,134,148,11,189,58,158,43,7,0,62,68,175,165,137,60,54,151,119,34,39,107,18,14,13,111,52,89,75,80,71,108,74,183,69,159,164,90,28,155,73,99,106,136,132,152,49,170,172,86,76,133,85,104,17,8,16,56,21,135,192,125,15,9,33,154,122,179,6,185,127,47,171,141,98,114,64,79,177,27,88,5,186,199,83,59,129,24,95,149,10,181,120,3,169,191,162,96];True
1290;7834;9124;[146,4,144,70,19,87,121,178,161,102,145,84,77,112,93,147,66,157,103,116,65,124,168,31,142,117,167,61,45,32,196,35,78,128,42,57,197,131,29,126,143,160,91,1,150,105,180,41,36,46,140,92,82,23,97,187,123,12,22,26,176,193,109,20,67,166,38,139,63,118,48,194,182,198,174,184,115,55,188,72,163,25,51,50,190,195,130,113,156,53,44,138,37,94,173,40,2,110,81,153,101,100,30,134,148,11,189,58,158,43,7,0,62,68,175,165,137,60,54,151,119,96,39,107,18,14,13,111,52,89,75,80,71,108,74,183,69,159,90,164,28,155,73,99,106,136,132,152,49,170,172,86,76,133,85,104,17,8,16,56,21,135,192,125,15,9,33,154,122,179,6,185,127,47,171,141,98,114,64,79,177,27,88,5,186,199,83,59,129,24,95,149,10,181,120,3,169,191,162,34];True
1294;7818;9112;[146,4,144,70,19,87,121,178,161,102,145,84,77,112,93,147,66,157,103,116,65,124,168,31,142,117,167,61,45,32,196,35,78,128,42,57,197,131,29,126,143,160,91,1,150,105,180,41,36,46,140,92,82,23,97,187,172,12,22,26,176,193,109,20,67,166,38,139,63,118,48,194,182,198,174,184,115,55,188,72,163,25,51,50,190,195,130,113,156,74,44,138,37,94,173,40,2,110,81,153,101,100,30,134,148,11,189,58,158,43,7,0,62,68,175,165,137,60,54,151,119,34,39,107,18,14,13,111,52,89,75,80,71,108,53,183,69,159,164,90,28,155,73,99,106,136,132,152,49,170,123,86,76,133,85,104,17,8,16,56,21,135,192,125,15,9,33,154,122,179,6,185,127,47,171,141,98,114,64,79,177,27,88,5,186,199,83,59,129,24,95,149,10,181,120,3,169,191,162,96];True
1279;7899;9178;[146,4,144,70,19,87,121,178,161,102,145,84,77,112,93,147,66,157,103,116,65,124,168,31,142,117,167,61,45,32,196,35,78,128,42,57,197,131,29,126,143,160,91,1,150,105,180,41,36,46,140,92,82,23,97,187,123,12,22,26,176,193,109,20,67,166,38,139,63,118,48,194,182,198,174,184,115,55,188,72,163,25,51,50,190,195,130,113,156,74,44,138,37,94,173,40,2,110,81,153,101,100,30,134,148,11,189,58,158,43,7,0,62,68,175,165,137,60,54,151,119,34,39,107,18,14,13,111,52,89,75,80,71,108,53,183,69,159,90,164,28,155,73,99,106,136,132,152,49,170,172,86,76,133,85,104,17,8,16,56,21,135,192,125,15,9,33,154,122,179,6,185,127,47,171,141,98,114,64,79,177,27,88,5,186,199,83,59,129,24,95,149,10,181,120,3,169,191,162,96];True
1329;7658;8987;[34,4,144,70,19,87,121,178,161,102,145,84,77,112,93,147,66,157,103,116,65,124,168,31,142,117,167,61,45,188,196,35,78,128,42,57,197,131,29,126,143,160,91,1,150,105,180,41,36,46,140,92,82,23,97,187,172,12,22,26,176,193,109,20,67,166,38,139,63,118,48,194,182,198,174,184,115,125,32,72,163,25,51,50,190,195,130,113,156,53,44,138,37,94,173,40,2,110,81,153,101,100,30,134,148,11,189,58,158,43,7,0,62,68,175,6,137,60,54,151,119,96,39,107,18,14,13,111,52,89,75,80,71,108,74,183,69,159,164,90,28,155,73,99,106,136,132,152,49,170,123,86,76,133,85,104,17,8,16,56,21,135,192,55,15,9,33,154,122,179,165,185,127,47,171,141,98,114,64,79,177,27,88,5,186,199,83,59,129,24,95,149,10,181,120,3,169,191,162,146];False
1327;7651;8978;[34,4,144,70,19,87,121,178,161,102,145,84,77,112,93,147,66,157,103,116,65,124,168,31,142,117,167,61,45,188,196,35,78,128,42,57,197,131,29,126,143,160,91,1,150,105,180,41,36,46,140,92,82,23,97,187,172,12,22,26,176,193,109,20,67,166,38,139,63,118,48,194,182,198,174,184,115,125,32,72,163,25,51,50,190,195,130,113,156,74,44,138,37,94,173,40,2,110,81,153,101,100,30,134,148,11,189,58,158,43,7,0,62,68,175,165,137,60,54,151,119,96,39,107,18,14,13,111,52,89,75,80,71,108,53,183,69,159,164,90,28,155,73,99,106,136,132,152,49,170,123,86,76,133,85,104,17,8,16,56,21,135,192,55,15,9,33,154,122,179,6,185,127,47,171,141,98,114,64,79,177,27,88,5,186,199,83,59,129,24,95,149,10,181,120,3,169,191,162,146];True
1310;7704;9014;[34,4,144,70,19,87,121,178,161,102,145,84,77,112,93,147,66,157,103,116,65,124,168,31,142,117,167,61,45,32,196,35,78,128,42,57,197,131,29,126,143,160,91,1,150,105,180,41,36,46,140,92,82,23,97,187,172,12,22,26,176,193,109,20,67,166,38,139,63,118,48,194,182,198,174,184,115,55,188,72,163,25,51,50,190,195,130,113,156,53,44,138,37,94,173,40,2,110,81,153,101,100,30,134,148,11,189,58,158,43,7,0,62,68,175,165,137,60,54,151,119,96,39,107,18,14,13,111,52,89,75,80,71,108,74,183,69,159,164,90,28,155,73,99,106,136,132,152,49,170,123,127,76,133,85,104,17,8,16,56,21,135,192,125,15,9,33,154,122,179,6,185,86,47,171,141,98,114,64,79,177,27,88,5,186,199,83,59,129,24,95,149,10,181,120,3,169,191,162,146];True
1317;7687;9004;[34,4,144,70,19,87,121,178,161,102,145,84,77,112,93,147,66,157,103,116,65,124,168,31,142,117,167,61,45,188,196,35,78,128,42,57,197,131,29,126,143,160,91,1,150,105,180,41,36,46,140,92,82,23,97,187,123,12,22,26,176,193,109,20,67,166,38,139,63,118,48,194,182,198,174,184,115,125,32,72,163,25,51,50,190,195,130,113,156,53,44,138,37,94,173,40,2,110,81,153,101,100,30,134,148,11,189,58,158,43,7,0,62,68,175,165,137,60,54,151,119,96,39,107,18,14,13,111,52,89,75,80,71,108,74,183,69,159,164,90,28,155,73,99,106,136,132,152,49,170,172,86,76,133,85,104,17,8,16,56,21,135,192,55,15,9,33,154,122,179,6,185,127,47,171,141,98,114,64,79,177,27,88,5,186,199,83,59,129,24,95,149,10,181,120,3,169,191,162,146];True
1371;7528;8899;[34,4,144,70,19,87,121,178,161,102,145,84,77,112,93,147,66,157,103,116,65,124,168,31,142,117,167,61,45,188,196,35,78,128,42,57,197,131,29,126,143,160,91,1,150,105,180,41,36,46,140,92,82,23,97,187,175,12,22,26,176,193,109,20,67,166,38,139,63,118,48,194,182,198,174,184,115,125,32,72,163,25,51,50,190,10,130,113,156,53,44,138,37,94,173,40,2,110,81,153,101,100,30,134,148,11,189,58,158,43,7,0,62,68,123,6,137,60,54,151,119,96,39,107,18,14,13,111,52,89,75,80,71,108,74,183,69,159,164,90,28,155,73,99,106,136,132,152,49,170,172,86,76,133,85,104,17,8,16,56,21,135,192,55,15,9,33,154,122,179,195,185,127,47,171,141,98,114,64,79,177,27,88,5,186,199,83,59,129,24,95,149,165,181,120,3,169,191,162,146];True
1357;7570;8927;[34,4,144,70,19,87,121,178,161,102,145,84,77,112,93,147,66,157,103,116,65,124,168,31,142,117,167,61,45,32,196,35,78,128,42,57,197,131,29,126,143,160,91,1,150,105,180,41,36,46,140,92,82,23,97,187,175,12,22,26,176,193,109,20,67,166,38,139,63,118,48,194,182,198,174,184,115,55,188,72,163,25,51,50,190,10,130,113,156,53,44,138,37,94,173,40,2,110,81,153,101,100,30,134,148,11,189,58,158,43,7,0,62,68,123,6,137,60,54,151,119,96,39,107,18,14,13,111,52,89,75,80,71,108,74,183,69,159,164,90,28,155,73,99,106,136,132,152,49,170,172,86,76,133,85,104,17,8,16,56,21,135,192,125,15,9,33,154,122,179,195,185,127,47,171,141,98,114,64,79,177,27,88,5,186,199,83,59,129,24,95,149,165,181,120,3,169,191,162,146];True
1282;7897;9179;[146,4,144,70,19,87,121,178,161,102,145,84,77,112,93,147,66,157,103,116,65,124,168,31,142,117,167,61,45,32,196,35,78,128,42,57,197,131,29,126,143,160,91,1,150,105,180,41,36,46,140,92,82,23,97,187,123,12,22,26,176,193,109,20,67,166,38,139,63,118,48,194,182,198,15,184,115,55,188,72,163,25,51,50,190,195,130,113,156,53,44,138,37,94,173,40,2,110,81,153,101,100,30,134,148,11,189,58,158,43,7,0,62,68,175,165,137,60,54,151,119,34,39,107,18,14,13,111,52,89,75,80,71,108,74,183,69,159,164,90,28,155,73,99,106,136,132,152,49,170,172,86,76,133,85,104,17,8,16,56,21,135,192,125,174,9,33,154,122,179,6,185,127,47,171,141,98,114,64,79,177,27,88,5,186,199,83,59,129,24,95,149,10,181,120,3,169,191,162,96];True
1277;7942;9219;[146,4,144,70,19,87,121,178,161,102,145,84,77,112,93,147,66,157,103,116,65,124,168,31,142,117,167,61,45,32,196,35,78,128,42,57,197,131,29,126,143,160,91,1,150,105,180,41,36,46,140,92,82,23,97,187,123,12,22,26,176,193,109,20,67,166,38,139,63,118,48,194,182,198,15,184,115,55,188,72,163,25,51,50,190,195,130,113,156,74,44,138,37,94,173,40,2,110,81,153,101,100,30,134,148,11,189,58,158,43,7,0,62,68,175,165,137,60,54,151,119,34,39,107,18,14,13,111,52,89,75,80,71,108,53,183,69,159,90,164,28,155,73,99,106,136,132,152,49,170,172,86,76,133,85,104,17,8,16,56,21,135,192,125,174,9,33,154,122,179,6,185,127,47,171,141,98,114,64,79,177,27,88,5,186,199,83,59,129,24,95,149,10,181,120,3,169,191,162,96];True
1278;7907;9185;[146,4,144,70,19,87,121,178,161,102,145,84,77,112,93,147,66,157,103,116,65,124,168,31,142,117,167,61,45,32,196,35,78,128,42,57,197,131,29,126,143,160,91,1,150,105,180,41,36,46,140,92,82,23,97,187,123,12,22,26,176,193,109,20,67,166,38,139,63,118,48,194,182,198,174,184,115,55,188,72,163,25,51,50,190,195,130,113,156,53,44,138,37,94,173,40,2,110,81,153,101,100,30,134,148,11,189,58,158,43,7,0,62,68,175,165,137,60,54,151,119,34,39,107,18,14,13,111,52,89,75,80,71,108,74,183,69,159,90,164,28,155,73,99,106,136,132,152,49,170,172,86,76,133,85,104,17,8,16,56,21,135,192,125,15,9,33,154,122,179,6,185,127,47,171,141,98,114,64,79,177,27,88,5,186,199,83,59,129,24,95,149,10,181,120,3,169,191,162,96];True
1292;7821;9113;[146,4,144,70,19,87,121,178,161,102,145,84,77,112,93,147,66,157,103,116,65,124,168,31,142,117,167,61,45,32,196,35,78,128,42,57,197,131,29,126,143,160,91,1,150,105,180,41,36,46,140,92,82,23,97,187,172,12,22,26,176,193,109,20,67,166,38,139,63,118,48,194,182,198,174,184,115,55,188,72,163,25,51,50,190,195,130,113,156,74,44,138,37,94,173,40,2,110,81,153,101,100,30,134,148,11,189,58,158,43,7,0,62,68,175,165,137,60,54,151,119,34,39,107,18,14,13,111,52,89,75,80,71,108,53,183,69,159,164,90,28,155,73,99,106,136,132,152,49,170,123,127,76,133,85,104,17,8,16,56,21,135,192,125,15,9,33,154,122,179,6,185,86,47,171,141,98,114,64,79,177,27,88,5,186,199,83,59,129,24,95,149,10,181,120,3,169,191,162,96];True
1326;7659;8985;[34,4,144,70,19,87,121,178,161,102,145,84,77,112,93,147,66,157,103,116,65,124,168,31,142,117,167,61,45,188,196,35,78,128,42,57,197,131,29,126,143,160,91,1,150,105,180,41,36,46,140,92,82,23,97,187,172,12,22,26,176,193,109,20,67,166,38,139,63,118,48,194,182,198,174,184,115,125,32,72,163,25,51,50,190,195,130,113,156,53,44,138,37,94,173,40,2,110,81,153,101,100,30,134,148,11,189,58,158,43,7,0,62,68,175,165,137,60,54,151,119,96,39,107,18,14,13,111,52,89,75,80,71,108,74,183,69,159,164,90,28,155,73,99,106,136,132,152,49,170,123,86,76,133,85,104,17,8,16,56,21,135,192,55,15,9,33,154,122,179,6,185,127,47,171,141,98,114,64,79,177,27,88,5,186,199,83,59,129,24,95,149,10,181,120,3,169,191,162,146];False
1325;7654;8979;[34,4,144,70,19,87,121,178,161,102,145,84,77,112,93,147,66,157,103,116,65,124,168,31,142,117,167,61,45,188,196,35,78,128,42,57,197,131,29,126,143,160,91,1,150,105,180,41,36,46,140,92,82,23,97,187,172,12,22,26,176,193,109,20,67,166,38,139,63,118,48,194,182,198,174,184,115,125,32,72,163,25,51,50,190,195,130,113,156,74,44,138,37,94,173,40,2,110,81,153,101,100,30,134,148,11,189,58,158,43,7,0,62,68,175,165,137,60,54,151,119,96,39,107,18,14,13,111,52,89,75,80,71,108,53,183,69,159,164,90,28,155,73,99,106,136,132,152,49,170,123,127,76,133,85,104,17,8,16,56,21,135,192,55,15,9,33,154,122,179,6,185,86,47,171,141,98,114,64,79,177,27,88,5,186,199,83,59,129,24,95,149,10,181,120,3,169,191,162,146];True
1276;7950;9226;[146,4,144,70,19,87,121,178,161,102,145,84,77,112,93,147,66,157,103,116,65,124,168,31,142,117,167,61,45,32,196,35,78,128,42,57,197,131,29,126,143,160,91,1,150,105,180,41,36,46,140,92,82,23,97,187,123,12,22,26,176,193,109,20,67,166,38,139,63,118,48,194,182,198,15,184,115,55,188,72,163,25,51,50,190,195,130,113,156,53,44,138,37,94,173,40,2,110,81,153,101,100,30,134,148,11,189,58,158,43,7,0,62,68,175,165,137,60,54,151,119,34,39,107,18,14,13,111,52,89,75,80,71,108,74,183,69,159,90,164,28,155,73,99,106,136,132,152,49,170,172,86,76,133,85,104,17,8,16,56,21,135,192,125,174,9,33,154,122,179,6,185,127,47,171,141,98,114,64,79,177,27,88,5,186,199,83,59,129,24,95,149,10,181,120,3,169,191,162,96];True
1324;7662;8986;[34,4,144,70,19,87,121,178,161,102,145,84,77,112,93,147,66,157,103,116,65,124,168,31,142,117,167,61,45,188,196,35,78,128,42,57,197,131,29,126,143,160,91,1,150,105,180,41,36,46,140,92,82,23,97,187,172,12,22,26,176,193,109,20,67,166,38,139,63,118,48,194,182,198,174,184,115,125,32,72,163,25,51,50,190,195,130,113,156,53,44,138,37,94,173,40,2,110,81,153,101,100,30,134,148,11,189,58,158,43,7,0,62,68,175,165,137,60,54,151,119,96,39,107,18,14,13,111,52,89,75,80,71,108,74,183,69,159,164,90,28,155,73,99,106,136,132,152,49,170,123,127,76,133,85,104,17,8,16,56,21,135,192,55,15,9,33,154,122,179,6,185,86,47,171,141,98,114,64,79,177,27,88,5,186,199,83,59,129,24,95,149,10,181,120,3,169,191,162,146];True
2014;7080;9094;[34,4,144,70,19,87,121,178,102,132,130,84,77,112,93,147,66,157,103,105,74,188,168,31,142,117,167,61,45,138,41,49,78,128,42,101,197,125,145,126,143,160,91,1,150,124,180,196,36,46,140,73,82,23,189,195,175,12,22,26,176,193,109,20,67,166,38,139,63,118,48,194,29,198,174,184,35,161,32,72,163,25,51,50,190,10,0,113,156,71,44,65,37,94,173,18,131,110,81,153,80,100,30,134,148,11,97,58,158,43,7,122,181,68,123,6,137,86,76,151,119,187,39,107,55,14,13,111,52,89,75,182,116,162,53,183,69,159,164,90,28,155,21,99,106,136,115,152,2,170,172,60,54,133,85,104,17,8,16,56,92,108,192,40,15,9,33,154,5,177,27,185,127,96,171,141,98,114,64,79,179,47,88,57,186,199,83,59,129,24,95,149,165,62,120,3,169,191,135,146];False
1964;7091;9055;[34,4,144,70,19,87,121,178,102,132,130,84,77,112,93,147,66,157,103,105,74,188,168,31,142,117,167,61,45,138,41,49,78,128,42,101,197,125,145,126,143,160,91,1,150,124,180,196,36,46,140,92,82,23,189,195,175,12,22,26,176,193,109,20,67,166,38,139,63,118,48,194,29,198,174,184,35,170,32,72,163,25,51,50,190,10,0,113,156,71,44,65,37,94,173,18,131,110,81,153,80,100,30,134,148,11,97,58,158,43,7,122,181,68,123,6,137,86,76,151,119,187,39,107,55,14,13,111,52,89,75,182,116,162,53,183,69,159,164,90,28,155,73,99,106,136,115,152,2,169,172,60,54,133,85,104,17,8,16,56,21,108,192,40,15,9,33,154,5,177,27,185,127,96,171,141,98,114,64,79,179,47,88,57,186,199,83,59,129,24,95,149,165,62,120,3,161,191,135,146];True
2081;7058;9139;[34,4,144,70,19,87,121,178,102,132,130,84,77,112,93,147,66,157,103,105,74,188,168,31,142,117,167,61,45,138,41,49,78,128,42,122,197,125,145,126,143,160,91,1,150,124,180,196,36,46,140,73,82,23,189,195,175,12,22,26,176,193,109,20,67,166,38,139,63,118,48,194,29,198,174,184,35,161,32,72,163,25,51,50,190,10,0,113,156,71,44,65,37,94,173,18,131,110,81,153,80,100,30,134,148,11,97,58,158,43,7,101,181,68,123,6,137,86,76,151,119,187,39,107,55,14,13,111,52,89,75,182,116,162,53,183,69,159,164,90,28,155,21,99,106,136,115,152,2,170,172,60,54,133,85,104,17,8,16,56,92,108,192,40,15,9,33,154,5,177,27,185,127,96,171,141,98,114,64,79,179,47,88,57,186,199,83,59,129,24,95,149,165,62,120,3,169,191,135,146];False
2031;7069;9100;[34,4,144,70,19,87,121,178,102,132,130,84,77,112,93,147,66,157,103,105,74,188,168,31,142,117,167,61,45,138,41,49,78,128,42,122,197,125,145,126,143,160,91,1,150,124,180,196,36,46,140,92,82,23,189,195,175,12,22,26,176,193,109,20,67,166,38,139,63,118,48,194,29,198,174,184,35,170,32,72,163,25,51,50,190,10,0,113,156,71,44,65,37,94,173,18,131,110,81,153,80,100,30,134,148,11,97,58,158,43,7,101,181,68,123,6,137,86,76,151,119,187,39,107,55,14,13,111,52,89,75,182,116,162,53,183,69,159,164,90,28,155,73,99,106,136,115,152,2,169,172,60,54,133,85,104,17,8,16,56,21,108,192,40,15,9,33,154,5,177,27,185,127,96,171,141,98,114,64,79,179,47,88,57,186,199,83,59,129,24,95,149,165,62,120,3,161,191,135,146];False
2008;7080;9088;[34,4,144,70,19,87,121,178,102,132,130,84,77,112,93,147,66,157,103,105,74,188,168,31,142,117,167,61,45,138,41,49,78,128,42,101,197,125,145,126,143,160,91,1,150,124,180,196,36,46,140,92,82,23,189,195,175,12,22,26,176,193,109,20,67,166,38,139,63,118,48,194,29,198,174,184,35,170,32,72,163,25,51,50,190,10,0,113,156,71,44,65,37,94,173,18,131,110,81,153,80,100,30,134,119,11,97,58,158,43,7,122,181,68,123,6,137,86,76,151,148,187,39,107,55,14,13,111,52,89,75,182,116,162,53,183,69,159,164,90,28,155,73,99,106,136,115,152,2,169,172,60,54,133,85,104,17,8,16,56,21,108,192,40,15,9,33,154,5,177,27,185,127,96,171,141,98,114,64,79,179,47,88,57,186,199,83,59,129,24,95,149,165,62,120,3,161,191,135,146];False
2110;7052;9162;[34,4,144,70,19,87,121,178,102,132,130,84,77,112,93,147,66,157,103,105,74,188,168,31,142,117,113,61,45,138,41,49,78,128,42,122,197,125,145,126,143,160,91,1,150,124,180,196,36,46,140,73,82,23,189,195,175,12,22,26,176,193,109,20,67,166,38,139,63,118,48,194,29,198,174,184,35,161,32,72,163,25,51,50,190,10,0,167,156,71,44,65,37,94,173,18,131,110,81,153,80,100,30,134,148,11,97,58,158,43,7,101,181,68,123,6,137,86,76,151,119,187,39,107,55,14,13,111,52,89,75,182,116,162,53,183,69,159,164,90,28,155,21,99,106,136,115,152,2,170,172,60,54,133,85,104,17,8,16,56,92,108,192,40,15,9,33,154,5,177,27,185,127,96,171,141,98,114,64,79,179,47,88,57,186,199,83,59,129,24,95,149,165,62,120,3,169,191,135,146];False
2125;7047;9172;[34,4,144,70,19,87,121,178,102,132,130,84,77,112,93,147,66,157,103,105,74,188,168,31,142,117,167,61,45,138,41,49,78,128,42,122,197,125,145,126,143,160,91,1,150,124,180,196,36,46,140,73,82,23,189,195,175,12,22,26,176,193,109,20,67,166,38,139,63,118,48,194,29,198,174,184,35,161,32,72,163,25,51,50,190,10,0,113,156,71,44,65,37,94,173,18,131,110,81,153,80,100,30,134,119,11,97,58,158,43,7,101,181,68,123,6,137,86,76,151,148,187,39,107,55,14,13,111,52,89,75,182,116,162,53,183,69,159,164,90,28,155,21,99,106,136,115,152,2,170,172,60,54,133,85,104,17,8,16,56,92,108,192,40,15,9,33,154,5,177,27,185,127,96,171,141,98,114,64,79,179,47,88,57,186,199,83,59,129,24,95,149,165,62,120,3,169,191,135,146];False
2111;7051;9162;[34,4,144,70,19,87,121,178,102,132,130,84,77,112,93,147,66,157,103,105,74,188,168,31,142,117,167,61,45,138,41,49,78,128,42,122,197,125,145,126,143,160,91,1,150,124,180,196,36,46,140,73,82,23,189,195,175,12,22,26,176,193,109,20,67,166,38,139,63,118,48,194,29,198,174,184,35,161,32,72,163,25,51,50,190,10,0,113,156,71,44,65,37,94,173,18,131,110,81,153,80,100,30,134,148,11,97,58,158,43,7,101,181,68,123,6,137,86,76,151,119,187,39,107,55,14,13,111,52,89,75,182,116,162,53,183,69,159,164,90,28,155,21,99,106,136,115,2,152,170,172,60,54,133,85,104,17,8,16,56,92,108,192,40,15,9,33,154,5,177,27,185,127,96,171,141,98,114,64,79,179,47,88,57,186,199,83,59,129,24,95,149,165,62,120,3,169,191,135,146];False
2060;7063;9123;[34,4,144,70,19,87,121,178,102,132,130,84,77,112,93,147,66,157,103,105,74,188,168,31,142,117,113,61,45,138,41,49,78,128,42,122,197,125,145,126,143,160,91,1,150,124,180,196,36,46,140,92,82,23,189,195,175,12,22,26,176,193,109,20,67,166,38,139,63,118,48,194,29,198,174,184,35,170,32,72,163,25,51,50,190,10,0,167,156,71,44,65,37,94,173,18,131,110,81,153,80,100,30,134,148,11,97,58,158,43,7,101,181,68,123,6,137,86,76,151,119,187,39,107,55,14,13,111,52,89,75,182,116,162,53,183,69,159,164,90,28,155,73,99,106,136,115,152,2,169,172,60,54,133,85,104,17,8,16,56,21,108,192,40,15,9,33,154,5,177,27,185,127,96,171,141,98,114,64,79,179,47,88,57,186,199,83,59,129,24,95,149,165,62,120,3,161,191,135,146];False
2075;7058;9133;[34,4,144,70,19,87,121,178,102,132,130,84,77,112,93,147,66,157,103,105,74,188,168,31,142,117,167,61,45,138,41,49,78,128,42,122,197,125,145,126,143,160,91,1,150,124,180,196,36,46,140,92,82,23,189,195,175,12,22,26,176,193,109,20,67,166,38,139,63,118,48,194,29,198,174,184,35,170,32,72,163,25,51,50,190,10,0,113,156,71,44,65,37,94,173,18,131,110,81,153,80,100,30,134,119,11,97,58,158,43,7,101,181,68,123,6,137,86,76,151,148,187,39,107,55,14,13,111,52,89,75,182,116,162,53,183,69,159,164,90,28,155,73,99,106,136,115,152,2,169,172,60,54,133,85,104,17,8,16,56,21,108,192,40,15,9,33,154,5,177,27,185,127,96,171,141,98,114,64,79,179,47,88,57,186,199,83,59,129,24,95,149,165,62,120,3,161,191,135,146];False
2140;7045;9185;[34,4,144,70,19,87,121,178,102,132,130,84,77,112,93,147,66,157,103,105,74,188,168,31,142,117,113,61,45,138,41,49,78,128,42,122,197,125,145,126,143,160,91,1,150,124,180,196,36,46,140,73,82,23,189,195,175,12,22,26,176,193,109,20,67,166,38,139,63,118,48,194,29,198,174,184,35,161,32,72,163,25,51,50,190,10,0,167,156,71,44,65,37,94,173,18,131,110,81,153,80,100,30,134,148,11,97,58,158,43,7,101,181,68,123,6,137,86,76,151,119,187,39,107,55,14,13,111,52,89,75,182,116,162,53,183,69,159,164,90,28,155,21,99,106,136,115,2,152,170,172,60,54,133,85,104,17,8,16,56,92,108,192,40,15,9,33,154,5,177,27,185,127,96,171,141,98,114,64,79,179,47,88,57,186,199,83,59,129,24,95,149,165,62,120,3,169,191,135,146];False
2063;7060;9123;[34,4,144,70,19,87,121,178,102,132,130,84,77,112,93,147,66,157,103,105,74,188,168,31,142,117,113,61,45,138,41,49,78,128,42,122,197,125,145,126,143,160,91,1,150,124,180,196,36,46,140,92,82,23,189,195,175,12,22,26,176,193,109,20,67,166,38,139,63,118,48,194,29,198,174,184,35,170,167,72,163,25,51,50,190,10,0,32,156,71,44,65,37,94,173,18,131,110,81,153,80,100,30,134,148,11,97,58,158,43,7,101,181,68,123,6,137,86,76,151,119,187,39,107,55,14,13,111,52,89,75,182,116,162,53,183,69,159,164,90,28,155,73,99,106,136,115,152,2,169,172,60,54,133,85,104,17,8,16,56,21,108,192,40,15,9,33,154,5,177,27,185,127,96,171,141,98,114,64,79,179,47,88,57,186,199,83,59,129,24,95,149,165,62,120,3,161,191,135,146];False
2104;7052;9156;[34,4,144,70,19,87,121,178,102,132,130,84,77,112,93,147,66,157,103,105,74,188,168,31,142,117,113,61,45,138,41,49,78,128,42,122,197,125,145,126,143,160,91,1,150,124,180,196,36,46,140,92,82,23,189,195,175,12,22,26,176,193,109,20,67,166,38,139,63,118,48,194,29,198,174,184,35,170,32,72,163,25,51,50,190,10,0,167,156,71,44,65,37,94,173,18,131,110,81,153,80,100,30,134,119,11,97,58,158,43,7,101,181,68,123,6,137,86,76,151,148,187,39,107,55,14,13,111,52,89,75,182,116,162,53,183,69,159,164,90,28,155,73,99,106,136,115,152,2,169,172,60,54,133,85,104,17,8,16,56,21,108,192,40,15,9,33,154,5,177,27,185,127,96,171,141,98,114,64,79,179,47,88,57,186,199,83,59,129,24,95,149,165,62,120,3,161,191,135,146];False
2053;7058;9111;[34,4,144,70,19,87,121,178,102,132,130,84,77,112,93,147,66,157,103,105,74,188,168,31,142,117,113,61,45,138,41,49,78,128,42,122,197,125,145,126,143,160,91,1,150,124,180,196,36,46,140,92,82,23,189,195,175,12,22,26,167,193,109,20,67,166,38,139,63,118,48,194,29,198,174,184,35,170,176,72,163,25,51,50,190,10,0,32,156,71,44,65,37,94,173,18,131,110,81,153,80,100,30,134,148,11,97,58,158,43,7,101,181,68,123,6,137,86,76,151,119,187,39,107,55,14,13,111,52,89,75,182,116,162,53,183,69,159,164,90,28,155,73,99,106,136,115,152,2,169,172,60,54,133,85,104,17,8,16,56,21,108,192,40,15,9,33,154,5,177,27,185,127,96,171,141,98,114,64,79,179,47,88,57,186,199,83,59,129,24,95,149,165,62,120,3,161,191,135,146];True
2107;7049;9156;[34,4,144,70,19,87,121,178,102,132,130,84,77,112,93,147,66,157,103,105,74,188,168,31,142,117,113,61,45,138,41,49,78,128,42,122,197,125,145,126,143,160,91,1,150,124,180,196,36,46,140,92,82,23,189,195,175,12,22,26,176,193,109,20,67,166,38,139,63,118,48,194,29,198,174,184,35,170,167,72,163,25,51,50,190,10,0,32,156,71,44,65,37,94,173,18,131,110,81,153,80,100,30,134,119,11,97,58,158,43,7,101,181,68,123,6,137,86,76,151,148,187,39,107,55,14,13,111,52,89,75,182,116,162,53,183,69,159,164,90,28,155,73,99,106,136,115,152,2,169,172,60,54,133,85,104,17,8,16,56,21,108,192,40,15,9,33,154,5,177,27,185,127,96,171,141,98,114,64,79,179,47,88,57,186,199,83,59,129,24,95,149,165,62,120,3,161,191,135,146];False
2045;7064;9109;[34,4,144,70,19,26,121,178,102,132,130,84,77,112,93,147,66,157,103,105,74,188,168,31,142,117,113,61,45,138,41,49,78,128,42,122,197,125,145,126,143,160,91,1,150,124,180,196,36,46,140,92,82,23,189,195,175,12,22,87,167,193,109,20,67,166,38,139,63,118,48,194,29,198,174,184,35,170,176,72,163,25,51,50,190,10,0,32,156,71,44,65,37,94,173,18,131,110,81,153,80,100,30,134,148,11,97,58,158,43,7,101,181,68,123,6,137,86,76,151,119,187,39,107,55,14,13,111,52,89,75,182,116,162,53,183,69,159,164,90,28,155,73,99,106,136,115,152,2,169,172,60,54,133,85,104,17,8,16,56,21,108,192,40,15,9,33,154,5,177,27,185,127,96,171,141,98,114,64,79,179,47,88,57,186,199,83,59,129,24,95,149,165,62,120,3,161,191,135,146];True
2086;7057;9143;[34,4,144,70,19,87,121,178,102,119,130,84,77,112,93,147,66,157,103,105,74,188,168,31,142,117,113,61,45,138,41,49,78,128,42,122,197,125,145,126,143,160,91,1,150,124,180,196,36,46,140,92,82,23,189,195,175,12,22,26,167,193,109,20,67,166,38,139,63,118,48,194,29,198,174,184,35,170,176,72,163,25,51,50,190,10,0,32,156,71,44,65,37,94,173,18,131,110,81,153,80,100,30,134,148,11,97,58,158,43,7,101,181,68,123,6,137,86,76,151,132,187,39,107,55,14,13,111,52,89,75,182,116,162,53,183,69,159,164,90,28,155,73,99,106,136,115,152,2,169,172,60,54,133,85,104,17,8,16,56,21,108,192,40,15,9,33,154,5,177,27,185,127,96,171,141,98,114,64,79,179,47,88,57,186,199,83,59,129,24,95,149,165,62,120,3,161,191,135,146];False
2048;7063;9111;[34,4,144,70,19,87,121,178,102,132,130,84,77,112,93,147,66,157,103,105,74,188,168,31,142,117,113,61,45,65,41,49,78,128,42,122,197,125,145,126,143,160,91,1,150,124,180,196,36,46,140,92,82,23,189,195,175,12,22,26,167,193,109,20,67,166,38,139,63,118,48,194,29,198,174,184,35,170,176,72,163,25,51,50,190,10,0,32,156,71,44,138,37,94,173,18,131,110,81,153,80,100,30,134,148,11,97,58,158,43,7,101,181,68,123,6,137,86,76,151,119,187,39,107,55,14,13,111,52,89,75,182,116,162,53,183,69,159,164,90,28,155,73,99,106,136,115,152,2,169,172,60,54,133,85,104,17,8,16,56,21,108,192,40,15,9,33,154,5,177,27,185,127,96,171,141,98,114,64,79,179,47,88,57,186,199,83,59,129,24,95,149,165,62,120,3,161,191,135,146];True
1986;7080;9066;[34,4,144,70,19,87,121,178,102,132,130,84,77,112,93,147,66,157,103,105,74,188,168,31,142,117,113,61,45,138,41,49,78,128,42,101,197,125,145,126,143,160,91,1,150,124,180,196,36,46,140,92,82,23,189,195,175,12,22,26,167,193,109,20,67,166,38,139,63,118,48,194,29,198,174,184,35,170,176,72,163,25,51,50,190,10,0,32,156,71,44,65,37,94,173,18,131,110,81,153,80,100,30,134,148,11,97,58,158,43,7,122,181,68,123,6,137,86,76,151,119,187,39,107,55,14,13,111,52,89,75,182,116,162,53,183,69,159,164,90,28,155,73,99,106,136,115,152,2,169,172,60,54,133,85,104,17,8,16,56,21,108,192,40,15,9,33,154,5,177,27,185,127,96,171,141,98,114,64,79,179,47,88,57,186,199,83,59,129,24,95,149,165,62,120,3,161,191,135,146];True
2094;7052;9146;[34,4,144,70,19,87,121,178,102,132,130,84,77,112,93,147,66,157,103,105,74,188,168,31,142,117,113,61,45,138,41,49,78,128,42,122,197,125,145,126,20,160,91,1,150,124,180,196,36,46,140,92,82,23,189,195,175,12,22,26,167,193,109,143,67,166,38,139,63,118,48,194,29,198,174,184,35,170,176,72,163,25,51,50,190,10,0,32,156,71,44,65,37,94,173,18,131,110,81,153,80,100,30,134,148,11,97,58,158,43,7,101,181,68,123,6,137,86,76,151,119,187,39,107,55,14,13,111,52,89,75,182,116,162,53,183,69,159,164,90,28,155,73,99,106,136,115,152,2,169,172,60,54,133,85,104,17,8,16,56,21,108,192,40,15,9,33,154,5,177,27,185,127,96,171,141,98,114,64,79,179,47,88,57,186,199,83,59,129,24,95,149,165,62,120,3,161,191,135,146];False
2097;7047;9144;[34,4,144,70,19,87,121,178,102,132,130,84,77,112,93,147,66,157,103,105,74,188,168,31,142,117,113,61,45,138,41,49,78,128,42,122,197,125,145,126,143,160,91,1,150,124,180,196,36,46,140,92,82,23,189,195,175,12,22,26,167,193,109,20,67,166,38,139,63,118,48,194,29,198,174,184,35,170,176,72,163,25,51,50,190,10,0,32,156,71,44,65,37,94,173,18,131,110,81,153,80,100,30,134,119,11,97,58,158,43,7,101,181,68,123,6,137,86,76,151,148,187,39,107,55,14,13,111,52,89,75,182,116,162,53,183,69,159,164,90,28,155,73,99,106,136,115,152,2,169,172,60,54,133,85,104,17,8,16,56,21,108,192,40,15,9,33,154,5,177,27,185,127,96,171,141,98,114,64,79,179,47,88,57,186,199,83,59,129,24,95,149,165,62,120,3,161,191,135,146];True
1978;7086;9064;[34,4,144,70,19,26,121,178,102,132,130,84,77,112,93,147,66,157,103,105,74,188,168,31,142,117,113,61,45,138,41,49,78,128,42,101,197,125,145,126,143,160,91,1,150,124,180,196,36,46,140,92,82,23,189,195,175,12,22,87,167,193,109,20,67,166,38,139,63,118,48,194,29,198,174,184,35,170,176,72,163,25,51,50,190,10,0,32,156,71,44,65,37,94,173,18,131,110,81,153,80,100,30,134,148,11,97,58,158,43,7,122,181,68,123,6,137,86,76,151,119,187,39,107,55,14,13,111,52,89,75,182,116,162,53,183,69,159,164,90,28,155,73,99,106,136,115,152,2,169,172,60,54,133,85,104,17,8,16,56,21,108,192,40,15,9,33,154,5,177,27,185,127,96,171,141,98,114,64,79,179,47,88,57,186,199,83,59,129,24,95,149,165,62,120,3,161,191,135,146];True
2089;7053;9142;[34,4,144,70,19,26,121,178,102,132,130,84,77,112,93,147,66,157,103,105,74,188,168,31,142,117,113,61,45,138,41,49,78,128,42,122,197,125,145,126,143,160,91,1,150,124,180,196,36,46,140,92,82,23,189,195,175,12,22,87,167,193,109,20,67,166,38,139,63,118,48,194,29,198,174,184,35,170,176,72,163,25,51,50,190,10,0,32,156,71,44,65,37,94,173,18,131,110,81,153,80,100,30,134,119,11,97,58,158,43,7,101,181,68,123,6,137,86,76,151,148,187,39,107,55,14,13,111,52,89,75,182,116,162,53,183,69,159,164,90,28,155,73,99,106,136,115,152,2,169,172,60,54,133,85,104,17,8,16,56,21,108,192,40,15,9,33,154,5,177,27,185,127,96,171,141,98,114,64,79,179,47,88,57,186,199,83,59,129,24,95,149,165,62,120,3,161,191,135,146];True
1981;7085;9066;[34,4,144,70,19,87,121,178,102,132,130,84,77,112,93,147,66,157,103,105,74,188,168,31,142,117,113,61,45,65,41,49,78,128,42,101,197,125,145,126,143,160,91,1,150,124,180,196,36,46,140,92,82,23,189,195,175,12,22,26,167,193,109,20,67,166,38,139,63,118,48,194,29,198,174,184,35,170,176,72,163,25,51,50,190,10,0,32,156,71,44,138,37,94,173,18,131,110,81,153,80,100,30,134,148,11,97,58,158,43,7,122,181,68,123,6,137,86,76,151,119,187,39,107,55,14,13,111,52,89,75,182,116,162,53,183,69,159,164,90,28,155,73,99,106,136,115,152,2,169,172,60,54,133,85,104,17,8,16,56,21,108,192,40,15,9,33,154,5,177,27,185,127,96,171,141,98,114,64,79,179,47,88,57,186,199,83,59,129,24,95,149,165,62,120,3,161,191,135,146];True
2092;7052;9144;[34,4,144,70,19,87,121,178,102,132,130,84,77,112,93,147,66,157,103,105,74,188,168,31,142,117,113,61,45,65,41,49,78,128,42,122,197,125,145,126,143,160,91,1,150,124,180,196,36,46,140,92,82,23,189,195,175,12,22,26,167,193,109,20,67,166,38,139,63,118,48,194,29,198,174,184,35,170,176,72,163,25,51,50,190,10,0,32,156,71,44,138,37,94,173,18,131,110,81,153,80,100,30,134,119,11,97,58,158,43,7,101,181,68,123,6,137,86,76,151,148,187,39,107,55,14,13,111,52,89,75,182,116,162,53,183,69,159,164,90,28,155,73,99,106,136,115,152,2,169,172,60,54,133,85,104,17,8,16,56,21,108,192,40,15,9,33,154,5,177,27,185,127,96,171,141,98,114,64,79,179,47,88,57,186,199,83,59,129,24,95,149,165,62,120,3,161,191,135,146];True
2030;7069;9099;[34,4,144,70,19,87,121,178,102,132,130,84,77,112,93,147,66,157,103,105,74,188,168,31,142,117,113,61,45,138,41,49,78,128,42,101,197,125,145,126,143,160,91,1,150,124,180,196,36,46,140,92,82,23,189,195,175,12,22,26,167,193,109,20,67,166,38,139,63,118,48,194,29,198,174,184,35,170,176,72,163,25,51,50,190,10,0,32,156,71,44,65,37,94,173,18,131,110,81,153,80,100,30,134,119,11,97,58,158,43,7,122,181,68,123,6,137,86,76,151,148,187,39,107,55,14,13,111,52,89,75,182,116,162,53,183,69,159,164,90,28,155,73,99,106,136,115,152,2,169,172,60,54,133,85,104,17,8,16,56,21,108,192,40,15,9,33,154,5,177,27,185,127,96,171,141,98,114,64,79,179,47,88,57,186,199,83,59,129,24,95,149,165,62,120,3,161,191,135,146];True
2138;7041;9179;[34,4,144,70,19,87,121,178,102,132,130,84,77,112,93,147,66,157,103,105,74,188,168,31,142,117,113,61,45,138,41,49,78,128,42,122,197,125,145,126,20,160,91,1,150,124,180,196,36,46,140,92,82,23,189,195,175,12,22,26,167,193,109,143,67,166,38,139,63,118,48,194,29,198,174,184,35,170,176,72,163,25,51,50,190,10,0,32,156,71,44,65,37,94,173,18,131,110,81,153,80,100,30,134,119,11,97,58,158,43,7,101,181,68,123,6,137,86,76,151,148,187,39,107,55,14,13,111,52,89,75,182,116,162,53,183,69,159,164,90,28,155,73,99,106,136,115,152,2,169,172,60,54,133,85,104,17,8,16,56,21,108,192,40,15,9,33,154,5,177,27,185,127,96,171,141,98,114,64,79,179,47,88,57,186,199,83,59,129,24,95,149,165,62,120,3,161,191,135,146];True
2083;7057;9140;[34,4,144,70,19,87,121,178,102,132,130,84,77,112,93,147,66,157,103,105,74,188,168,31,142,117,113,61,45,138,41,49,78,128,42,122,197,125,145,126,143,160,91,1,150,124,180,196,36,46,140,92,82,23,189,187,175,12,22,26,167,193,109,20,67,166,38,139,63,118,48,194,29,198,174,184,35,170,176,72,163,25,51,50,190,10,0,32,156,71,44,65,37,94,173,18,131,110,81,153,80,100,30,134,119,11,97,58,158,43,7,101,181,68,123,6,137,86,76,151,148,195,39,107,55,14,13,111,52,89,75,182,116,162,53,183,69,159,164,90,28,155,73,99,106,136,115,152,2,169,172,60,54,133,85,104,17,8,16,56,21,108,192,40,15,9,33,154,5,177,27,185,127,96,171,141,98,114,64,79,179,47,88,57,186,199,83,59,129,24,95,149,165,62,120,3,161,191,135,146];True
2133;7046;9179;[34,4,144,70,19,87,121,178,102,132,130,84,77,112,93,147,66,157,103,105,74,188,168,31,142,117,113,61,45,65,41,49,78,128,42,122,197,125,145,126,20,160,91,1,150,124,180,196,36,46,140,92,82,23,189,195,175,12,22,26,167,193,109,143,67,166,38,139,63,118,48,194,29,198,174,184,35,170,176,72,163,25,51,50,190,10,0,32,156,71,44,138,37,94,173,18,131,110,81,153,80,100,30,134,119,11,97,58,158,43,7,101,181,68,123,6,137,86,76,151,148,187,39,107,55,14,13,111,52,89,75,182,116,162,53,183,69,159,164,90,28,155,73,99,106,136,115,152,2,169,172,60,54,133,85,104,17,8,16,56,21,108,192,40,15,9,33,154,5,177,27,185,127,96,171,141,98,114,64,79,179,47,88,57,186,199,83,59,129,24,95,149,165,62,120,3,161,191,135,146];False
2148;7036;9184;[34,4,144,70,19,87,121,178,102,132,130,84,77,112,93,147,66,157,103,105,74,188,168,31,142,117,113,61,45,65,41,49,78,128,42,122,197,125,145,126,20,160,91,1,150,124,180,196,36,46,140,92,143,23,189,195,175,12,22,26,167,193,109,82,67,166,38,139,63,118,48,194,29,198,174,184,35,170,176,72,163,25,51,50,190,10,0,32,156,71,44,138,37,94,173,18,131,110,81,153,80,100,30,134,119,11,97,58,158,43,7,101,181,68,123,6,137,86,76,151,148,187,39,107,55,14,13,111,52,89,75,182,116,162,53,183,69,159,164,90,28,155,73,99,106,136,115,152,2,169,172,60,54,133,85,104,17,8,16,56,21,108,192,40,15,9,33,154,5,177,27,185,127,96,171,141,98,114,64,79,179,47,88,57,186,199,83,59,129,24,95,149,165,62,120,3,161,191,135,146];True
1876;7117;8993;[34,4,144,70,19,87,121,178,102,132,130,84,77,112,93,147,66,157,103,105,74,188,168,31,142,117,113,61,45,138,41,49,78,128,42,101,197,125,145,126,143,160,91,1,150,124,180,196,36,46,140,92,82,23,189,195,167,12,22,26,176,193,109,20,67,166,38,139,63,118,48,194,29,198,174,184,35,161,32,72,163,25,51,50,190,10,0,165,156,71,44,65,37,94,173,18,131,110,81,153,80,100,30,134,148,11,97,58,158,43,7,122,181,68,123,6,137,86,76,151,119,187,39,107,55,14,13,111,52,89,75,182,116,162,53,183,69,159,164,90,28,155,73,99,106,136,115,152,2,170,172,60,54,133,85,104,17,8,16,56,21,108,192,40,15,9,33,154,5,177,27,185,127,96,171,141,98,114,64,79,179,47,88,57,186,199,83,59,129,24,95,149,175,62,120,3,169,191,135,146];True
1871;7122;8993;[34,4,144,70,19,87,121,178,102,132,130,84,77,112,93,147,66,157,103,105,74,188,168,31,142,117,113,61,45,65,41,49,78,128,42,101,197,125,145,126,143,160,91,1,150,124,180,196,36,46,140,92,82,23,189,195,167,12,22,26,176,193,109,20,67,166,38,139,63,118,48,194,29,198,174,184,35,161,32,72,163,25,51,50,190,10,0,165,156,71,44,138,37,94,173,18,131,110,81,153,80,100,30,134,148,11,97,58,158,43,7,122,181,68,123,6,137,86,76,151,119,187,39,107,55,14,13,111,52,89,75,182,116,162,53,183,69,159,164,90,28,155,73,99,106,136,115,152,2,170,172,60,54,133,85,104,17,8,16,56,21,108,192,40,15,9,33,154,5,177,27,185,127,96,171,141,98,114,64,79,179,47,88,57,186,199,83,59,129,24,95,149,175,62,120,3,169,191,135,146];True
1943;7095;9038;[34,4,144,70,19,87,121,178,102,132,130,84,77,112,93,147,66,157,103,105,74,188,168,31,142,117,113,61,45,138,41,49,78,128,42,122,197,125,145,126,143,160,91,1,150,124,180,196,36,46,140,92,82,23,189,195,167,12,22,26,176,193,109,20,67,166,38,139,63,118,48,194,29,198,174,184,35,161,32,72,163,25,51,50,190,10,0,165,156,71,44,65,37,94,173,18,131,110,81,153,80,100,30,134,148,11,97,58,158,43,7,101,181,68,123,6,137,86,76,151,119,187,39,107,55,14,13,111,52,89,75,182,116,162,53,183,69,159,164,90,28,155,73,99,106,136,115,152,2,170,172,60,54,133,85,104,17,8,16,56,21,108,192,40,15,9,33,154,5,177,27,185,127,96,171,141,98,114,64,79,179,47,88,57,186,199,83,59,129,24,95,149,175,62,120,3,169,191,135,146];True
1917;7111;9028;[34,4,144,70,19,87,121,178,102,132,130,84,77,112,93,147,66,157,103,105,74,188,168,31,142,117,113,61,45,138,41,49,78,128,42,101,197,125,145,126,20,160,91,1,150,124,180,196,36,46,140,92,82,23,189,195,167,12,22,26,176,193,109,143,67,166,38,139,63,118,48,194,29,198,174,184,35,161,32,72,163,25,51,50,190,10,0,165,156,71,44,65,37,94,173,18,131,110,81,153,80,100,30,134,148,11,97,58,158,43,7,122,181,68,123,6,137,86,76,151,119,187,39,107,55,14,13,111,52,89,75,182,116,162,53,183,69,159,164,90,28,155,73,99,106,136,115,152,2,170,172,60,54,133,85,104,17,8,16,56,21,108,192,40,15,9,33,154,5,177,27,185,127,96,171,141,98,114,64,79,179,47,88,57,186,199,83,59,129,24,95,149,175,62,120,3,169,191,135,146];False
1920;7106;9026;[34,4,144,70,19,87,121,178,102,132,130,84,77,112,93,147,66,157,103,105,74,188,168,31,142,117,113,61,45,138,41,49,78,128,42,101,197,125,145,126,143,160,91,1,150,124,180,196,36,46,140,92,82,23,189,195,167,12,22,26,176,193,109,20,67,166,38,139,63,118,48,194,29,198,174,184,35,161,32,72,163,25,51,50,190,10,0,165,156,71,44,65,37,94,173,18,131,110,81,153,80,100,30,134,119,11,97,58,158,43,7,122,181,68,123,6,137,86,76,151,148,187,39,107,55,14,13,111,52,89,75,182,116,162,53,183,69,159,164,90,28,155,73,99,106,136,115,152,2,170,172,60,54,133,85,104,17,8,16,56,21,108,192,40,15,9,33,154,5,177,27,185,127,96,171,141,98,114,64,79,179,47,88,57,186,199,83,59,129,24,95,149,175,62,120,3,169,191,135,146];True
1906;7110;9016;[34,4,144,70,19,87,121,178,102,132,130,84,77,112,93,147,66,157,103,105,74,188,168,31,142,117,113,61,45,138,41,49,78,128,42,101,197,125,145,126,143,160,91,1,150,124,180,196,36,46,140,92,82,23,189,195,167,12,22,26,176,193,109,20,67,166,38,139,63,118,48,194,29,198,174,184,35,161,32,72,163,25,51,50,190,10,0,165,156,71,44,65,37,94,173,18,131,110,81,153,80,100,30,134,148,11,97,58,158,43,7,122,181,68,123,6,137,86,76,151,119,187,39,107,55,14,13,111,52,89,75,182,116,162,53,183,69,159,164,90,28,155,73,99,106,136,115,2,152,170,172,60,54,133,85,104,17,8,16,56,21,108,192,40,15,9,33,154,5,177,27,185,127,96,171,141,98,114,64,79,179,47,88,57,186,199,83,59,129,24,95,149,175,62,120,3,169,191,135,146];True
1938;7100;9038;[34,4,144,70,19,87,121,178,102,132,130,84,77,112,93,147,66,157,103,105,74,188,168,31,142,117,113,61,45,65,41,49,78,128,42,122,197,125,145,126,143,160,91,1,150,124,180,196,36,46,140,92,82,23,189,195,167,12,22,26,176,193,109,20,67,166,38,139,63,118,48,194,29,198,174,184,35,161,32,72,163,25,51,50,190,10,0,165,156,71,44,138,37,94,173,18,131,110,81,153,80,100,30,134,148,11,97,58,158,43,7,101,181,68,123,6,137,86,76,151,119,187,39,107,55,14,13,111,52,89,75,182,116,162,53,183,69,159,164,90,28,155,73,99,106,136,115,152,2,170,172,60,54,133,85,104,17,8,16,56,21,108,192,40,15,9,33,154,5,177,27,185,127,96,171,141,98,114,64,79,179,47,88,57,186,199,83,59,129,24,95,149,175,62,120,3,169,191,135,146];True
1901;7115;9016;[34,4,144,70,19,87,121,178,102,132,130,84,77,112,93,147,66,157,103,105,74,188,168,31,142,117,113,61,45,65,41,49,78,128,42,101,197,125,145,126,143,160,91,1,150,124,180,196,36,46,140,92,82,23,189,195,167,12,22,26,176,193,109,20,67,166,38,139,63,118,48,194,29,198,174,184,35,161,32,72,163,25,51,50,190,10,0,165,156,71,44,138,37,94,173,18,131,110,81,153,80,100,30,134,148,11,97,58,158,43,7,122,181,68,123,6,137,86,76,151,119,187,39,107,55,14,13,111,52,89,75,182,116,162,53,183,69,159,164,90,28,155,73,99,106,136,115,2,152,170,172,60,54,133,85,104,17,8,16,56,21,108,192,40,15,9,33,154,5,177,27,185,127,96,171,141,98,114,64,79,179,47,88,57,186,199,83,59,129,24,95,149,175,62,120,3,169,191,135,146];True
1973;7088;9061;[34,4,144,70,19,87,121,178,102,132,130,84,77,112,93,147,66,157,103,105,74,188,168,31,142,117,113,61,45,138,41,49,78,128,42,122,197,125,145,126,143,160,91,1,150,124,180,196,36,46,140,92,82,23,189,195,167,12,22,26,176,193,109,20,67,166,38,139,63,118,48,194,29,198,174,184,35,161,32,72,163,25,51,50,190,10,0,165,156,71,44,65,37,94,173,18,131,110,81,153,80,100,30,134,148,11,97,58,158,43,7,101,181,68,123,6,137,86,76,151,119,187,39,107,55,14,13,111,52,89,75,182,116,162,53,183,69,159,164,90,28,155,73,99,106,136,115,2,152,170,172,60,54,133,85,104,17,8,16,56,21,108,192,40,15,9,33,154,5,177,27,185,127,96,171,141,98,114,64,79,179,47,88,57,186,199,83,59,129,24,95,149,175,62,120,3,169,191,135,146];True
1983;7081;9064;[34,4,144,70,19,87,121,178,102,132,130,84,77,112,93,147,66,157,103,105,74,188,168,31,142,117,167,61,45,138,41,49,78,60,42,122,197,125,145,126,143,160,91,1,150,124,180,196,36,46,140,92,82,23,189,195,119,12,22,26,176,193,109,20,67,166,38,139,63,118,48,194,29,198,174,184,35,161,32,72,163,25,51,50,190,10,0,113,156,71,44,65,37,94,173,18,131,110,81,153,80,100,30,134,148,11,97,58,158,43,172,111,181,68,123,6,137,86,76,151,175,170,7,107,55,14,13,101,52,89,75,182,116,162,53,183,69,159,164,90,28,155,73,99,106,136,115,2,152,39,187,128,54,133,85,104,17,8,16,56,21,108,192,40,15,9,33,154,5,177,27,185,127,96,171,141,98,114,64,79,179,47,88,57,186,199,83,59,129,24,95,149,165,62,120,3,169,191,135,146];True
2012;7075;9087;[34,4,144,70,19,87,121,178,102,132,130,84,77,112,93,147,66,157,103,105,74,188,168,31,142,117,113,61,45,138,41,49,78,60,42,122,197,125,145,126,143,160,91,1,150,124,180,196,36,46,140,92,82,23,189,195,119,12,22,26,176,193,109,20,67,166,38,139,63,118,48,194,29,198,174,184,35,161,32,72,163,25,51,50,190,10,0,167,156,71,44,65,37,94,173,18,131,110,81,153,80,100,30,134,148,11,97,58,158,43,172,111,181,68,123,6,137,86,76,151,175,170,7,107,55,14,13,101,52,89,75,182,116,162,53,183,69,159,164,90,28,155,73,99,106,136,115,2,152,39,187,128,54,133,85,104,17,8,16,56,21,108,192,40,15,9,33,154,5,177,27,185,127,96,171,141,98,114,64,79,179,47,88,57,186,199,83,59,129,24,95,149,165,62,120,3,169,191,135,146];False
2006;7075;9081;[34,4,144,70,19,87,121,178,102,132,130,84,77,112,93,147,66,157,103,105,74,188,168,31,142,117,167,61,45,138,41,49,78,60,42,122,197,125,145,126,143,160,91,1,150,124,180,196,36,46,140,92,82,23,189,195,119,12,22,26,176,193,109,20,67,166,38,139,63,118,48,194,29,198,174,184,35,161,32,72,163,25,51,50,190,10,0,113,156,71,44,65,37,94,173,18,131,110,81,153,80,100,30,134,148,11,97,58,158,43,172,111,181,68,123,6,137,86,76,151,175,7,170,107,55,14,13,101,52,89,75,182,116,162,53,183,69,159,164,90,28,155,73,99,106,136,115,2,152,39,187,128,54,133,85,104,17,8,16,56,21,108,192,40,15,9,33,154,5,177,27,185,127,96,171,141,98,114,64,79,179,47,88,57,186,199,83,59,129,24,95,149,165,62,120,3,169,191,135,146];True
2130;7043;9173;[34,4,144,70,19,87,121,178,102,132,130,84,77,112,93,147,66,157,103,105,74,188,168,31,142,117,167,61,45,138,41,49,78,60,42,122,197,125,145,126,143,160,91,1,150,124,180,196,36,46,140,73,82,23,189,195,175,12,22,26,176,193,109,20,67,166,38,139,63,118,48,194,29,198,174,184,35,161,32,72,163,25,51,50,190,10,0,113,156,71,44,65,37,94,173,18,131,110,81,153,80,100,30,134,119,11,97,58,158,43,172,111,181,68,123,6,137,86,76,151,148,7,170,107,55,14,13,101,52,89,75,182,116,162,53,183,69,159,164,90,28,155,21,99,106,136,115,2,152,39,187,128,54,133,85,104,17,8,16,56,92,108,192,40,15,9,33,154,5,177,27,185,127,96,171,141,98,114,64,79,179,47,88,57,186,199,83,59,129,24,95,149,165,62,120,3,169,191,135,146];True
