utilA;utilB;utilSum;contract;pareto
1955;7293;9248;[4,118,129,162,19,87,121,178,127,132,130,84,77,112,93,147,66,157,103,105,74,188,144,9,142,117,167,61,45,138,41,49,78,128,42,57,197,8,16,126,143,160,91,1,33,124,180,196,36,46,140,92,82,23,189,81,0,85,22,26,176,193,109,20,170,95,38,139,146,34,70,194,31,198,174,184,35,67,32,72,163,25,51,50,190,125,11,113,156,71,165,65,37,94,173,18,131,110,101,59,80,100,30,134,148,195,97,58,175,151,7,191,181,68,123,6,137,158,54,52,119,187,39,107,55,14,13,172,12,89,75,149,15,135,53,183,69,159,164,90,28,155,73,99,106,136,115,152,2,161,102,86,133,76,122,116,104,17,145,56,21,108,192,40,169,182,29,154,60,177,27,43,111,96,171,141,98,114,64,79,179,47,88,5,186,199,83,153,166,24,150,10,185,62,120,3,168,44,48,63];False
1944;7293;9237;[71,118,129,162,19,87,121,178,127,132,130,84,77,112,93,147,66,157,103,105,74,188,144,9,142,117,167,61,45,138,41,49,78,128,42,57,197,8,16,126,143,160,91,1,33,124,180,196,36,46,140,92,82,23,189,81,0,85,22,26,176,193,109,20,170,95,38,139,146,4,70,194,31,198,174,184,35,67,32,72,163,25,51,50,190,125,11,113,156,34,165,65,37,94,173,18,131,110,101,59,80,100,30,134,148,195,97,58,175,151,7,191,181,68,123,6,137,158,54,52,119,187,39,107,55,14,13,172,12,89,75,149,15,135,53,183,69,159,164,90,28,155,73,99,106,136,115,152,2,161,102,86,133,76,122,116,104,17,145,56,21,108,192,40,169,182,29,154,60,177,27,43,111,96,171,141,98,114,64,79,179,47,88,5,186,199,83,153,166,24,150,10,185,62,120,3,168,44,48,63];False
2033;7252;9285;[34,147,129,162,19,87,121,178,127,132,130,84,77,112,93,118,66,157,103,105,74,188,144,9,142,117,167,61,45,138,41,49,78,128,42,57,197,8,16,126,143,160,91,1,33,124,180,196,36,46,140,92,82,23,189,81,0,85,22,26,176,193,109,20,170,95,38,139,146,4,70,194,31,198,174,184,35,67,32,72,163,25,51,50,190,125,11,113,156,71,165,65,37,94,173,18,131,110,101,59,80,100,30,134,148,195,97,58,175,151,7,191,181,68,123,6,137,158,54,52,119,187,39,107,55,14,13,172,12,89,75,149,15,135,53,183,69,159,164,90,28,155,73,99,106,136,115,152,2,161,102,86,133,76,122,116,104,17,145,56,21,108,192,40,169,182,29,154,60,177,27,43,111,96,171,141,98,114,64,79,179,47,88,5,186,199,83,153,166,24,150,10,185,62,120,3,168,44,48,63];False
1989;7253;9242;[34,4,129,162,19,87,121,178,127,132,130,84,77,112,93,147,66,157,103,105,74,188,144,9,142,117,167,61,45,138,41,49,78,128,42,57,197,8,16,126,143,160,91,1,33,124,180,196,36,46,140,92,82,23,189,81,0,85,22,26,176,193,109,20,170,95,38,139,146,118,70,194,31,198,174,184,35,67,32,72,163,25,51,50,190,125,11,113,156,71,165,65,37,94,173,18,131,110,101,59,80,100,30,134,148,195,97,58,175,151,7,191,181,68,123,6,137,158,54,52,119,187,39,107,55,14,13,172,12,89,75,149,15,135,53,183,69,159,164,90,28,155,73,99,106,136,115,152,2,161,102,86,133,76,122,116,104,17,145,56,21,108,192,40,169,182,29,154,60,177,27,43,111,96,171,141,98,114,64,79,179,47,88,5,186,199,83,153,166,24,150,10,185,62,120,3,168,44,48,63];False
1939;7287;9226;[34,123,129,162,19,87,121,178,127,132,130,84,77,112,93,147,66,157,103,105,74,188,144,9,142,117,167,61,45,138,41,49,78,128,42,57,197,8,16,126,143,160,91,1,33,124,180,196,36,46,140,92,82,23,189,81,0,85,22,26,176,193,109,20,170,95,38,139,146,4,70,194,31,198,174,184,35,67,32,72,163,25,51,50,190,125,11,113,156,71,165,65,37,94,173,18,131,110,101,59,80,100,30,134,148,195,97,58,175,151,7,191,181,68,118,6,137,158,54,52,119,187,39,107,55,14,13,172,12,89,75,149,15,135,53,183,69,159,164,90,28,155,73,99,106,136,115,152,2,161,102,86,133,76,122,116,104,17,145,56,21,108,192,40,169,182,29,154,60,177,27,43,111,96,171,141,98,114,64,79,179,47,88,5,186,199,83,153,166,24,150,10,185,62,120,3,168,44,48,63];True
2024;7237;9261;[34,118,129,8,19,87,121,178,127,132,130,84,77,112,93,147,66,157,103,105,74,188,144,9,142,117,167,61,45,138,41,49,78,128,42,57,197,162,16,126,143,160,91,1,33,124,180,196,36,46,140,92,82,23,189,81,0,85,22,26,176,193,109,20,170,95,38,139,146,4,70,194,31,198,174,184,35,67,32,72,163,25,51,50,190,125,11,113,156,71,165,65,37,94,173,18,131,110,101,59,80,100,30,134,148,195,97,58,175,151,7,191,181,68,123,6,137,158,54,52,119,187,39,107,55,14,13,172,12,89,75,149,15,135,53,183,69,159,164,90,28,155,73,99,106,136,115,152,2,161,102,86,133,76,122,116,104,17,145,56,21,108,192,40,169,182,29,154,60,177,27,43,111,96,171,141,98,114,64,79,179,47,88,5,186,199,83,153,166,24,150,10,185,62,120,3,168,44,48,63];True
2000;7247;9247;[34,118,129,70,19,87,121,178,127,132,130,84,77,112,93,147,66,157,103,105,74,188,144,9,142,117,167,61,45,138,41,49,78,128,42,57,197,8,16,126,143,160,91,1,33,124,180,196,36,46,140,92,82,23,189,81,0,85,22,26,176,193,109,20,170,95,38,139,146,4,162,194,31,198,174,184,35,67,32,72,163,25,51,50,190,125,11,113,156,71,165,65,37,94,173,18,131,110,101,59,80,100,30,134,148,195,97,58,175,151,7,191,181,68,123,6,137,158,54,52,119,187,39,107,55,14,13,172,12,89,75,149,15,135,53,183,69,159,164,90,28,155,73,99,106,136,115,152,2,161,102,86,133,76,122,116,104,17,145,56,21,108,192,40,169,182,29,154,60,177,27,43,111,96,171,141,98,114,64,79,179,47,88,5,186,199,83,153,166,24,150,10,185,62,120,3,168,44,48,63];True
1953;7269;9222;[34,118,129,162,22,87,121,178,127,132,130,84,77,112,93,147,66,157,103,105,74,188,144,9,142,117,167,61,45,138,41,49,78,128,42,57,197,8,16,126,143,160,91,1,33,124,180,196,36,46,140,92,82,23,189,81,0,85,19,26,176,193,109,20,170,95,38,139,146,4,70,194,31,198,174,184,35,67,32,72,163,25,51,50,190,125,11,113,156,71,165,65,37,94,173,18,131,110,101,59,80,100,30,134,148,195,97,58,175,151,7,191,181,68,123,6,137,158,54,52,119,187,39,107,55,14,13,172,12,89,75,149,15,135,53,183,69,159,164,90,28,155,73,99,106,136,115,152,2,161,102,86,133,76,122,116,104,17,145,56,21,108,192,40,169,182,29,154,60,177,27,43,111,96,171,141,98,114,64,79,179,47,88,5,186,199,83,153,166,24,150,10,185,62,120,3,168,44,48,63];True
1959;7250;9209;[34,118,129,162,19,87,121,178,111,132,130,84,77,112,93,147,66,157,103,105,74,188,144,9,142,117,167,61,45,138,41,49,78,128,42,57,197,8,16,126,143,160,91,1,33,124,180,196,36,46,140,92,82,23,189,81,0,85,22,26,176,193,109,20,170,95,38,139,146,4,70,194,31,198,174,184,35,67,32,72,163,25,51,50,190,125,11,113,156,71,165,65,37,94,173,18,131,110,101,59,80,100,30,134,148,195,97,58,175,151,7,191,181,68,123,6,137,158,54,52,119,187,39,107,55,14,13,172,12,89,75,149,15,135,53,183,69,159,164,90,28,155,73,99,106,136,115,152,2,161,102,86,133,76,122,116,104,17,145,56,21,108,192,40,169,182,29,154,60,177,27,43,127,96,171,141,98,114,64,79,179,47,88,5,186,199,83,153,166,24,150,10,185,62,120,3,168,44,48,63];True
1952;7285;9237;[34,118,129,162,19,87,121,178,127,132,130,84,77,112,93,147,66,157,103,70,74,188,144,9,142,117,167,61,45,138,41,49,78,128,42,57,197,8,16,126,143,160,91,1,33,124,180,196,36,46,140,92,82,23,189,81,0,85,22,26,176,193,109,20,170,95,38,139,146,4,105,194,31,198,174,184,35,67,32,72,163,25,51,50,190,125,11,113,156,71,165,65,37,94,173,18,131,110,101,59,80,100,30,134,148,195,97,58,175,151,7,191,181,68,123,6,137,158,54,52,119,187,39,107,55,14,13,172,12,89,75,149,15,135,53,183,69,159,164,90,28,155,73,99,106,136,115,152,2,161,102,86,133,76,122,116,104,17,145,56,21,108,192,40,169,182,29,154,60,177,27,43,111,96,171,141,98,114,64,79,179,47,88,5,186,199,83,153,166,24,150,10,185,62,120,3,168,44,48,63];False
1930;7318;9248;[34,118,129,162,19,87,121,178,127,132,130,84,77,112,93,147,66,157,103,105,74,188,144,9,24,117,167,61,45,138,41,49,78,128,42,57,197,8,16,126,143,160,91,1,33,124,180,196,36,46,140,92,82,23,189,81,0,85,22,26,176,193,109,20,170,95,38,139,146,4,70,194,31,198,174,184,35,67,32,72,163,25,51,50,190,125,11,113,156,71,165,65,37,94,173,18,131,110,101,59,80,100,30,134,148,195,97,58,175,151,7,191,181,68,123,6,137,158,54,52,119,187,39,107,55,14,13,172,12,89,75,149,15,135,53,183,69,159,164,90,28,155,73,99,106,136,115,152,2,161,102,86,133,76,122,116,104,17,145,56,21,108,192,40,169,182,29,154,60,177,27,43,111,96,171,141,98,114,64,79,179,47,88,5,186,199,83,153,166,142,150,10,185,62,120,3,168,44,48,63];False
2047;7230;9277;[34,118,129,162,19,87,121,178,127,132,130,84,77,112,93,147,66,157,103,105,74,188,144,9,142,117,167,61,45,138,41,49,78,128,42,57,197,8,190,126,143,160,91,1,33,124,180,196,36,46,140,92,82,23,189,81,0,85,22,26,176,193,109,20,170,95,38,139,146,4,70,194,31,198,174,184,35,67,32,72,163,25,51,50,16,125,11,113,156,71,165,65,37,94,173,18,131,110,101,59,80,100,30,134,148,195,97,58,175,151,7,191,181,68,123,6,137,158,54,52,119,187,39,107,55,14,13,172,12,89,75,149,15,135,53,183,69,159,164,90,28,155,73,99,106,136,115,152,2,161,102,86,133,76,122,116,104,17,145,56,21,108,192,40,169,182,29,154,60,177,27,43,111,96,171,141,98,114,64,79,179,47,88,5,186,199,83,153,166,24,150,10,185,62,120,3,168,44,48,63];True
1946;7276;9222;[34,118,129,162,19,87,121,178,127,132,130,84,77,112,93,147,66,157,103,105,74,188,144,9,142,117,167,61,45,138,41,49,78,128,42,57,197,8,16,126,35,160,91,1,33,124,180,196,36,46,140,92,82,23,189,81,0,85,22,26,176,193,109,20,170,95,38,139,146,4,70,194,31,198,174,184,143,67,32,72,163,25,51,50,190,125,11,113,156,71,165,65,37,94,173,18,131,110,101,59,80,100,30,134,148,195,97,58,175,151,7,191,181,68,123,6,137,158,54,52,119,187,39,107,55,14,13,172,12,89,75,149,15,135,53,183,69,159,164,90,28,155,73,99,106,136,115,152,2,161,102,86,133,76,122,116,104,17,145,56,21,108,192,40,169,182,29,154,60,177,27,43,111,96,171,141,98,114,64,79,179,47,88,5,186,199,83,153,166,24,150,10,185,62,120,3,168,44,48,63];True
2014;7243;9257;[34,118,129,162,19,87,121,178,127,132,130,84,77,112,93,147,66,157,103,105,74,188,144,9,142,117,167,61,45,138,41,49,78,128,42,57,197,8,16,126,143,160,91,1,33,124,180,196,36,46,140,92,82,67,189,81,0,85,22,26,176,193,109,20,170,95,38,139,146,4,70,194,31,198,174,184,35,23,32,72,163,25,51,50,190,125,11,113,156,71,165,65,37,94,173,18,131,110,101,59,80,100,30,134,148,195,97,58,175,151,7,191,181,68,123,6,137,158,54,52,119,187,39,107,55,14,13,172,12,89,75,149,15,135,53,183,69,159,164,90,28,155,73,99,106,136,115,152,2,161,102,86,133,76,122,116,104,17,145,56,21,108,192,40,169,182,29,154,60,177,27,43,111,96,171,141,98,114,64,79,179,47,88,5,186,199,83,153,166,24,150,10,185,62,120,3,168,44,48,63];True
1956;7260;9216;[34,118,129,162,19,87,121,178,127,132,130,84,77,112,93,147,66,157,103,105,74,188,144,9,142,117,167,61,45,138,41,49,78,128,42,57,197,8,16,126,143,160,91,1,33,124,180,196,36,46,140,92,82,23,189,81,0,85,22,26,176,193,109,20,170,95,38,139,146,4,70,194,31,198,174,184,35,67,32,72,163,25,51,50,190,125,11,113,156,71,165,65,37,94,173,18,131,110,101,59,80,100,30,134,148,195,97,58,151,175,7,191,181,68,123,6,137,158,54,52,119,187,39,107,55,14,13,172,12,89,75,149,15,135,53,183,69,159,164,90,28,155,73,99,106,136,115,152,2,161,102,86,133,76,122,116,104,17,145,56,21,108,192,40,169,182,29,154,60,177,27,43,111,96,171,141,98,114,64,79,179,47,88,5,186,199,83,153,166,24,150,10,185,62,120,3,168,44,48,63];True
1938;7304;9242;[34,118,129,162,19,87,121,178,127,132,130,84,77,112,93,147,66,157,103,105,74,188,144,9,142,117,167,61,45,138,41,49,78,128,42,57,197,8,16,126,143,160,91,1,33,124,180,196,36,46,140,92,82,23,189,81,0,85,22,26,176,193,109,20,170,95,38,139,146,4,70,194,31,198,174,184,35,67,32,72,163,25,51,50,190,125,11,113,156,71,165,65,37,94,173,18,131,110,101,59,80,100,30,134,148,195,97,58,175,151,7,191,181,68,123,6,137,158,54,52,119,187,39,107,55,14,13,172,12,89,75,149,15,108,53,183,69,159,164,90,28,155,73,99,106,136,115,152,2,161,102,86,133,76,122,116,104,17,145,56,21,135,192,40,169,182,29,154,60,177,27,43,111,96,171,141,98,114,64,79,179,47,88,5,186,199,83,153,166,24,150,10,185,62,120,3,168,44,48,63];True
1925;7307;9232;[34,118,129,162,19,87,121,178,127,132,130,84,77,112,93,147,66,157,103,105,74,188,144,9,142,117,167,61,45,138,41,49,78,128,42,57,197,8,16,126,143,160,91,1,33,124,180,196,36,46,140,92,82,23,189,81,0,85,22,26,176,193,109,20,170,95,38,139,146,4,70,194,31,198,174,184,35,67,32,72,163,25,51,50,190,125,11,113,156,71,165,65,37,94,173,18,131,110,101,59,80,100,30,134,148,195,97,58,175,151,7,191,181,68,123,6,137,158,54,52,119,187,39,107,55,14,13,172,12,89,75,149,15,135,53,183,69,159,164,90,28,155,73,99,106,136,115,152,2,161,102,86,133,76,122,43,104,17,145,56,21,108,192,40,169,182,29,154,60,177,27,116,111,96,171,141,98,114,64,79,179,47,88,5,186,199,83,153,166,24,150,10,185,62,120,3,168,44,48,63];True
1905;7338;9243;[136,118,129,162,19,87,121,178,127,132,130,84,77,112,34,147,66,157,103,105,74,188,144,9,142,117,167,61,45,138,41,49,78,128,42,57,197,8,16,126,143,160,91,1,33,124,180,196,36,46,140,92,82,23,189,81,0,85,22,26,176,193,109,20,170,95,38,139,146,4,70,194,31,198,174,184,35,67,32,72,163,25,51,50,190,125,11,113,156,71,165,65,37,94,173,18,131,110,101,59,80,100,30,134,148,195,97,58,175,151,7,191,181,68,123,6,137,158,54,52,119,187,39,107,55,14,13,172,12,89,75,149,15,135,53,183,69,159,164,90,28,155,73,99,106,93,115,152,2,161,102,86,133,76,122,116,104,17,145,56,21,108,192,40,169,182,29,154,60,177,27,43,111,96,171,141,98,114,64,79,179,47,88,5,186,199,83,153,166,24,150,10,185,62,120,3,168,44,48,63];True
1919;7335;9254;[93,143,129,162,19,87,121,178,127,132,130,84,77,112,34,147,66,157,103,105,74,188,144,9,142,117,167,61,45,138,41,49,78,128,42,57,197,8,16,126,118,160,91,1,33,124,180,196,36,46,140,92,82,23,189,81,0,85,22,26,176,193,109,20,170,95,38,139,146,4,70,194,31,198,174,184,35,67,32,72,163,25,51,50,190,125,11,113,156,71,165,65,37,94,173,18,131,110,101,59,80,100,30,134,148,195,97,58,175,151,7,191,181,68,123,6,137,158,54,52,119,187,39,107,55,14,13,172,12,89,75,149,15,135,53,183,69,159,164,90,28,155,73,99,106,136,115,152,2,161,102,86,133,76,122,116,104,17,145,56,21,108,192,40,169,182,29,154,60,177,27,43,111,96,171,141,98,114,64,79,179,47,88,5,186,199,83,153,166,24,150,10,185,62,120,3,168,44,48,63];False
1916;7331;9247;[93,118,129,162,22,87,121,178,127,132,130,84,77,112,34,147,66,157,103,105,74,188,144,9,142,117,167,61,45,138,41,49,78,128,42,57,197,8,16,126,143,160,91,1,33,124,180,196,36,46,140,92,82,23,189,81,0,85,19,26,176,193,109,20,170,95,38,139,146,4,70,194,31,198,174,184,35,67,32,72,163,25,51,50,190,125,11,113,156,71,165,65,37,94,173,18,131,110,101,59,80,100,30,134,148,195,97,58,175,151,7,191,181,68,123,6,137,158,54,52,119,187,39,107,55,14,13,172,12,89,75,149,15,135,53,183,69,159,164,90,28,155,73,99,106,136,115,152,2,161,102,86,133,76,122,116,104,17,145,56,21,108,192,40,169,182,29,154,60,177,27,43,111,96,171,141,98,114,64,79,179,47,88,5,186,199,83,153,166,24,150,10,185,62,120,3,168,44,48,63];True
1922;7312;9234;[93,118,129,162,19,87,121,178,111,132,130,84,77,112,34,147,66,157,103,105,74,188,144,9,142,117,167,61,45,138,41,49,78,128,42,57,197,8,16,126,143,160,91,1,33,124,180,196,36,46,140,92,82,23,189,81,0,85,22,26,176,193,109,20,170,95,38,139,146,4,70,194,31,198,174,184,35,67,32,72,163,25,51,50,190,125,11,113,156,71,165,65,37,94,173,18,131,110,101,59,80,100,30,134,148,195,97,58,175,151,7,191,181,68,123,6,137,158,54,52,119,187,39,107,55,14,13,172,12,89,75,149,15,135,53,183,69,159,164,90,28,155,73,99,106,136,115,152,2,161,102,86,133,76,122,116,104,17,145,56,21,108,192,40,169,182,29,154,60,177,27,43,127,96,171,141,98,114,64,79,179,47,88,5,186,199,83,153,166,24,150,10,185,62,120,3,168,44,48,63];True
1893;7380;9273;[93,118,129,162,19,87,121,178,127,132,130,84,77,112,34,147,66,157,103,105,74,188,144,9,24,117,167,61,45,138,41,49,78,128,42,57,197,8,16,126,143,160,91,1,33,124,180,196,36,46,140,92,82,23,189,81,0,85,22,26,176,193,109,20,170,95,38,139,146,4,70,194,31,198,174,184,35,67,32,72,163,25,51,50,190,125,11,113,156,71,165,65,37,94,173,18,131,110,101,59,80,100,30,134,148,195,97,58,175,151,7,191,181,68,123,6,137,158,54,52,119,187,39,107,55,14,13,172,12,89,75,149,15,135,53,183,69,159,164,90,28,155,73,99,106,136,115,152,2,161,102,86,133,76,122,116,104,17,145,56,21,108,192,40,169,182,29,154,60,177,27,43,111,96,171,141,98,114,64,79,179,47,88,5,186,199,83,153,166,142,150,10,185,62,120,3,168,44,48,63];False
1892;7384;9276;[93,118,129,162,19,87,121,178,127,132,130,84,77,112,34,147,66,157,103,105,74,188,144,9,142,117,167,61,45,138,41,49,78,128,42,57,197,8,16,126,143,160,91,1,33,124,180,196,36,46,140,92,82,23,189,81,0,85,22,26,176,193,109,20,170,95,38,139,146,4,70,194,31,198,174,184,35,67,32,72,163,25,51,50,190,125,11,113,156,71,165,65,37,94,173,18,131,149,101,59,80,100,30,134,148,195,97,58,175,151,7,191,181,68,123,6,137,158,54,52,119,187,39,107,55,14,13,172,12,89,75,110,15,135,53,183,69,159,164,90,28,155,73,99,106,136,115,152,2,161,102,86,133,76,122,116,104,17,145,56,21,108,192,40,169,182,29,154,60,177,27,43,111,96,171,141,98,114,64,79,179,47,88,5,186,199,83,153,166,24,150,10,185,62,120,3,168,44,48,63];False
1919;7322;9241;[93,118,129,162,19,87,121,178,127,132,130,84,77,112,34,147,66,157,103,105,74,188,144,9,142,117,167,61,45,138,41,49,78,128,42,57,197,8,16,126,143,160,91,1,33,124,180,196,36,46,140,92,82,23,189,81,0,85,22,26,176,193,109,20,170,95,38,139,146,4,70,194,31,198,174,184,35,67,32,72,163,25,51,50,190,125,11,113,156,71,165,65,37,94,173,18,131,110,101,59,80,100,30,134,148,195,97,58,151,175,7,191,181,68,123,6,137,158,54,52,119,187,39,107,55,14,13,172,12,89,75,149,15,135,53,183,69,159,164,90,28,155,73,99,106,136,115,152,2,161,102,86,133,76,122,116,104,17,145,56,21,108,192,40,169,182,29,154,60,177,27,43,111,96,171,141,98,114,64,79,179,47,88,5,186,199,83,153,166,24,150,10,185,62,120,3,168,44,48,63];True
1901;7366;9267;[93,118,129,162,19,87,121,178,127,132,130,84,77,112,34,147,66,157,103,105,74,188,144,9,142,117,167,61,45,138,41,49,78,128,42,57,197,8,16,126,143,160,91,1,33,124,180,196,36,46,140,92,82,23,189,81,0,85,22,26,176,193,109,20,170,95,38,139,146,4,70,194,31,198,174,184,35,67,32,72,163,25,51,50,190,125,11,113,156,71,165,65,37,94,173,18,131,110,101,59,80,100,30,134,148,195,97,58,175,151,7,191,181,68,123,6,137,158,54,52,119,187,39,107,55,14,13,172,12,89,75,149,15,108,53,183,69,159,164,90,28,155,73,99,106,136,115,152,2,161,102,86,133,76,122,116,104,17,145,56,21,135,192,40,169,182,29,154,60,177,27,43,111,96,171,141,98,114,64,79,179,47,88,5,186,199,83,153,166,24,150,10,185,62,120,3,168,44,48,63];True
1888;7369;9257;[93,118,129,162,19,87,121,178,127,132,130,84,77,112,34,147,66,157,103,105,74,188,144,9,142,117,167,61,45,138,41,49,78,128,42,57,197,8,16,126,143,160,91,1,33,124,180,196,36,46,140,92,82,23,189,81,0,85,22,26,176,193,109,20,170,95,38,139,146,4,70,194,31,198,174,184,35,67,32,72,163,25,51,50,190,125,11,113,156,71,165,65,37,94,173,18,131,110,101,59,80,100,30,134,148,195,97,58,175,151,7,191,181,68,123,6,137,158,54,52,119,187,39,107,55,14,13,172,12,89,75,149,15,135,53,183,69,159,164,90,28,155,73,99,106,136,115,152,2,161,102,86,133,76,122,43,104,17,145,56,21,108,192,40,169,182,29,154,60,177,27,116,111,96,171,141,98,114,64,79,179,47,88,5,186,199,83,153,166,24,150,10,185,62,120,3,168,44,48,63];True
2055;7226;9281;[73,6,129,162,19,87,121,178,111,132,130,84,77,112,93,147,66,157,103,105,74,188,144,31,142,117,167,61,45,138,41,49,78,128,42,57,197,126,20,51,118,160,91,1,33,124,180,196,36,46,140,92,143,23,189,81,0,85,22,26,176,193,9,190,170,95,38,139,146,4,70,194,34,198,174,184,35,67,32,72,163,25,109,8,16,125,11,113,156,71,165,65,37,94,173,18,131,110,101,59,80,100,30,134,148,195,97,58,175,151,7,191,181,68,123,82,137,158,54,52,119,187,39,107,55,14,13,172,12,89,75,149,15,135,53,183,69,159,164,90,28,155,50,99,106,136,115,152,2,161,102,86,133,76,122,116,104,17,145,56,21,108,192,40,169,182,29,154,60,177,27,43,127,96,171,141,98,114,64,79,179,47,88,5,186,199,83,153,166,24,150,10,185,62,120,3,168,44,48,63];False
2037;7234;9271;[73,6,129,162,19,87,121,178,111,132,130,84,77,112,93,147,66,157,103,105,74,188,144,31,142,117,167,61,45,138,41,49,78,128,42,57,197,126,20,109,118,160,91,1,33,124,180,196,36,46,140,92,143,23,189,81,0,85,22,26,176,193,9,190,170,95,38,139,146,4,70,194,34,198,174,184,35,67,32,72,163,25,51,8,16,125,11,113,156,71,165,65,37,94,173,18,131,110,101,59,80,100,30,134,148,195,97,58,151,175,7,191,181,68,123,82,137,158,54,52,119,187,39,107,55,14,13,172,12,89,75,149,15,135,53,183,69,159,164,90,28,155,50,99,106,136,115,152,2,161,102,86,133,76,122,116,104,17,145,56,21,108,192,40,169,182,29,154,60,177,27,43,127,96,171,141,98,114,64,79,179,47,88,5,186,199,83,153,166,24,150,10,185,62,120,3,168,44,48,63];True
2050;7217;9267;[73,6,129,162,19,87,121,178,111,132,130,84,77,112,93,147,66,157,103,105,74,188,144,31,142,117,167,61,45,138,41,49,78,128,42,57,197,126,20,146,118,160,91,1,33,124,180,196,36,46,140,92,143,23,189,81,0,85,22,26,176,193,109,190,170,95,38,139,9,4,70,194,34,198,174,184,35,67,32,72,163,25,51,8,16,125,11,113,156,71,165,65,37,94,173,18,131,110,101,59,80,100,30,134,148,195,97,58,175,151,7,191,181,68,123,82,137,158,54,52,119,187,39,107,55,14,13,172,12,89,75,149,15,135,53,183,69,159,164,90,28,155,50,99,106,136,115,152,2,161,102,86,133,76,122,116,104,17,145,56,21,108,192,40,169,182,29,154,60,177,27,43,127,96,171,141,98,114,64,79,179,47,88,5,186,199,83,153,166,24,150,10,185,62,120,3,168,44,48,63];True
1864;7485;9349;[90,172,12,22,26,178,147,3,2,130,84,117,77,112,106,24,66,157,103,105,74,188,93,118,10,110,167,61,45,138,41,49,78,128,42,57,37,121,162,126,143,160,91,1,33,124,94,196,36,182,140,92,82,23,189,81,87,85,104,20,146,193,136,144,170,95,38,139,19,46,51,149,34,194,180,123,176,67,32,72,163,25,70,65,16,190,125,113,156,71,165,184,31,8,173,18,131,0,101,59,80,100,30,134,148,195,97,137,175,151,7,191,181,68,198,142,58,158,54,52,29,187,39,107,55,14,13,111,132,89,75,4,15,135,53,183,69,159,164,9,28,155,73,99,109,50,115,152,35,161,102,86,133,76,122,116,44,11,145,56,21,108,192,40,169,129,119,154,60,177,27,43,127,96,171,141,98,114,64,79,179,47,88,5,186,199,83,153,166,174,150,6,185,62,120,197,168,17,48,63];False
1871;7469;9340;[90,172,12,22,26,178,147,3,2,130,84,117,77,112,106,24,66,157,103,105,74,188,93,118,10,110,167,61,45,138,41,49,78,128,42,57,37,121,162,126,143,160,91,1,33,124,94,196,36,182,140,92,82,23,189,81,87,85,104,20,146,193,136,144,170,95,38,139,19,46,51,149,34,194,180,123,176,67,32,72,163,25,70,65,16,190,11,113,156,71,165,184,31,8,173,18,131,0,101,59,80,100,30,134,148,195,97,137,175,151,7,191,181,68,198,142,58,158,54,52,29,187,39,107,55,14,13,111,132,89,75,4,15,135,53,183,69,159,164,9,28,155,73,99,109,50,115,152,35,161,102,86,133,76,122,116,17,125,145,56,21,108,192,40,169,129,119,154,60,177,27,43,127,96,171,141,98,114,64,79,179,47,88,5,186,199,83,153,166,174,150,6,185,62,120,197,168,44,48,63];False
1851;7509;9360;[13,172,12,22,26,178,147,3,2,130,84,117,77,112,106,24,66,157,103,105,74,188,93,118,10,0,101,61,45,138,41,49,78,128,42,57,37,121,162,126,143,160,91,1,33,124,94,196,36,182,140,92,82,23,189,81,87,85,104,20,146,193,136,144,170,95,38,139,19,46,51,149,34,194,180,123,176,67,32,72,163,25,70,65,16,190,11,113,156,71,165,184,31,8,173,18,131,110,167,59,80,100,30,134,148,195,97,137,175,151,7,191,181,68,198,142,58,158,54,52,29,187,39,107,55,14,90,111,132,89,75,4,15,135,53,183,69,159,164,9,28,155,73,99,109,50,115,152,35,161,102,86,133,76,122,116,44,125,145,56,21,108,192,40,169,129,119,154,60,177,27,43,127,96,171,141,98,114,64,79,179,47,88,5,186,199,83,153,166,174,150,6,185,62,120,197,168,17,48,63];False
1854;7478;9332;[13,172,12,22,26,178,147,3,2,130,84,117,77,112,106,24,66,157,103,105,74,188,93,118,10,0,167,61,45,138,41,49,78,128,42,57,37,121,162,126,143,160,91,1,33,14,94,196,36,182,140,92,82,23,189,81,87,85,104,20,146,193,136,144,170,95,38,139,19,46,51,149,34,194,180,123,176,67,32,72,163,25,70,65,16,190,11,113,156,71,165,184,31,8,173,18,131,110,101,59,80,100,30,134,148,195,97,137,175,151,7,191,181,68,198,142,58,158,54,52,29,187,39,107,55,124,90,111,132,89,75,4,15,135,53,183,69,159,164,9,28,155,73,99,109,50,115,152,35,161,102,86,133,76,122,116,44,125,145,56,21,108,192,40,169,129,119,154,60,177,27,43,127,96,171,141,98,114,64,79,179,47,88,5,186,199,83,153,166,174,150,6,185,62,120,197,168,17,48,63];True
1887;7457;9344;[13,172,12,22,26,178,147,3,2,130,84,117,77,112,106,24,66,157,103,105,74,188,93,118,10,0,167,61,45,138,41,49,78,128,42,57,37,121,162,126,143,160,91,1,33,124,94,196,36,182,140,92,82,23,189,81,87,85,104,20,146,193,136,144,170,95,38,139,19,46,51,149,34,194,180,123,176,67,32,72,163,25,70,65,16,190,11,113,156,71,165,184,8,31,173,18,131,110,101,59,80,100,30,134,148,195,97,137,175,151,7,191,181,68,198,142,58,158,54,52,29,187,39,107,55,14,90,111,132,89,75,4,15,135,53,183,69,159,164,9,28,155,73,99,109,50,115,152,35,161,102,86,133,76,122,116,44,125,145,56,21,108,192,40,169,129,119,154,60,177,27,43,127,96,171,141,98,114,64,79,179,47,88,5,186,199,83,153,166,174,150,6,185,62,120,197,168,17,48,63];True
1868;7473;9341;[13,172,12,22,26,178,147,3,2,130,84,117,77,112,106,24,66,157,103,105,74,188,93,118,10,0,167,61,45,138,41,49,78,128,42,57,37,121,162,126,143,160,91,1,33,124,94,196,36,182,140,92,82,23,189,81,87,85,104,20,146,193,136,144,170,95,38,139,19,46,51,149,34,194,180,123,176,67,32,72,163,25,70,65,16,190,11,113,156,71,165,184,31,8,173,18,131,110,101,59,80,100,30,134,148,195,97,137,175,151,7,191,181,68,198,142,58,158,54,52,29,187,39,107,55,14,90,111,132,89,75,4,15,135,53,183,69,159,164,9,28,155,73,99,109,50,115,152,35,161,102,86,133,76,122,116,17,125,145,56,21,108,192,40,169,129,119,154,60,177,27,43,127,96,171,141,98,114,64,79,179,47,88,5,186,199,83,153,166,174,150,6,185,62,120,197,168,44,48,63];False
2201;7156;9357;[51,4,121,162,147,67,32,19,172,12,130,84,77,112,93,184,66,157,103,105,74,188,144,31,142,117,167,61,45,138,41,49,78,128,42,57,197,146,118,126,143,160,91,1,33,124,180,196,36,46,140,92,82,23,189,81,0,85,22,26,176,193,109,190,170,95,38,139,65,20,70,194,34,198,174,178,9,6,129,2,163,25,50,8,16,125,11,113,156,71,165,87,37,94,173,18,131,110,101,59,80,100,30,134,148,195,97,58,175,151,7,191,181,68,123,72,137,158,54,52,119,187,39,107,55,14,13,111,132,89,75,149,15,135,53,183,69,159,164,90,28,155,73,99,106,136,115,152,35,161,102,86,133,76,122,116,104,17,145,56,21,108,192,40,169,182,29,154,60,177,27,43,127,96,171,141,98,114,64,79,179,47,88,5,186,199,83,153,166,24,150,10,185,62,120,3,168,44,48,63];False
2203;7155;9358;[50,121,4,162,147,67,32,19,172,12,130,84,77,112,93,184,66,157,103,105,74,188,144,31,142,117,167,61,45,138,41,49,78,128,42,57,197,146,118,126,143,160,91,1,33,124,180,196,36,46,140,92,82,23,189,81,0,85,22,26,176,193,109,190,170,95,38,139,65,20,70,194,34,198,174,178,9,6,129,2,163,25,51,8,16,125,11,113,156,71,165,87,37,94,173,18,131,110,101,59,80,100,30,134,148,195,97,58,175,151,7,191,181,68,123,72,137,158,54,52,119,187,39,107,55,14,13,111,132,89,75,149,15,135,53,183,69,159,164,90,28,155,73,99,106,136,115,152,35,161,102,86,133,76,122,116,104,17,145,56,21,108,192,40,169,182,29,154,60,177,27,43,127,96,171,141,98,114,64,79,179,47,88,5,186,199,83,153,166,24,150,10,185,62,120,3,168,44,48,63];False
2318;7113;9431;[50,136,121,162,147,67,32,19,172,12,130,84,77,112,93,184,66,157,103,105,74,188,144,31,142,117,167,61,45,138,41,49,78,128,42,57,197,146,118,126,143,160,91,1,33,124,180,196,36,46,140,92,82,23,189,81,0,85,22,26,176,193,109,190,170,95,38,139,65,20,70,194,34,198,174,178,9,6,129,2,163,25,51,8,16,125,11,113,156,71,165,87,37,94,173,18,131,110,101,59,80,100,30,134,148,195,97,58,175,151,7,191,181,68,123,72,137,158,54,52,119,187,39,107,55,14,13,111,132,89,75,149,15,135,53,183,69,159,164,90,28,155,73,99,106,4,115,152,35,161,102,86,133,76,122,116,104,17,145,56,21,108,192,40,169,182,29,154,60,177,27,43,127,96,171,141,98,114,64,79,179,47,88,5,186,199,83,153,166,24,150,10,185,62,120,3,168,44,48,63];False
2272;7112;9384;[50,4,28,162,147,67,32,19,172,12,130,84,77,112,93,184,66,157,103,105,74,188,144,31,142,117,167,61,45,138,41,49,78,128,42,57,197,146,118,126,143,160,91,1,33,124,180,196,36,46,140,92,82,23,189,81,0,85,22,26,176,193,109,190,170,95,38,139,65,20,70,194,34,198,174,178,9,6,129,2,163,25,51,8,16,125,11,113,156,71,165,87,37,94,173,18,131,110,101,59,80,100,30,134,148,195,97,58,175,151,7,191,181,68,123,72,137,158,54,52,119,187,39,107,55,14,13,111,132,89,75,149,15,135,53,183,69,159,164,90,121,155,73,99,106,136,115,152,35,161,102,86,133,76,122,116,104,17,145,56,21,108,192,40,169,182,29,154,60,177,27,43,127,96,171,141,98,114,64,79,179,47,88,5,186,199,83,153,166,24,150,10,185,62,120,3,168,44,48,63];False
2202;7147;9349;[50,4,121,162,147,32,67,19,172,12,130,84,77,112,93,184,66,157,103,105,74,188,144,31,142,117,167,61,45,138,41,49,78,128,42,57,197,146,118,126,143,160,91,1,33,124,180,196,36,46,140,92,82,23,189,81,0,85,22,26,176,193,109,190,170,95,38,139,65,20,70,194,34,198,174,178,9,6,129,2,163,25,51,8,16,125,11,113,156,71,165,87,37,94,173,18,131,110,101,59,80,100,30,134,148,195,97,58,175,151,7,191,181,68,123,72,137,158,54,52,119,187,39,107,55,14,13,111,132,89,75,149,15,135,53,183,69,159,164,90,28,155,73,99,106,136,115,152,35,161,102,86,133,76,122,116,104,17,145,56,21,108,192,40,169,182,29,154,60,177,27,43,127,96,171,141,98,114,64,79,179,47,88,5,186,199,83,153,166,24,150,10,185,62,120,3,168,44,48,63];False
2322;7110;9432;[50,4,121,162,147,23,32,19,172,12,130,84,77,112,93,184,66,157,103,105,74,188,144,31,142,117,167,61,45,138,41,49,78,128,42,57,197,146,118,126,143,160,91,1,33,124,180,196,36,46,140,92,82,67,189,81,0,85,22,26,176,193,109,190,170,95,38,139,65,20,70,194,34,198,174,178,9,6,129,2,163,25,51,8,16,125,11,113,156,71,165,87,37,94,173,18,131,110,101,59,80,100,30,134,148,195,97,58,175,151,7,191,181,68,123,72,137,158,54,52,119,187,39,107,55,14,13,111,132,89,75,149,15,135,53,183,69,159,164,90,28,155,73,99,106,136,115,152,35,161,102,86,133,76,122,116,104,17,145,56,21,108,192,40,169,182,29,154,60,177,27,43,127,96,171,141,98,114,64,79,179,47,88,5,186,199,83,153,166,24,150,10,185,62,120,3,168,44,48,63];False
2340;7095;9435;[50,4,121,162,147,67,32,19,172,12,130,84,77,112,93,184,66,157,103,105,74,188,168,31,142,117,167,61,45,138,41,49,78,128,42,57,197,146,118,126,143,160,91,1,33,124,180,196,36,46,140,92,82,23,189,81,0,85,22,26,176,193,109,190,170,95,38,139,65,20,70,194,34,198,174,178,9,6,129,2,163,25,51,8,16,125,11,113,156,71,165,87,37,94,173,18,131,110,101,59,80,100,30,134,148,195,97,58,175,151,7,191,181,68,123,72,137,158,54,52,119,187,39,107,55,14,13,111,132,89,75,149,15,135,53,183,69,159,164,90,28,155,73,99,106,136,115,152,35,161,102,86,133,76,122,116,104,17,145,56,21,108,192,40,169,182,29,154,60,177,27,43,127,96,171,141,98,114,64,79,179,47,88,5,186,199,83,153,166,24,150,10,185,62,120,3,144,44,48,63];False
2305;7111;9416;[50,4,121,162,147,67,32,19,172,12,130,84,77,112,93,184,66,157,103,105,74,188,144,31,142,11,167,61,45,138,41,49,78,128,42,57,197,146,118,126,143,160,91,1,33,124,180,196,36,46,140,92,82,23,189,81,0,85,22,26,176,193,109,190,170,95,38,139,65,20,70,194,34,198,174,178,9,6,129,2,163,25,51,8,16,125,117,113,156,71,165,87,37,94,173,18,131,110,101,59,80,100,30,134,148,195,97,58,175,151,7,191,181,68,123,72,137,158,54,52,119,187,39,107,55,14,13,111,132,89,75,149,15,135,53,183,69,159,164,90,28,155,73,99,106,136,115,152,35,161,102,86,133,76,122,116,104,17,145,56,21,108,192,40,169,182,29,154,60,177,27,43,127,96,171,141,98,114,64,79,179,47,88,5,186,199,83,153,166,24,150,10,185,62,120,3,168,44,48,63];False
2215;7144;9359;[50,4,121,162,147,67,32,19,172,12,130,84,77,112,93,184,66,157,103,105,74,188,144,31,142,117,167,61,45,138,41,49,78,128,42,57,197,146,55,126,143,160,91,1,33,124,180,196,36,46,140,92,82,23,189,81,0,85,22,26,176,193,109,190,170,95,38,139,65,20,70,194,34,198,174,178,9,6,129,2,163,25,51,8,16,125,11,113,156,71,165,87,37,94,173,18,131,110,101,59,80,100,30,134,148,195,97,58,175,151,7,191,181,68,123,72,137,158,54,52,119,187,39,107,118,14,13,111,132,89,75,149,15,135,53,183,69,159,164,90,28,155,73,99,106,136,115,152,35,161,102,86,133,76,122,116,104,17,145,56,21,108,192,40,169,182,29,154,60,177,27,43,127,96,171,141,98,114,64,79,179,47,88,5,186,199,83,153,166,24,150,10,185,62,120,3,168,44,48,63];False
2313;7103;9416;[50,4,121,162,147,67,32,19,172,12,130,84,77,112,93,184,66,157,103,105,74,188,144,31,142,117,167,61,45,138,41,49,78,128,42,57,197,146,118,126,143,160,91,1,33,124,180,196,36,46,140,92,82,23,189,81,0,85,22,26,176,193,109,190,191,95,38,139,65,20,70,194,34,198,174,178,9,6,129,2,163,25,51,8,16,125,11,113,156,71,165,87,37,94,173,18,131,110,101,59,80,100,30,134,148,195,97,58,175,151,7,170,181,68,123,72,137,158,54,52,119,187,39,107,55,14,13,111,132,89,75,149,15,135,53,183,69,159,164,90,28,155,73,99,106,136,115,152,35,161,102,86,133,76,122,116,104,17,145,56,21,108,192,40,169,182,29,154,60,177,27,43,127,96,171,141,98,114,64,79,179,47,88,5,186,199,83,153,166,24,150,10,185,62,120,3,168,44,48,63];False
2284;7108;9392;[50,4,121,162,147,67,32,19,172,12,130,84,77,112,93,184,66,157,103,105,74,188,144,31,142,117,167,61,45,138,41,49,78,128,42,57,197,146,118,126,143,160,91,1,33,124,180,196,36,46,140,92,82,23,189,81,0,85,22,26,176,193,109,190,170,95,38,139,65,20,51,194,34,198,174,178,9,6,129,2,163,25,70,8,16,125,11,113,156,71,165,87,37,94,173,18,131,110,101,59,80,100,30,134,148,195,97,58,175,151,7,191,181,68,123,72,137,158,54,52,119,187,39,107,55,14,13,111,132,89,75,149,15,135,53,183,69,159,164,90,28,155,73,99,106,136,115,152,35,161,102,86,133,76,122,116,104,17,145,56,21,108,192,40,169,182,29,154,60,177,27,43,127,96,171,141,98,114,64,79,179,47,88,5,186,199,83,153,166,24,150,10,185,62,120,3,168,44,48,63];False
2281;7108;9389;[50,4,121,162,147,67,32,19,172,12,130,84,77,112,93,184,66,157,103,105,74,188,144,31,142,117,167,61,45,138,41,49,78,128,42,57,197,146,118,126,143,160,91,1,33,124,180,196,36,46,140,92,82,23,189,81,0,85,22,26,176,193,109,190,170,95,38,139,65,20,70,145,34,198,174,178,9,6,129,2,163,25,51,8,16,125,11,113,156,71,165,87,37,94,173,18,131,110,101,59,80,100,30,134,148,195,97,58,175,151,7,191,181,68,123,72,137,158,54,52,119,187,39,107,55,14,13,111,132,89,75,149,15,135,53,183,69,159,164,90,28,155,73,99,106,136,115,152,35,161,102,86,133,76,122,116,104,17,194,56,21,108,192,40,169,182,29,154,60,177,27,43,127,96,171,141,98,114,64,79,179,47,88,5,186,199,83,153,166,24,150,10,185,62,120,3,168,44,48,63];False
2219;7134;9353;[50,4,121,162,147,67,32,19,172,12,130,84,77,112,93,184,66,157,103,105,74,188,144,31,142,117,167,61,45,138,41,49,78,128,42,57,197,146,118,126,143,160,91,1,33,124,180,196,36,46,140,92,82,23,189,81,0,85,22,26,176,193,109,190,170,95,38,139,65,20,70,194,34,198,174,178,90,6,129,2,163,25,51,8,16,125,11,113,156,71,165,87,37,94,173,18,131,110,101,59,80,100,30,134,148,195,97,58,175,151,7,191,181,68,123,72,137,158,54,52,119,187,39,107,55,14,13,111,132,89,75,149,15,135,53,183,69,159,164,9,28,155,73,99,106,136,115,152,35,161,102,86,133,76,122,116,104,17,145,56,21,108,192,40,169,182,29,154,60,177,27,43,127,96,171,141,98,114,64,79,179,47,88,5,186,199,83,153,166,24,150,10,185,62,120,3,168,44,48,63];False
2214;7140;9354;[50,4,121,162,147,67,32,19,172,12,130,84,77,112,93,184,66,157,103,105,74,188,144,31,142,117,167,61,45,138,41,49,78,128,42,57,197,146,118,126,143,160,91,1,33,124,180,196,36,46,140,92,82,23,189,81,0,85,22,26,176,193,109,190,170,95,38,139,65,20,70,194,34,198,174,178,9,28,129,2,163,25,51,8,16,125,11,113,156,71,165,87,37,94,173,18,131,110,101,59,80,100,30,134,148,195,97,58,175,151,7,191,181,68,123,72,137,158,54,52,119,187,39,107,55,14,13,111,132,89,75,149,15,135,53,183,69,159,164,90,6,155,73,99,106,136,115,152,35,161,102,86,133,76,122,116,104,17,145,56,21,108,192,40,169,182,29,154,60,177,27,43,127,96,171,141,98,114,64,79,179,47,88,5,186,199,83,153,166,24,150,10,185,62,120,3,168,44,48,63];False
2299;7106;9405;[50,4,121,162,147,67,32,19,172,12,130,84,77,112,93,184,66,157,103,105,74,188,144,31,142,117,167,61,45,138,41,49,78,128,42,57,197,146,118,126,143,160,91,1,33,124,180,196,36,46,140,92,82,23,189,81,0,85,22,26,176,193,109,190,170,95,38,139,65,20,70,194,34,198,174,178,9,6,129,2,163,25,51,16,8,125,11,113,156,71,165,87,37,94,173,18,131,110,101,59,80,100,30,134,148,195,97,58,175,151,7,191,181,68,123,72,137,158,54,52,119,187,39,107,55,14,13,111,132,89,75,149,15,135,53,183,69,159,164,90,28,155,73,99,106,136,115,152,35,161,102,86,133,76,122,116,104,17,145,56,21,108,192,40,169,182,29,154,60,177,27,43,127,96,171,141,98,114,64,79,179,47,88,5,186,199,83,153,166,24,150,10,185,62,120,3,168,44,48,63];False
2318;7100;9418;[50,4,121,162,147,67,32,19,172,12,130,84,77,112,93,184,66,157,103,105,74,188,144,31,142,117,167,61,45,138,41,49,78,128,42,57,197,146,118,126,143,160,91,1,33,124,180,196,36,46,140,92,82,23,189,81,0,85,22,26,176,193,109,190,170,95,38,139,65,20,70,194,34,198,174,178,9,6,129,2,163,25,51,8,16,125,11,113,156,71,165,87,37,94,173,18,131,110,101,59,80,100,30,134,148,195,97,58,175,151,7,191,181,68,123,72,137,158,62,52,119,187,39,107,55,14,13,111,132,89,75,149,15,135,53,183,69,159,164,90,28,155,73,99,106,136,115,152,35,161,102,86,133,76,122,116,104,17,145,56,21,108,192,40,169,182,29,154,60,177,27,43,127,96,171,141,98,114,64,79,179,47,88,5,186,199,83,153,166,24,150,10,185,54,120,3,168,44,48,63];False
2424;7077;9501;[50,4,121,162,147,67,32,19,172,12,130,84,77,112,93,184,66,157,103,105,74,188,144,31,142,117,167,61,45,138,41,49,78,128,42,57,197,146,118,126,143,160,91,1,33,124,180,196,36,46,140,92,82,23,189,81,0,85,22,26,176,193,109,190,170,95,38,139,65,20,70,194,34,198,174,178,9,6,129,2,163,25,51,8,16,125,11,113,156,71,165,87,37,94,173,18,131,110,101,59,80,100,30,134,148,195,97,58,175,151,7,191,181,68,123,72,137,158,54,52,119,187,39,107,55,14,13,111,132,89,75,149,15,135,53,183,69,159,164,90,28,155,73,99,106,136,115,152,35,161,102,86,133,76,122,116,104,17,168,56,21,108,192,40,169,182,29,154,60,177,27,43,127,96,171,141,98,114,64,79,179,47,88,5,186,199,83,153,166,24,150,10,185,62,120,3,145,44,48,63];True
2221;7133;9354;[50,4,121,162,147,67,32,19,172,12,130,84,77,112,93,184,66,157,103,105,74,188,144,31,142,117,167,61,45,138,41,49,78,128,42,57,197,146,118,126,143,160,91,1,33,124,180,196,36,46,140,92,82,23,189,81,0,85,22,26,176,193,109,190,170,95,38,139,65,20,70,194,34,198,174,178,9,6,129,2,163,25,51,8,16,125,11,113,156,71,165,87,37,94,173,18,131,110,101,59,80,100,30,134,148,195,97,58,175,151,7,191,181,68,123,72,137,158,54,52,119,187,39,107,55,14,13,111,132,89,75,149,15,135,53,183,69,159,164,90,28,155,73,99,106,136,115,152,35,161,102,86,133,76,122,116,104,17,145,56,21,108,192,40,169,182,29,154,60,179,27,43,127,96,171,141,98,114,64,79,177,47,88,5,186,199,83,153,166,24,150,10,185,62,120,3,168,44,48,63];True
2200;7157;9357;[51,4,121,162,147,67,32,19,172,12,130,84,77,112,93,184,66,157,103,105,74,188,144,31,142,117,167,61,45,138,41,49,78,128,42,57,197,146,118,126,143,160,91,1,33,124,180,196,36,46,140,92,82,23,189,81,0,85,22,26,176,193,109,190,170,95,38,139,65,20,70,194,34,198,174,178,9,6,129,2,163,25,50,8,16,125,11,113,156,71,165,87,37,94,173,18,131,110,101,59,80,100,30,134,148,195,97,58,151,175,7,191,181,68,123,72,137,158,54,52,119,187,39,107,55,14,13,111,132,89,75,149,15,135,53,183,69,159,164,90,28,155,73,99,106,136,115,152,35,161,102,86,133,76,122,116,104,17,145,56,21,108,192,40,169,182,29,154,60,177,27,43,127,96,171,141,98,114,64,79,179,47,88,5,186,199,83,153,166,24,150,10,185,62,120,3,168,44,48,63];False
2271;7113;9384;[50,4,28,162,147,67,32,19,172,12,130,84,77,112,93,184,66,157,103,105,74,188,144,31,142,117,167,61,45,138,41,49,78,128,42,57,197,146,118,126,143,160,91,1,33,124,180,196,36,46,140,92,82,23,189,81,0,85,22,26,176,193,109,190,170,95,38,139,65,20,70,194,34,198,174,178,9,6,129,2,163,25,51,8,16,125,11,113,156,71,165,87,37,94,173,18,131,110,101,59,80,100,30,134,148,195,97,58,151,175,7,191,181,68,123,72,137,158,54,52,119,187,39,107,55,14,13,111,132,89,75,149,15,135,53,183,69,159,164,90,121,155,73,99,106,136,115,152,35,161,102,86,133,76,122,116,104,17,145,56,21,108,192,40,169,182,29,154,60,177,27,43,127,96,171,141,98,114,64,79,179,47,88,5,186,199,83,153,166,24,150,10,185,62,120,3,168,44,48,63];False
2201;7148;9349;[50,4,121,162,147,32,67,19,172,12,130,84,77,112,93,184,66,157,103,105,74,188,144,31,142,117,167,61,45,138,41,49,78,128,42,57,197,146,118,126,143,160,91,1,33,124,180,196,36,46,140,92,82,23,189,81,0,85,22,26,176,193,109,190,170,95,38,139,65,20,70,194,34,198,174,178,9,6,129,2,163,25,51,8,16,125,11,113,156,71,165,87,37,94,173,18,131,110,101,59,80,100,30,134,148,195,97,58,151,175,7,191,181,68,123,72,137,158,54,52,119,187,39,107,55,14,13,111,132,89,75,149,15,135,53,183,69,159,164,90,28,155,73,99,106,136,115,152,35,161,102,86,133,76,122,116,104,17,145,56,21,108,192,40,169,182,29,154,60,177,27,43,127,96,171,141,98,114,64,79,179,47,88,5,186,199,83,153,166,24,150,10,185,62,120,3,168,44,48,63];False
2232;7116;9348;[50,4,121,162,147,67,32,138,172,12,130,84,77,112,93,184,66,157,103,105,74,188,144,31,142,117,167,61,45,19,41,49,78,128,42,57,197,146,118,126,143,160,91,1,33,124,180,196,36,46,140,92,82,23,189,81,0,85,22,26,176,193,109,190,170,95,38,139,65,20,70,194,34,198,174,178,9,6,129,2,163,25,51,8,16,125,11,113,156,71,165,87,37,94,173,18,131,110,101,59,80,100,30,134,148,195,97,58,151,175,7,191,181,68,123,72,137,158,54,52,119,187,39,107,55,14,13,111,132,89,75,149,15,135,53,183,69,159,164,90,28,155,73,99,106,136,115,152,35,161,102,86,133,76,122,116,104,17,145,56,21,108,192,40,169,182,29,154,60,177,27,43,127,96,171,141,98,114,64,79,179,47,88,5,186,199,83,153,166,24,150,10,185,62,120,3,168,44,48,63];True
2339;7096;9435;[50,4,121,162,147,67,32,19,172,12,130,84,77,112,93,184,66,157,103,105,74,188,168,31,142,117,167,61,45,138,41,49,78,128,42,57,197,146,118,126,143,160,91,1,33,124,180,196,36,46,140,92,82,23,189,81,0,85,22,26,176,193,109,190,170,95,38,139,65,20,70,194,34,198,174,178,9,6,129,2,163,25,51,8,16,125,11,113,156,71,165,87,37,94,173,18,131,110,101,59,80,100,30,134,148,195,97,58,151,175,7,191,181,68,123,72,137,158,54,52,119,187,39,107,55,14,13,111,132,89,75,149,15,135,53,183,69,159,164,90,28,155,73,99,106,136,115,152,35,161,102,86,133,76,122,116,104,17,145,56,21,108,192,40,169,182,29,154,60,177,27,43,127,96,171,141,98,114,64,79,179,47,88,5,186,199,83,153,166,24,150,10,185,62,120,3,144,44,48,63];False
2312;7104;9416;[50,4,121,162,147,67,32,19,172,12,130,84,77,112,93,184,66,157,103,105,74,188,144,31,142,117,167,61,45,138,41,49,78,128,42,57,197,146,118,126,143,160,91,1,33,124,180,196,36,46,140,92,82,23,189,81,0,85,22,26,176,193,109,190,191,95,38,139,65,20,70,194,34,198,174,178,9,6,129,2,163,25,51,8,16,125,11,113,156,71,165,87,37,94,173,18,131,110,101,59,80,100,30,134,148,195,97,58,151,175,7,170,181,68,123,72,137,158,54,52,119,187,39,107,55,14,13,111,132,89,75,149,15,135,53,183,69,159,164,90,28,155,73,99,106,136,115,152,35,161,102,86,133,76,122,116,104,17,145,56,21,108,192,40,169,182,29,154,60,177,27,43,127,96,171,141,98,114,64,79,179,47,88,5,186,199,83,153,166,24,150,10,185,62,120,3,168,44,48,63];False
2280;7109;9389;[50,4,121,162,147,67,32,19,172,12,130,84,77,112,93,184,66,157,103,105,74,188,144,31,142,117,167,61,45,138,41,49,78,128,42,57,197,146,118,126,143,160,91,1,33,124,180,196,36,46,140,92,82,23,189,81,0,85,22,26,176,193,109,190,170,95,38,139,65,20,70,145,34,198,174,178,9,6,129,2,163,25,51,8,16,125,11,113,156,71,165,87,37,94,173,18,131,110,101,59,80,100,30,134,148,195,97,58,151,175,7,191,181,68,123,72,137,158,54,52,119,187,39,107,55,14,13,111,132,89,75,149,15,135,53,183,69,159,164,90,28,155,73,99,106,136,115,152,35,161,102,86,133,76,122,116,104,17,194,56,21,108,192,40,169,182,29,154,60,177,27,43,127,96,171,141,98,114,64,79,179,47,88,5,186,199,83,153,166,24,150,10,185,62,120,3,168,44,48,63];False
2218;7135;9353;[50,4,121,162,147,67,32,19,172,12,130,84,77,112,93,184,66,157,103,105,74,188,144,31,142,117,167,61,45,138,41,49,78,128,42,57,197,146,118,126,143,160,91,1,33,124,180,196,36,46,140,92,82,23,189,81,0,85,22,26,176,193,109,190,170,95,38,139,65,20,70,194,34,198,174,178,90,6,129,2,163,25,51,8,16,125,11,113,156,71,165,87,37,94,173,18,131,110,101,59,80,100,30,134,148,195,97,58,151,175,7,191,181,68,123,72,137,158,54,52,119,187,39,107,55,14,13,111,132,89,75,149,15,135,53,183,69,159,164,9,28,155,73,99,106,136,115,152,35,161,102,86,133,76,122,116,104,17,145,56,21,108,192,40,169,182,29,154,60,177,27,43,127,96,171,141,98,114,64,79,179,47,88,5,186,199,83,153,166,24,150,10,185,62,120,3,168,44,48,63];False
2213;7141;9354;[50,4,121,162,147,67,32,19,172,12,130,84,77,112,93,184,66,157,103,105,74,188,144,31,142,117,167,61,45,138,41,49,78,128,42,57,197,146,118,126,143,160,91,1,33,124,180,196,36,46,140,92,82,23,189,81,0,85,22,26,176,193,109,190,170,95,38,139,65,20,70,194,34,198,174,178,9,28,129,2,163,25,51,8,16,125,11,113,156,71,165,87,37,94,173,18,131,110,101,59,80,100,30,134,148,195,97,58,151,175,7,191,181,68,123,72,137,158,54,52,119,187,39,107,55,14,13,111,132,89,75,149,15,135,53,183,69,159,164,90,6,155,73,99,106,136,115,152,35,161,102,86,133,76,122,116,104,17,145,56,21,108,192,40,169,182,29,154,60,177,27,43,127,96,171,141,98,114,64,79,179,47,88,5,186,199,83,153,166,24,150,10,185,62,120,3,168,44,48,63];False
2298;7107;9405;[50,4,121,162,147,67,32,19,172,12,130,84,77,112,93,184,66,157,103,105,74,188,144,31,142,117,167,61,45,138,41,49,78,128,42,57,197,146,118,126,143,160,91,1,33,124,180,196,36,46,140,92,82,23,189,81,0,85,22,26,176,193,109,190,170,95,38,139,65,20,70,194,34,198,174,178,9,6,129,2,163,25,51,16,8,125,11,113,156,71,165,87,37,94,173,18,131,110,101,59,80,100,30,134,148,195,97,58,151,175,7,191,181,68,123,72,137,158,54,52,119,187,39,107,55,14,13,111,132,89,75,149,15,135,53,183,69,159,164,90,28,155,73,99,106,136,115,152,35,161,102,86,133,76,122,116,104,17,145,56,21,108,192,40,169,182,29,154,60,177,27,43,127,96,171,141,98,114,64,79,179,47,88,5,186,199,83,153,166,24,150,10,185,62,120,3,168,44,48,63];False
2317;7101;9418;[50,4,121,162,147,67,32,19,172,12,130,84,77,112,93,184,66,157,103,105,74,188,144,31,142,117,167,61,45,138,41,49,78,128,42,57,197,146,118,126,143,160,91,1,33,124,180,196,36,46,140,92,82,23,189,81,0,85,22,26,176,193,109,190,170,95,38,139,65,20,70,194,34,198,174,178,9,6,129,2,163,25,51,8,16,125,11,113,156,71,165,87,37,94,173,18,131,110,101,59,80,100,30,134,148,195,97,58,151,175,7,191,181,68,123,72,137,158,62,52,119,187,39,107,55,14,13,111,132,89,75,149,15,135,53,183,69,159,164,90,28,155,73,99,106,136,115,152,35,161,102,86,133,76,122,116,104,17,145,56,21,108,192,40,169,182,29,154,60,177,27,43,127,96,171,141,98,114,64,79,179,47,88,5,186,199,83,153,166,24,150,10,185,54,120,3,168,44,48,63];False
2423;7078;9501;[50,4,121,162,147,67,32,19,172,12,130,84,77,112,93,184,66,157,103,105,74,188,144,31,142,117,167,61,45,138,41,49,78,128,42,57,197,146,118,126,143,160,91,1,33,124,180,196,36,46,140,92,82,23,189,81,0,85,22,26,176,193,109,190,170,95,38,139,65,20,70,194,34,198,174,178,9,6,129,2,163,25,51,8,16,125,11,113,156,71,165,87,37,94,173,18,131,110,101,59,80,100,30,134,148,195,97,58,151,175,7,191,181,68,123,72,137,158,54,52,119,187,39,107,55,14,13,111,132,89,75,149,15,135,53,183,69,159,164,90,28,155,73,99,106,136,115,152,35,161,102,86,133,76,122,116,104,17,168,56,21,108,192,40,169,182,29,154,60,177,27,43,127,96,171,141,98,114,64,79,179,47,88,5,186,199,83,153,166,24,150,10,185,62,120,3,145,44,48,63];True
2281;7106;9387;[50,4,28,162,147,67,32,138,172,12,130,84,77,112,93,184,66,157,103,105,74,188,144,31,142,117,167,61,45,19,41,49,78,128,42,57,197,146,118,126,143,160,91,1,33,124,180,196,36,46,140,92,82,23,189,81,0,85,22,26,176,193,109,190,170,95,38,139,65,20,70,194,34,198,174,178,9,6,129,2,163,25,51,8,16,125,11,113,156,71,165,87,37,94,173,18,131,110,101,59,80,100,30,134,148,195,97,58,175,151,7,191,181,68,123,72,137,158,54,52,119,187,39,107,55,14,13,111,132,89,75,149,15,135,53,183,69,159,164,90,121,155,73,99,106,136,115,152,35,161,102,86,133,76,122,116,104,17,145,56,21,108,192,40,169,182,29,154,60,177,27,43,127,96,171,141,98,114,64,79,179,47,88,5,186,199,83,153,166,24,150,10,185,62,120,3,168,44,48,63];True
2252;7107;9359;[50,4,121,162,147,67,32,91,172,12,130,84,77,112,93,184,66,157,103,105,74,188,144,31,142,117,167,61,45,19,41,49,78,128,42,57,197,146,118,126,143,160,138,1,33,124,180,196,36,46,140,92,82,23,189,81,0,85,22,26,176,193,109,190,170,95,38,139,65,20,70,194,34,198,174,178,9,6,129,2,163,25,51,8,16,125,11,113,156,71,165,87,37,94,173,18,131,110,101,59,80,100,30,134,148,195,97,58,175,151,7,191,181,68,123,72,137,158,54,52,119,187,39,107,55,14,13,111,132,89,75,149,15,135,53,183,69,159,164,90,28,155,73,99,106,136,115,152,35,161,102,86,133,76,122,116,104,17,145,56,21,108,192,40,169,182,29,154,60,177,27,43,127,96,171,141,98,114,64,79,179,47,88,5,186,199,83,153,166,24,150,10,185,62,120,3,168,44,48,63];True
2349;7089;9438;[50,4,121,162,147,67,32,138,172,12,130,84,77,112,93,184,66,157,103,105,74,188,168,31,142,117,167,61,45,19,41,49,78,128,42,57,197,146,118,126,143,160,91,1,33,124,180,196,36,46,140,92,82,23,189,81,0,85,22,26,176,193,109,190,170,95,38,139,65,20,70,194,34,198,174,178,9,6,129,2,163,25,51,8,16,125,11,113,156,71,165,87,37,94,173,18,131,110,101,59,80,100,30,134,148,195,97,58,175,151,7,191,181,68,123,72,137,158,54,52,119,187,39,107,55,14,13,111,132,89,75,149,15,135,53,183,69,159,164,90,28,155,73,99,106,136,115,152,35,161,102,86,133,76,122,116,104,17,145,56,21,108,192,40,169,182,29,154,60,177,27,43,127,96,171,141,98,114,64,79,179,47,88,5,186,199,83,153,166,24,150,10,185,62,120,3,144,44,48,63];True
2211;7134;9345;[50,4,121,162,147,67,32,138,172,12,130,84,77,112,93,184,66,157,103,105,74,188,144,31,142,117,167,61,182,19,41,49,78,128,42,57,197,146,118,126,143,160,91,1,33,124,180,196,36,46,140,92,82,23,189,81,0,85,22,26,176,193,109,190,170,95,38,139,65,20,70,194,34,198,174,178,9,6,129,2,163,25,51,8,16,125,11,113,156,71,165,87,37,94,173,18,131,110,101,59,80,100,30,134,148,195,97,58,175,151,7,191,181,68,123,72,137,158,54,52,119,187,39,107,55,14,13,111,132,89,75,149,15,135,53,183,69,159,164,90,28,155,73,99,106,136,115,152,35,161,102,86,133,76,122,116,104,17,145,56,21,108,192,40,169,45,29,154,60,177,27,43,127,96,171,141,98,114,64,79,179,47,88,5,186,199,83,153,166,24,150,10,185,62,120,3,168,44,48,63];True
2179;7146;9325;[50,4,121,162,147,67,32,138,172,12,130,84,77,112,93,184,66,157,103,105,74,188,144,31,142,117,167,61,45,22,41,49,78,128,42,57,197,146,118,126,143,160,91,1,33,124,180,196,36,46,140,92,82,23,189,81,0,85,19,26,176,193,109,190,170,95,38,139,65,20,70,194,34,198,174,178,9,6,129,2,163,25,51,8,16,125,11,113,156,71,165,87,37,94,173,18,131,110,101,59,80,100,30,134,148,195,97,58,175,151,7,191,181,68,123,72,137,158,54,52,119,187,39,107,55,14,13,111,132,89,75,149,15,135,53,183,69,159,164,90,28,155,73,99,106,136,115,152,35,161,102,86,133,76,122,116,104,17,145,56,21,108,192,40,169,182,29,154,60,177,27,43,127,96,171,141,98,114,64,79,179,47,88,5,186,199,83,153,166,24,150,10,185,62,120,3,168,44,48,63];True
2176;7151;9327;[50,4,121,162,147,67,32,138,172,12,130,84,77,112,93,184,66,157,103,105,74,188,144,31,142,117,167,61,45,65,41,49,78,128,42,57,197,146,118,126,143,160,91,1,33,124,180,196,36,46,140,92,82,23,189,81,0,85,22,26,176,193,109,190,170,95,38,139,19,20,70,194,34,198,174,178,9,6,129,2,163,25,51,8,16,125,11,113,156,71,165,87,37,94,173,18,131,110,101,59,80,100,30,134,148,195,97,58,175,151,7,191,181,68,123,72,137,158,54,52,119,187,39,107,55,14,13,111,132,89,75,149,15,135,53,183,69,159,164,90,28,155,73,99,106,136,115,152,35,161,102,86,133,76,122,116,104,17,145,56,21,108,192,40,169,182,29,154,60,177,27,43,127,96,171,141,98,114,64,79,179,47,88,5,186,199,83,153,166,24,150,10,185,62,120,3,168,44,48,63];True
2322;7097;9419;[50,4,121,162,147,67,32,138,172,12,130,84,77,112,93,184,66,157,103,105,74,188,144,31,142,117,167,61,45,19,41,49,78,128,42,57,197,146,118,126,143,160,91,1,33,124,180,196,36,46,140,92,82,23,189,81,0,85,22,26,176,193,109,190,191,95,38,139,65,20,70,194,34,198,174,178,9,6,129,2,163,25,51,8,16,125,11,113,156,71,165,87,37,94,173,18,131,110,101,59,80,100,30,134,148,195,97,58,175,151,7,170,181,68,123,72,137,158,54,52,119,187,39,107,55,14,13,111,132,89,75,149,15,135,53,183,69,159,164,90,28,155,73,99,106,136,115,152,35,161,102,86,133,76,122,116,104,17,145,56,21,108,192,40,169,182,29,154,60,177,27,43,127,96,171,141,98,114,64,79,179,47,88,5,186,199,83,153,166,24,150,10,185,62,120,3,168,44,48,63];True
2293;7102;9395;[50,4,121,162,147,67,32,138,172,12,130,84,77,112,93,184,66,157,103,105,74,188,144,31,142,117,167,61,45,19,41,49,78,128,42,57,197,146,118,126,143,160,91,1,33,124,180,196,36,46,140,92,82,23,189,81,0,85,22,26,176,193,109,190,170,95,38,139,65,20,51,194,34,198,174,178,9,6,129,2,163,25,70,8,16,125,11,113,156,71,165,87,37,94,173,18,131,110,101,59,80,100,30,134,148,195,97,58,175,151,7,191,181,68,123,72,137,158,54,52,119,187,39,107,55,14,13,111,132,89,75,149,15,135,53,183,69,159,164,90,28,155,73,99,106,136,115,152,35,161,102,86,133,76,122,116,104,17,145,56,21,108,192,40,169,182,29,154,60,177,27,43,127,96,171,141,98,114,64,79,179,47,88,5,186,199,83,153,166,24,150,10,185,62,120,3,168,44,48,63];False
2290;7102;9392;[50,4,121,162,147,67,32,138,172,12,130,84,77,112,93,184,66,157,103,105,74,188,144,31,142,117,167,61,45,19,41,49,78,128,42,57,197,146,118,126,143,160,91,1,33,124,180,196,36,46,140,92,82,23,189,81,0,85,22,26,176,193,109,190,170,95,38,139,65,20,70,145,34,198,174,178,9,6,129,2,163,25,51,8,16,125,11,113,156,71,165,87,37,94,173,18,131,110,101,59,80,100,30,134,148,195,97,58,175,151,7,191,181,68,123,72,137,158,54,52,119,187,39,107,55,14,13,111,132,89,75,149,15,135,53,183,69,159,164,90,28,155,73,99,106,136,115,152,35,161,102,86,133,76,122,116,104,17,194,56,21,108,192,40,169,182,29,154,60,177,27,43,127,96,171,141,98,114,64,79,179,47,88,5,186,199,83,153,166,24,150,10,185,62,120,3,168,44,48,63];True
2308;7100;9408;[50,4,121,162,147,67,32,138,172,12,130,84,77,112,93,184,66,157,103,105,74,188,144,31,142,117,167,61,45,19,41,49,78,128,42,57,197,146,118,126,143,160,91,1,33,124,180,196,36,46,140,92,82,23,189,81,0,85,22,26,176,193,109,190,170,95,38,139,65,20,70,194,34,198,174,178,9,6,129,2,163,25,51,16,8,125,11,113,156,71,165,87,37,94,173,18,131,110,101,59,80,100,30,134,148,195,97,58,175,151,7,191,181,68,123,72,137,158,54,52,119,187,39,107,55,14,13,111,132,89,75,149,15,135,53,183,69,159,164,90,28,155,73,99,106,136,115,152,35,161,102,86,133,76,122,116,104,17,145,56,21,108,192,40,169,182,29,154,60,177,27,43,127,96,171,141,98,114,64,79,179,47,88,5,186,199,83,153,166,24,150,10,185,62,120,3,168,44,48,63];True
2246;7113;9359;[50,4,121,162,147,67,32,138,172,12,130,84,77,112,93,184,66,157,103,105,74,188,144,31,142,117,167,61,45,19,41,49,78,128,42,57,197,146,118,126,143,160,91,1,33,124,180,196,36,46,140,92,82,23,189,81,0,85,22,26,176,193,109,190,170,95,38,139,65,20,70,194,34,198,174,178,9,6,129,2,163,25,51,8,16,125,11,113,156,71,165,87,37,94,173,18,137,110,101,59,80,100,30,134,148,195,97,58,175,151,7,191,181,68,123,72,131,158,54,52,119,187,39,107,55,14,13,111,132,89,75,149,15,135,53,183,69,159,164,90,28,155,73,99,106,136,115,152,35,161,102,86,133,76,122,116,104,17,145,56,21,108,192,40,169,182,29,154,60,177,27,43,127,96,171,141,98,114,64,79,179,47,88,5,186,199,83,153,166,24,150,10,185,62,120,3,168,44,48,63];True
2327;7094;9421;[50,4,121,162,147,67,32,138,172,12,130,84,77,112,93,184,66,157,103,105,74,188,144,31,142,117,167,61,45,19,41,49,78,128,42,57,197,146,118,126,143,160,91,1,33,124,180,196,36,46,140,92,82,23,189,81,0,85,22,26,176,193,109,190,170,95,38,139,65,20,70,194,34,198,174,178,9,6,129,2,163,25,51,8,16,125,11,113,156,71,165,87,37,94,173,18,131,110,101,59,80,100,30,134,148,195,97,58,175,151,7,191,181,68,123,72,137,158,62,52,119,187,39,107,55,14,13,111,132,89,75,149,15,135,53,183,69,159,164,90,28,155,73,99,106,136,115,152,35,161,102,86,133,76,122,116,104,17,145,56,21,108,192,40,169,182,29,154,60,177,27,43,127,96,171,141,98,114,64,79,179,47,88,5,186,199,83,153,166,24,150,10,185,54,120,3,168,44,48,63];True
2433;7071;9504;[50,4,121,162,147,67,32,138,172,12,130,84,77,112,93,184,66,157,103,105,74,188,144,31,142,117,167,61,45,19,41,49,78,128,42,57,197,146,118,126,143,160,91,1,33,124,180,196,36,46,140,92,82,23,189,81,0,85,22,26,176,193,109,190,170,95,38,139,65,20,70,194,34,198,174,178,9,6,129,2,163,25,51,8,16,125,11,113,156,71,165,87,37,94,173,18,131,110,101,59,80,100,30,134,148,195,97,58,175,151,7,191,181,68,123,72,137,158,54,52,119,187,39,107,55,14,13,111,132,89,75,149,15,135,53,183,69,159,164,90,28,155,73,99,106,136,115,152,35,161,102,86,133,76,122,116,104,17,168,56,21,108,192,40,169,182,29,154,60,177,27,43,127,96,171,141,98,114,64,79,179,47,88,5,186,199,83,153,166,24,150,10,185,62,120,3,145,44,48,63];True
1862;7467;9329;[13,172,12,22,26,178,147,3,2,130,84,117,77,112,106,24,66,157,103,105,74,188,93,118,10,0,167,61,45,138,41,49,78,128,42,57,37,121,162,126,143,160,91,1,33,14,94,196,36,182,140,92,82,23,189,81,87,85,104,46,146,193,136,144,170,95,38,139,19,20,51,149,34,194,180,123,90,67,32,72,163,25,70,65,16,190,11,113,156,71,165,184,31,8,173,18,131,110,101,59,80,100,30,134,148,195,97,137,175,151,7,191,181,68,198,142,58,158,54,52,119,187,39,107,55,124,176,111,132,89,75,4,15,135,53,183,69,159,164,9,28,155,73,99,109,50,115,152,35,161,102,86,133,76,122,116,44,125,145,56,21,108,192,40,169,129,29,154,60,177,27,43,127,96,171,141,98,114,64,79,179,47,88,5,186,199,83,153,166,174,150,6,185,62,120,197,168,17,48,63];True
1830;7544;9374;[13,172,12,22,26,178,147,3,2,130,84,117,77,112,106,24,66,157,103,105,74,188,93,118,10,0,101,61,45,138,167,49,78,128,42,57,37,121,162,126,143,160,91,1,33,14,94,196,36,182,140,92,82,23,189,81,87,85,104,46,146,193,136,144,170,95,38,139,19,20,51,149,34,194,180,123,90,67,32,72,163,25,70,65,16,190,11,113,156,71,165,184,31,8,173,18,131,110,41,59,80,100,30,134,148,195,97,137,175,151,7,191,181,68,198,142,58,158,54,52,119,187,39,107,55,124,176,111,132,89,75,4,15,135,53,183,69,159,164,9,28,155,73,99,109,50,115,152,35,161,102,86,133,76,122,116,44,125,145,56,21,108,192,40,169,129,29,154,60,177,27,43,127,96,171,141,98,114,64,79,179,47,88,5,186,199,83,153,166,174,150,6,185,62,120,197,168,17,48,63];False
1819;7550;9369;[13,172,12,22,26,178,147,3,2,130,84,117,77,112,106,24,66,157,103,105,74,188,93,118,10,0,101,61,45,138,41,49,78,128,42,57,37,121,162,126,143,160,91,1,33,14,94,196,52,182,140,92,82,23,189,81,87,85,104,46,146,193,136,144,170,95,38,139,19,20,51,149,34,194,180,123,90,67,32,72,163,25,70,65,16,190,11,113,156,71,165,184,31,8,173,18,131,110,167,59,80,100,30,134,148,195,97,137,175,151,7,191,181,68,198,142,58,158,54,36,119,187,39,107,55,124,176,111,132,89,75,4,15,135,53,183,69,159,164,9,28,155,73,99,109,50,115,152,35,161,102,86,133,76,122,116,44,125,145,56,21,108,192,40,169,129,29,154,60,177,27,43,127,96,171,141,98,114,64,79,179,47,88,5,186,199,83,153,166,174,150,6,185,62,120,197,168,17,48,63];False
1817;7563;9380;[13,172,12,22,26,178,147,3,2,130,84,117,77,112,106,24,66,157,103,105,74,188,93,118,10,0,101,61,45,138,41,49,78,128,42,57,37,121,162,126,143,160,91,1,33,14,94,196,36,44,140,92,82,23,189,81,87,85,104,46,146,193,136,144,170,95,38,139,19,20,51,149,34,194,180,123,90,67,32,72,163,25,70,65,16,190,11,113,156,71,165,184,31,8,173,18,131,110,167,59,80,100,30,134,148,195,97,137,175,151,7,191,181,68,198,142,58,158,54,52,119,187,39,107,55,124,176,111,132,89,75,4,15,135,53,183,69,159,164,9,28,155,73,99,109,50,115,152,35,161,102,86,133,76,122,116,182,125,145,56,21,108,192,40,169,129,29,154,60,177,27,43,127,96,171,141,98,114,64,79,179,47,88,5,186,199,83,153,166,174,150,6,185,62,120,197,168,17,48,63];False
1844;7502;9346;[13,172,12,22,26,178,147,3,2,130,84,117,77,112,106,24,66,157,103,105,74,188,93,118,10,0,101,61,45,138,41,49,78,128,42,57,37,121,162,126,143,160,91,1,33,14,94,196,36,182,140,92,82,23,189,81,87,85,104,20,146,193,136,144,170,95,38,139,19,46,51,149,34,194,180,123,90,67,32,72,163,25,70,65,16,190,11,113,156,71,165,184,31,8,173,18,131,110,167,59,80,100,30,134,148,195,97,137,175,151,7,191,181,68,198,142,58,158,54,52,119,187,39,107,55,124,176,111,132,89,75,4,15,135,53,183,69,159,164,9,28,155,73,99,109,50,115,152,35,161,102,86,133,76,122,116,44,125,145,56,21,108,192,40,169,129,29,154,60,177,27,43,127,96,171,141,98,114,64,79,179,47,88,5,186,199,83,153,166,174,150,6,185,62,120,197,168,17,48,63];True
1830;7541;9371;[13,172,12,22,26,178,147,3,2,130,84,117,77,112,106,24,66,157,103,105,74,188,93,118,10,0,101,61,45,138,41,49,78,128,42,57,37,121,162,126,143,160,91,1,33,14,94,196,36,182,140,92,82,23,189,81,87,85,104,46,146,193,136,144,170,166,38,139,19,20,51,149,34,194,180,123,90,67,32,72,163,25,70,65,16,190,11,113,156,71,165,184,31,8,173,18,131,110,167,59,80,100,30,134,148,195,97,137,175,151,7,191,181,68,198,142,58,158,54,52,119,187,39,107,55,124,176,111,132,89,75,4,15,135,53,183,69,159,164,9,28,155,73,99,109,50,115,152,35,161,102,86,133,76,122,116,44,125,145,56,21,108,192,40,169,129,29,154,60,177,27,43,127,96,171,141,98,114,64,79,179,47,88,5,186,199,83,153,95,174,150,6,185,62,120,197,168,17,48,63];False
1853;7501;9354;[13,172,12,22,26,178,147,3,2,130,84,117,77,112,106,24,66,157,103,105,74,188,93,118,10,0,101,61,45,138,41,49,78,128,42,57,37,121,162,126,143,160,91,1,33,14,94,196,36,182,140,92,82,23,189,81,87,85,104,46,146,193,136,144,170,95,38,139,65,20,51,149,34,194,180,123,90,67,32,72,163,25,70,19,16,190,11,113,156,71,165,184,31,8,173,18,131,110,167,59,80,100,30,134,148,195,97,137,175,151,7,191,181,68,198,142,58,158,54,52,119,187,39,107,55,124,176,111,132,89,75,4,15,135,53,183,69,159,164,9,28,155,73,99,109,50,115,152,35,161,102,86,133,76,122,116,44,125,145,56,21,108,192,40,169,129,29,154,60,177,27,43,127,96,171,141,98,114,64,79,179,47,88,5,186,199,83,153,166,174,150,6,185,62,120,197,168,17,48,63];False
1826;7522;9348;[13,172,12,22,26,178,147,3,2,130,84,117,77,112,106,24,66,157,103,105,74,188,93,118,10,0,101,61,45,138,41,49,78,128,42,57,37,121,162,126,143,160,91,1,33,14,94,196,36,182,140,92,82,23,189,81,87,85,104,46,146,193,136,144,170,95,38,139,19,20,51,149,34,194,180,123,90,111,32,72,163,25,70,65,16,190,11,113,156,71,165,184,31,8,173,18,131,110,167,59,80,100,30,134,148,195,97,137,175,151,7,191,181,68,198,142,58,158,54,52,119,187,39,107,55,124,176,67,132,89,75,4,15,135,53,183,69,159,164,9,28,155,73,99,109,50,115,152,35,161,102,86,133,76,122,116,44,125,145,56,21,108,192,40,169,129,29,154,60,177,27,43,127,96,171,141,98,114,64,79,179,47,88,5,186,199,83,153,166,174,150,6,185,62,120,197,168,17,48,63];False
1822;7537;9359;[13,172,12,22,26,178,147,3,2,130,84,117,77,112,106,24,66,157,103,105,74,188,93,118,10,0,101,61,45,138,41,49,78,128,42,57,37,121,162,126,143,160,91,1,33,14,94,196,36,182,140,92,82,23,189,81,87,85,104,46,146,193,136,144,170,95,38,139,19,20,51,149,34,194,180,123,90,67,32,72,163,25,70,65,16,190,125,113,156,71,165,184,31,8,173,18,131,110,167,59,80,100,30,134,148,195,97,137,175,151,7,191,181,68,198,142,58,158,54,52,119,187,39,107,55,124,176,111,132,89,75,4,15,135,53,183,69,159,164,9,28,155,73,99,109,50,115,152,35,161,102,86,133,76,122,116,44,11,145,56,21,108,192,40,169,129,29,154,60,177,27,43,127,96,171,141,98,114,64,79,179,47,88,5,186,199,83,153,166,174,150,6,185,62,120,197,168,17,48,63];False
1813;7521;9334;[13,172,12,22,26,178,147,3,2,130,84,117,77,112,106,24,66,157,103,105,74,188,93,118,10,0,101,61,45,138,41,49,78,128,42,57,37,121,162,126,143,160,91,1,33,14,94,196,36,182,140,92,82,23,189,81,87,85,104,46,146,193,136,144,170,95,38,139,19,20,51,149,34,194,180,123,90,67,32,72,163,25,70,65,16,190,11,113,156,71,165,184,31,8,173,18,131,110,167,59,80,100,30,134,148,195,97,137,175,151,7,191,181,68,198,142,58,158,54,52,29,187,39,107,55,124,176,111,132,89,75,4,15,135,53,183,69,159,164,9,28,155,73,99,109,50,115,152,35,161,102,86,133,76,122,116,44,125,145,56,21,108,192,40,169,129,119,154,60,177,27,43,127,96,171,141,98,114,64,79,179,47,88,5,186,199,83,153,166,174,150,6,185,62,120,197,168,17,48,63];True
1845;7480;9325;[13,172,12,22,26,178,147,3,2,130,84,117,77,112,106,24,66,157,103,105,74,188,93,118,10,0,101,61,45,138,41,49,78,128,42,57,37,121,162,126,143,160,91,1,33,14,94,196,36,182,140,92,82,23,189,81,87,85,104,46,146,193,136,144,170,95,38,139,19,20,51,149,34,194,180,123,90,67,32,72,163,25,70,65,16,190,11,113,156,71,165,184,31,8,173,18,131,110,167,59,80,100,30,134,148,195,97,137,175,151,7,191,181,68,198,142,58,158,54,52,119,187,39,107,55,124,176,111,132,89,75,129,15,135,53,183,69,159,164,9,28,155,73,99,109,50,115,152,35,161,102,86,133,76,122,116,44,125,145,56,21,108,192,40,169,4,29,154,60,177,27,43,127,96,171,141,98,114,64,79,179,47,88,5,186,199,83,153,166,174,150,6,185,62,120,197,168,17,48,63];True
1810;7555;9365;[104,172,12,22,81,93,147,3,2,130,84,117,77,112,193,24,66,157,103,105,74,188,144,118,10,0,167,61,45,138,41,88,78,128,42,57,37,121,162,126,143,160,91,1,33,124,94,196,36,46,140,92,82,23,189,49,87,106,136,26,146,190,9,178,170,95,38,139,19,20,51,149,34,194,180,123,176,67,32,72,163,25,70,65,16,125,11,113,156,71,165,184,31,8,173,18,131,110,101,59,80,100,30,134,148,195,97,137,175,151,7,191,181,68,198,142,58,158,54,52,29,187,39,107,85,14,13,111,132,89,75,4,15,135,53,183,69,159,164,90,28,155,73,99,109,50,115,152,35,161,102,86,133,76,122,116,17,55,145,56,21,108,192,40,169,129,119,154,60,177,27,43,127,96,171,141,98,114,64,79,179,47,182,83,186,199,5,153,166,174,150,6,185,62,120,197,168,44,48,63];True
1780;7611;9391;[104,172,12,22,81,93,147,3,2,130,84,117,77,112,193,24,66,157,103,105,74,188,144,118,10,0,101,61,45,138,41,88,78,128,42,57,37,121,162,126,143,160,91,1,33,124,94,196,36,46,140,92,82,23,189,49,87,106,136,26,146,159,9,178,170,95,38,139,19,20,51,149,34,194,180,123,176,67,32,72,163,25,70,65,16,125,11,113,156,71,165,184,31,8,173,18,131,110,167,59,80,100,30,134,148,195,97,137,175,151,7,191,181,68,198,142,58,158,54,52,29,187,39,107,85,14,13,111,132,89,75,4,15,135,53,183,69,190,164,90,28,155,73,99,109,50,115,152,35,161,102,86,133,76,122,116,17,55,145,56,21,108,192,40,169,129,119,154,60,177,27,43,127,96,171,141,98,114,64,79,179,47,182,83,186,199,5,153,166,174,150,6,185,62,120,197,168,44,48,63];False
1785;7582;9367;[104,172,12,22,81,93,147,3,2,130,84,117,77,112,193,24,66,157,103,105,74,188,144,118,10,0,167,61,45,138,41,88,78,128,42,57,37,121,162,126,143,160,91,1,33,124,94,196,36,46,140,92,82,23,189,49,87,106,136,26,146,159,9,190,170,95,38,139,19,20,51,149,34,194,180,123,176,67,32,72,163,25,70,65,16,125,11,113,156,71,165,184,31,8,173,18,131,110,101,59,80,100,30,134,148,195,97,137,175,151,7,191,181,68,198,142,58,158,54,52,29,187,39,107,85,14,13,111,132,89,75,4,15,135,53,183,69,178,164,90,28,155,73,99,109,50,115,152,35,161,102,86,133,76,122,116,17,55,145,56,21,108,192,40,169,129,119,154,60,177,27,43,127,96,171,141,98,114,64,79,179,47,182,83,186,199,5,153,166,174,150,6,185,62,120,197,168,44,48,63];True
1778;7612;9390;[104,172,12,22,81,93,147,3,2,130,132,117,77,112,193,24,66,157,103,105,74,188,144,118,10,0,167,61,45,138,41,88,78,128,42,57,37,121,162,126,143,160,91,1,33,124,94,196,36,46,140,92,82,23,189,49,87,106,136,26,146,159,9,190,170,95,38,139,19,20,51,149,34,194,180,123,176,67,32,72,163,25,70,65,16,125,11,113,156,71,165,184,31,8,173,18,131,110,101,59,80,100,30,134,148,195,97,137,175,151,7,191,181,68,198,142,58,158,54,52,29,187,39,107,85,14,13,111,84,89,75,4,15,135,53,183,69,178,164,90,28,155,73,99,109,50,115,152,35,161,102,86,133,76,122,116,17,55,145,56,21,108,192,40,169,129,119,154,60,177,27,43,127,96,171,141,98,114,64,79,179,47,182,5,186,199,83,153,166,174,150,6,185,62,120,197,168,44,48,63];False
1756;7636;9392;[104,172,12,22,81,93,147,3,2,130,84,117,77,112,193,24,66,157,103,105,74,188,144,118,10,0,101,61,45,138,41,88,78,128,42,57,37,121,162,126,143,160,91,1,33,124,94,196,36,46,140,92,82,23,189,49,87,106,136,26,146,159,9,190,170,95,38,139,19,20,51,149,34,194,180,123,176,67,32,72,163,25,70,65,16,125,11,113,156,71,165,184,31,8,173,18,131,110,167,59,80,100,30,134,148,195,97,137,175,151,7,191,181,68,198,142,58,158,54,52,29,187,39,107,85,14,13,111,132,89,75,4,15,135,53,183,69,178,164,90,28,155,73,99,109,50,115,152,35,161,102,86,133,76,122,116,17,55,145,56,21,108,192,40,169,129,119,154,60,177,27,43,127,96,171,141,98,114,64,79,179,47,182,5,186,199,83,153,166,174,150,6,185,62,120,197,168,44,48,63];True
1774;7620;9394;[104,172,12,22,81,93,147,3,2,130,84,117,77,112,193,24,66,157,103,105,74,188,144,118,10,0,167,61,45,138,41,88,78,128,42,57,37,121,162,126,143,160,91,1,33,124,94,196,36,46,140,92,82,23,189,49,87,106,136,26,146,159,9,190,170,166,38,139,19,20,51,149,34,194,180,123,176,67,32,72,163,25,70,65,16,125,11,113,156,71,165,184,31,8,173,18,131,110,101,59,80,100,30,134,148,195,97,137,175,151,7,191,181,68,198,142,58,158,54,52,29,187,39,107,85,14,13,111,132,89,75,4,15,135,53,183,69,178,164,90,28,155,73,99,109,50,115,152,35,161,102,86,133,76,122,116,17,55,145,56,21,108,192,40,169,129,119,154,60,177,27,43,127,96,171,141,98,114,64,79,179,47,182,5,186,199,83,153,95,174,150,6,185,62,120,197,168,44,48,63];False
1797;7580;9377;[104,172,12,22,81,93,147,3,2,130,84,117,77,112,193,24,66,157,103,105,74,188,144,118,10,0,167,61,45,138,41,88,78,128,42,57,37,121,162,126,143,160,91,1,33,124,94,196,36,46,140,92,82,23,189,49,87,106,136,26,146,159,9,190,170,95,38,139,65,20,51,149,34,194,180,123,176,67,32,72,163,25,70,19,16,125,11,113,156,71,165,184,31,8,173,18,131,110,101,59,80,100,30,134,148,195,97,137,175,151,7,191,181,68,198,142,58,158,54,52,29,187,39,107,85,14,13,111,132,89,75,4,15,135,53,183,69,178,164,90,28,155,73,99,109,50,115,152,35,161,102,86,133,76,122,116,17,55,145,56,21,108,192,40,169,129,119,154,60,177,27,43,127,96,171,141,98,114,64,79,179,47,182,5,186,199,83,153,166,174,150,6,185,62,120,197,168,44,48,63];True
1747;7665;9412;[104,172,12,22,81,93,147,3,2,130,84,117,77,112,193,24,66,157,103,105,74,188,144,118,10,0,167,61,45,138,41,88,78,128,42,57,37,121,162,126,143,160,91,1,33,124,94,196,36,46,140,92,82,23,189,49,87,106,136,26,146,159,9,190,170,95,38,139,19,20,51,149,34,194,180,123,176,67,32,72,163,25,70,65,16,125,11,113,156,71,127,184,31,8,173,18,131,110,101,59,80,100,30,134,148,195,97,137,175,151,7,191,181,68,198,142,58,158,54,52,29,187,39,107,85,14,13,111,132,89,75,4,15,135,53,183,69,178,164,90,28,155,73,99,109,50,115,152,35,161,102,86,133,76,122,116,17,55,145,56,21,108,192,40,169,129,119,154,60,177,27,43,165,96,171,141,98,114,64,79,179,47,182,5,186,199,83,153,166,174,150,6,185,62,120,197,168,44,48,63];False
1740;7677;9417;[104,172,12,22,81,93,147,3,2,130,84,117,77,112,193,24,66,157,103,105,74,188,144,118,10,0,167,61,45,138,41,88,78,128,42,57,37,121,162,126,143,160,91,1,33,124,94,196,36,46,140,92,82,23,189,49,87,106,136,26,146,159,9,190,170,95,38,139,19,20,51,149,34,194,180,123,176,67,32,72,163,25,70,65,16,125,11,113,156,71,165,184,101,8,173,18,131,110,31,59,80,100,30,134,148,195,97,137,175,151,7,191,181,68,198,142,58,158,54,52,29,187,39,107,85,14,13,111,132,89,75,4,15,135,53,183,69,178,164,90,28,155,73,99,109,50,115,152,35,161,102,86,133,76,122,116,17,55,145,56,21,108,192,40,169,129,119,154,60,177,27,43,127,96,171,141,98,114,64,79,179,47,182,5,186,199,83,153,166,174,150,6,185,62,120,197,168,44,48,63];False
1778;7603;9381;[104,172,12,22,81,93,147,3,2,130,84,117,77,112,193,24,66,157,103,105,74,188,144,118,10,0,167,61,45,138,41,88,78,128,42,57,37,121,162,126,143,160,91,1,33,124,94,196,36,46,140,92,82,23,189,49,87,106,136,26,146,159,9,190,170,95,38,139,19,20,51,149,34,194,180,123,176,67,32,72,163,25,70,65,16,125,11,113,156,71,165,184,31,8,173,18,131,110,101,59,80,100,30,134,148,195,97,137,175,151,7,191,181,68,198,142,58,158,54,52,29,187,39,107,85,14,13,111,132,89,75,4,15,135,53,183,69,178,164,90,28,155,73,99,109,50,115,152,35,161,102,86,133,76,122,116,17,55,145,56,21,108,192,40,169,129,119,154,60,179,27,43,127,96,171,141,98,114,64,79,177,47,182,5,186,199,83,153,166,174,150,6,185,62,120,197,168,44,48,63];True
1781;7587;9368;[37,172,12,22,81,93,147,3,2,130,84,117,77,112,193,24,66,157,103,105,74,188,144,118,10,0,167,61,45,138,41,88,104,128,42,57,87,121,162,126,143,160,91,1,33,124,94,196,36,46,140,92,82,23,189,49,178,106,136,26,146,159,35,78,170,95,38,139,19,20,51,149,34,194,180,123,176,67,32,72,163,25,70,65,16,125,11,113,156,71,165,184,31,8,173,18,131,110,101,59,80,100,30,134,148,195,97,137,175,151,7,191,181,68,198,142,58,158,54,52,29,187,39,107,85,14,13,111,132,89,75,4,15,135,53,183,69,190,164,90,28,155,73,99,109,50,115,152,43,161,102,86,133,76,122,116,17,55,145,56,21,108,192,40,169,129,119,154,60,177,27,185,127,96,171,141,98,114,64,79,179,47,182,5,186,199,83,153,166,174,150,6,9,62,120,197,168,44,48,63];True
1775;7614;9389;[37,172,12,22,81,93,147,3,2,130,84,117,77,112,193,24,66,157,103,105,74,188,144,118,10,110,167,61,45,138,41,88,104,128,42,57,87,121,162,126,143,160,91,1,33,124,94,196,36,46,140,92,82,23,189,49,178,106,136,26,146,159,35,78,170,95,38,139,19,20,51,149,34,194,180,123,176,67,32,72,163,25,70,65,16,125,11,113,156,71,165,184,8,31,173,18,131,0,101,59,80,100,30,134,148,195,97,137,175,151,7,191,181,68,198,142,58,158,54,52,29,187,39,107,85,14,13,111,132,89,75,4,15,135,53,183,69,190,164,90,28,155,73,99,109,50,115,152,43,161,102,86,133,76,122,116,17,55,145,56,21,108,192,40,169,129,119,154,60,177,27,185,127,96,171,141,98,114,64,79,179,47,182,5,186,199,83,153,166,174,150,6,9,62,120,197,168,44,48,63];False
1745;7666;9411;[37,172,12,22,81,93,147,3,2,130,84,117,77,112,193,24,66,157,103,105,74,188,144,118,10,110,167,61,45,138,41,88,104,128,42,57,87,121,162,126,143,160,91,1,33,124,94,196,36,46,140,92,82,23,189,49,178,106,136,26,146,159,35,78,170,95,38,139,19,20,51,149,34,194,180,123,176,67,32,72,163,25,70,65,16,125,11,113,156,71,165,184,31,8,173,18,131,0,101,59,80,100,30,134,148,195,97,137,175,151,7,191,181,68,198,142,58,158,54,52,29,187,39,107,85,14,13,111,132,89,75,4,15,108,53,183,69,190,164,90,28,155,73,99,109,50,115,152,43,161,102,86,133,76,122,116,17,55,145,56,21,135,192,40,169,129,119,154,60,177,27,185,127,96,171,141,98,114,64,79,179,47,182,5,186,199,83,153,166,174,150,6,9,62,120,197,168,44,48,63];False
1749;7662;9411;[37,172,12,22,81,93,147,3,2,130,84,117,77,112,193,24,66,157,103,105,74,188,144,118,10,110,167,61,45,138,41,88,104,128,42,57,87,121,162,126,143,160,91,1,33,124,94,196,36,46,140,92,82,23,189,49,178,106,136,26,146,159,35,78,170,95,38,139,19,20,51,149,34,194,180,123,176,67,32,72,163,25,70,65,16,125,11,113,156,71,165,184,31,8,173,18,131,0,101,59,80,100,30,134,148,195,97,137,175,151,7,191,181,68,198,142,58,158,54,52,29,187,39,107,85,14,13,111,132,89,75,4,15,135,53,183,69,190,164,90,28,155,73,99,109,50,115,152,43,161,102,86,133,153,122,116,17,55,145,56,21,108,192,40,169,129,119,154,60,177,27,185,127,96,171,141,98,114,64,79,179,47,182,5,186,199,83,76,166,174,150,6,9,62,120,197,168,44,48,63];False
1761;7633;9394;[37,172,12,22,81,93,147,3,2,130,84,117,77,112,193,24,66,157,103,105,74,188,144,118,10,110,167,61,45,138,41,88,104,128,42,57,87,121,162,126,143,160,91,1,33,124,94,196,36,46,140,92,82,23,189,49,178,106,136,26,146,159,35,78,170,95,38,139,19,20,51,149,34,194,180,123,176,67,32,72,163,25,70,65,16,125,11,113,156,71,165,184,31,8,173,18,131,0,101,59,80,100,30,134,148,195,97,137,175,151,7,191,181,68,198,142,58,158,54,52,29,187,39,107,85,14,13,111,132,89,75,4,15,135,53,183,69,190,164,90,28,155,73,99,109,50,115,152,43,161,102,86,133,76,122,116,17,55,145,56,21,108,192,40,169,129,119,154,60,179,27,185,127,96,171,141,98,114,64,79,177,47,182,5,186,199,83,153,166,174,150,6,9,62,120,197,168,44,48,63];True
1768;7612;9380;[37,172,12,22,81,93,147,3,2,130,84,117,77,112,193,24,66,157,103,105,74,188,144,118,10,110,167,61,45,138,41,88,104,128,42,57,87,121,162,126,143,160,91,1,33,124,94,196,36,46,140,92,82,23,189,49,178,106,136,26,146,159,35,78,170,95,38,139,19,20,51,149,34,194,180,123,176,67,32,72,163,25,70,65,16,125,11,113,156,71,165,184,31,8,173,18,131,0,101,59,80,100,30,134,148,195,97,137,175,151,7,191,181,68,198,142,58,158,54,52,29,187,39,107,85,14,13,111,132,89,75,4,15,135,53,183,69,190,164,90,28,155,73,99,109,50,115,152,43,161,102,86,133,76,122,116,17,55,145,56,21,108,192,40,169,129,119,154,60,177,27,185,127,96,171,141,98,114,64,79,179,47,182,83,186,199,5,153,166,174,150,6,9,62,120,197,168,44,48,63];True
1735;7703;9438;[9,180,41,22,26,178,120,3,2,130,84,117,77,112,31,29,66,157,103,105,74,188,144,118,147,0,101,61,45,138,167,172,78,128,42,57,37,121,162,126,143,160,91,1,33,124,94,196,36,182,140,92,82,23,189,81,87,85,104,20,146,193,109,93,170,95,38,139,19,194,51,149,34,127,175,123,176,67,32,72,137,25,70,65,16,190,11,113,156,71,165,184,125,8,173,18,131,110,12,59,80,100,30,134,148,195,97,58,6,43,7,191,181,68,198,142,163,158,54,52,119,187,39,107,55,14,13,197,132,89,75,4,15,108,53,183,69,159,164,90,28,155,73,99,106,136,115,152,35,161,102,86,133,76,122,116,49,46,145,56,21,135,192,40,169,129,24,154,60,177,27,151,111,96,171,141,98,114,64,79,179,47,88,5,186,199,83,153,166,174,150,10,185,62,44,50,168,17,48,63];True
1744;7666;9410;[9,180,41,22,26,178,120,3,2,130,84,117,77,112,31,29,66,157,103,105,74,188,144,118,147,0,101,61,45,138,167,172,78,128,42,57,37,121,162,126,143,160,91,1,33,124,94,196,36,182,140,92,82,23,189,81,87,85,104,20,146,193,109,93,170,95,38,139,19,194,51,149,34,127,175,123,49,67,32,72,137,25,70,65,16,190,11,113,156,71,165,184,125,8,173,18,131,110,12,59,80,100,30,134,148,195,97,58,6,43,7,191,181,68,198,142,163,158,54,52,119,187,39,107,55,14,13,197,132,89,75,4,15,135,53,183,69,159,164,90,28,155,73,99,106,136,115,152,35,176,102,86,133,76,122,116,161,46,145,56,21,108,192,40,169,129,24,154,60,177,27,151,111,96,171,141,98,114,64,79,179,47,88,5,186,199,83,153,166,174,150,10,185,62,44,50,168,17,48,63];False
1701;7751;9452;[9,180,12,22,26,178,120,3,2,130,84,117,77,112,31,29,66,157,103,105,74,188,144,118,147,0,101,61,45,138,167,172,78,128,42,57,37,121,162,126,143,160,91,1,33,124,94,196,52,182,140,92,82,23,189,81,87,85,104,20,146,193,109,93,170,95,38,139,19,194,51,149,34,127,175,123,49,67,32,72,137,25,70,65,16,190,11,113,156,71,165,184,125,8,173,18,131,110,41,59,80,100,30,134,148,195,97,58,6,43,7,191,181,68,198,142,163,158,54,36,119,187,39,107,55,14,13,197,132,89,75,4,15,135,53,183,69,159,164,90,28,155,73,99,106,136,115,152,35,176,102,86,133,76,122,116,161,46,145,56,21,108,192,40,169,129,24,154,60,177,27,151,111,96,171,141,98,114,64,79,179,47,88,5,186,199,83,153,166,174,150,10,185,62,44,50,168,17,48,63];True
1717;7729;9446;[9,180,12,22,26,178,120,3,2,130,84,117,77,112,31,29,66,157,103,105,74,188,144,118,147,0,101,61,45,138,167,172,78,128,42,57,37,121,162,126,143,160,91,1,33,124,94,196,36,182,140,92,82,23,189,81,87,85,104,20,146,193,109,93,170,95,38,139,19,194,51,149,34,127,175,123,49,67,32,72,137,25,70,65,16,190,186,113,156,71,165,184,125,8,173,18,131,110,41,59,80,100,30,134,148,195,97,58,6,43,7,191,181,68,198,142,163,158,54,52,119,187,39,107,55,14,13,197,132,89,75,4,15,135,53,183,69,159,164,90,28,155,73,99,106,136,115,152,35,176,102,86,133,76,122,116,161,46,145,56,21,108,192,40,169,129,24,154,60,177,27,151,111,96,171,141,98,114,64,79,179,47,88,5,11,199,83,153,166,174,150,10,185,62,44,50,168,17,48,63];False
1681;7766;9447;[9,180,12,22,26,178,120,3,2,130,84,117,77,112,31,29,66,157,103,105,74,188,144,118,147,0,101,61,45,138,167,172,78,128,42,57,37,121,162,126,143,160,91,1,33,124,94,196,36,182,140,92,82,23,189,81,87,85,104,20,146,193,109,93,170,95,38,139,19,194,51,149,34,127,175,123,49,67,32,72,137,25,70,65,16,190,11,113,156,71,165,184,125,8,173,18,131,110,41,59,80,100,30,134,148,195,97,58,6,43,7,191,181,68,198,142,163,158,54,52,119,187,39,107,55,14,13,197,132,89,75,4,15,135,53,183,69,159,164,90,28,155,73,99,106,136,115,152,35,176,50,86,133,76,122,116,161,46,145,56,21,108,192,40,169,129,24,154,60,177,27,151,111,96,171,141,98,114,64,79,179,47,88,5,186,199,83,153,166,174,150,10,185,62,44,102,168,17,48,63];False
1716;7725;9441;[9,180,12,22,26,178,120,3,2,130,84,117,77,112,31,29,66,157,103,105,74,188,144,118,147,0,101,61,45,138,167,172,78,128,42,57,37,121,162,126,143,160,91,1,33,124,94,196,36,182,140,92,82,23,189,81,87,85,104,20,146,193,109,93,170,95,38,139,19,194,51,149,34,127,175,123,49,67,32,72,137,25,70,65,16,190,11,113,156,71,165,184,125,8,173,18,131,110,41,59,80,100,30,134,148,195,97,58,6,43,7,191,181,68,198,142,163,158,54,52,119,187,39,107,55,14,13,197,132,89,75,4,15,135,53,183,69,159,164,90,28,155,73,99,106,136,115,152,35,176,102,86,133,76,122,116,161,46,145,56,21,108,192,40,169,129,24,154,60,179,27,151,111,96,171,141,98,114,64,79,177,47,88,5,186,199,83,153,166,174,150,10,185,62,44,50,168,17,48,63];False
1739;7651;9390;[50,180,123,22,26,178,120,3,2,130,84,117,77,112,31,29,66,157,103,105,74,188,144,118,147,0,101,61,45,138,167,172,78,128,42,57,37,121,162,126,143,160,91,1,33,124,94,196,36,182,140,92,82,23,189,81,87,85,104,20,146,193,109,93,170,95,38,139,19,194,51,149,34,127,175,12,49,67,32,72,137,25,70,65,16,190,11,113,156,71,165,184,125,8,173,18,131,110,41,59,80,100,30,134,148,195,97,58,6,43,7,191,181,68,198,142,163,158,54,52,119,187,39,107,55,14,13,197,132,89,75,4,15,135,53,183,69,159,164,90,28,155,73,99,106,136,115,152,35,176,9,86,133,76,122,116,161,46,145,56,21,108,192,40,169,129,24,154,60,177,27,151,111,96,171,141,98,114,64,79,179,47,88,5,186,199,83,153,166,174,150,10,185,62,44,102,168,17,48,63];True
1721;7709;9430;[9,180,123,22,26,178,120,3,2,130,84,117,77,112,31,29,66,157,103,105,74,188,144,118,147,0,101,61,45,138,167,172,86,128,42,57,37,121,162,126,143,160,91,1,33,124,94,196,36,182,140,92,82,23,189,81,87,85,104,20,146,193,109,93,170,95,38,139,19,194,51,149,34,127,175,12,49,67,32,72,137,25,70,65,16,190,11,113,156,71,165,184,125,8,173,18,131,110,41,59,80,100,30,134,148,195,97,58,6,43,7,191,181,68,198,142,163,158,54,52,119,187,39,107,55,14,13,197,132,89,75,4,15,135,53,183,69,159,164,90,28,155,73,99,106,136,115,152,35,176,50,78,133,76,122,116,161,46,145,56,21,108,192,40,169,129,24,154,60,177,27,151,111,96,171,141,98,114,64,79,179,47,88,5,186,199,83,153,166,174,150,10,185,62,44,102,168,17,48,63];False
1705;7704;9409;[9,180,123,22,26,178,120,3,2,130,84,117,77,112,31,29,66,157,103,105,74,188,144,118,147,0,101,61,45,138,167,172,78,128,42,57,37,121,162,126,143,160,91,1,33,124,94,196,36,182,140,92,82,23,189,81,87,85,104,20,146,193,109,93,170,95,38,139,19,194,102,149,34,127,175,12,49,67,32,72,137,25,70,65,16,190,11,113,156,71,165,184,125,8,173,18,131,110,41,59,80,100,30,134,148,195,97,58,6,43,7,191,181,68,198,142,163,158,54,52,119,187,39,107,55,14,13,197,132,89,75,4,15,135,53,183,69,159,164,90,28,155,73,99,106,136,115,152,35,176,50,86,133,76,122,116,161,46,145,56,21,108,192,40,169,129,24,154,60,177,27,151,111,96,171,141,98,114,64,79,179,47,88,5,186,199,83,153,166,174,150,10,185,62,44,51,168,17,48,63];True
1700;7757;9457;[9,180,123,22,26,178,120,3,2,130,84,117,77,112,31,29,66,157,103,105,74,188,144,118,147,0,101,61,45,138,167,172,78,128,42,57,37,121,162,126,143,160,91,1,33,124,94,196,36,182,140,92,82,23,189,81,87,85,104,20,146,193,109,93,170,95,38,139,19,194,51,149,34,127,175,12,49,67,32,72,137,25,70,65,16,190,11,113,156,71,165,184,125,8,173,18,131,110,41,59,80,100,30,134,148,195,97,58,6,43,7,191,181,68,198,142,163,158,54,52,119,187,39,107,55,14,13,197,132,89,75,4,15,135,53,183,69,159,164,90,28,155,73,99,106,136,115,152,35,176,50,86,133,76,122,116,161,46,145,56,21,108,192,40,169,129,24,154,60,179,27,151,111,96,171,141,98,114,64,79,177,47,88,5,186,199,83,153,166,174,150,10,185,62,44,102,168,17,48,63];False
1649;7824;9473;[180,172,12,22,26,178,120,3,2,130,84,117,77,112,31,29,66,157,103,44,74,188,93,164,100,0,101,61,45,138,126,185,78,128,42,57,37,121,162,146,118,10,91,1,33,124,94,196,52,182,140,92,82,23,189,81,87,85,104,20,167,193,136,144,62,95,38,139,19,194,51,149,34,127,175,123,90,67,32,72,137,25,170,65,16,190,11,113,156,71,165,184,125,8,173,18,131,110,41,59,80,147,30,134,148,195,97,58,6,43,7,191,181,68,198,142,163,158,54,36,119,187,39,107,55,14,13,197,132,89,75,4,15,135,53,183,69,159,9,105,28,155,73,99,106,70,115,152,35,161,102,86,133,76,122,116,49,46,145,56,21,108,192,40,169,129,24,154,60,177,27,151,111,96,171,141,98,114,64,79,179,47,88,5,186,199,83,153,166,174,150,160,143,109,176,50,168,17,48,63];True
1646;7828;9474;[180,172,12,22,26,178,120,3,2,130,84,117,77,112,31,29,66,157,103,44,74,188,93,164,100,0,101,61,45,138,126,185,78,128,42,57,37,121,162,146,118,10,91,1,33,124,94,196,36,182,140,92,82,23,189,81,87,85,104,20,167,193,136,144,181,95,38,139,19,194,51,149,34,127,175,123,90,67,32,72,137,25,170,65,16,190,11,113,156,71,165,184,125,8,173,18,131,110,41,59,80,147,30,134,148,195,97,58,6,43,7,191,62,68,198,142,163,158,54,52,119,187,39,107,55,14,13,197,132,89,75,4,15,135,53,183,69,159,9,105,28,155,73,99,106,70,115,152,35,161,102,86,133,76,122,116,49,46,145,56,21,108,192,40,169,129,24,154,60,177,27,151,111,96,171,141,98,114,64,79,179,47,88,5,186,199,83,153,166,174,150,160,143,109,176,50,168,17,48,63];True
1658;7816;9474;[180,172,12,22,26,178,120,3,2,130,84,117,77,112,31,29,66,157,103,44,74,188,93,164,100,0,101,61,45,138,126,185,78,128,42,57,37,121,162,146,118,10,91,1,33,124,94,196,36,182,140,92,82,23,189,81,87,85,104,20,167,193,136,144,62,95,38,139,19,194,51,149,34,127,175,123,90,67,32,72,137,25,170,65,9,190,11,113,156,71,165,184,125,8,173,18,131,110,41,59,80,147,30,134,148,195,97,58,6,43,7,191,181,68,198,142,163,158,54,52,119,187,39,107,55,14,13,197,132,89,75,4,15,135,53,183,69,159,16,105,28,155,73,99,106,70,115,152,35,161,102,86,133,76,122,116,49,46,145,56,21,108,192,40,169,129,24,154,60,177,27,151,111,96,171,141,98,114,64,79,179,47,88,5,186,199,83,153,166,174,150,160,143,109,176,50,168,17,48,63];False
1698;7753;9451;[180,172,12,22,26,178,120,3,2,130,84,117,77,112,31,29,66,157,103,44,74,188,93,164,100,0,101,61,45,138,126,185,78,128,42,57,37,121,162,146,118,10,91,1,33,124,94,196,36,182,140,92,82,23,189,81,87,85,104,20,167,193,136,144,62,95,38,139,19,194,51,149,34,127,175,123,90,67,32,72,137,25,170,65,16,125,11,113,156,71,165,184,190,8,173,18,131,110,41,59,80,147,30,134,148,195,97,58,6,43,7,191,181,68,198,142,163,158,54,52,119,187,39,107,55,14,13,197,132,89,75,4,15,135,53,183,69,159,9,105,28,155,73,99,106,70,115,152,35,161,102,86,133,76,122,116,49,46,145,56,21,108,192,40,169,129,24,154,60,177,27,151,111,96,171,141,98,114,64,79,179,47,88,5,186,199,83,153,166,174,150,160,143,109,176,50,168,17,48,63];True
1678;7783;9461;[180,172,12,22,26,178,120,3,2,130,84,117,77,112,31,29,66,157,103,44,74,188,93,164,100,0,101,61,45,138,126,185,78,128,42,57,37,121,162,146,118,10,91,1,33,124,94,196,36,182,140,92,82,23,189,81,87,85,104,20,167,193,136,144,62,95,38,139,19,194,51,149,34,127,175,123,90,67,32,72,137,25,170,65,16,190,195,113,156,71,165,184,125,8,173,18,131,110,41,59,80,147,30,134,148,11,97,58,6,43,7,191,181,68,198,142,163,158,54,52,119,187,39,107,55,14,13,197,132,89,75,4,15,135,53,183,69,159,9,105,28,155,73,99,106,70,115,152,35,161,102,86,133,76,122,116,49,46,145,56,21,108,192,40,169,129,24,154,60,177,27,151,111,96,171,141,98,114,64,79,179,47,88,5,186,199,83,153,166,174,150,160,143,109,176,50,168,17,48,63];False
1663;7800;9463;[180,172,12,22,26,178,120,3,2,130,84,117,77,112,31,29,66,157,103,44,74,188,93,164,100,0,101,61,45,138,126,185,78,128,42,57,37,121,162,146,118,10,91,1,33,124,94,196,36,182,140,92,82,23,189,81,87,85,104,20,167,193,136,144,62,95,38,139,19,194,51,149,34,127,175,123,90,67,32,72,137,25,170,65,16,190,11,113,156,71,165,184,125,8,173,18,131,110,41,59,80,147,30,134,148,195,97,58,6,43,7,191,181,68,198,142,163,158,54,52,119,187,39,107,55,14,13,197,132,89,75,4,15,135,53,183,69,159,9,105,28,155,73,99,106,70,115,152,35,49,102,86,133,76,122,116,161,46,145,56,21,108,192,40,169,129,24,154,60,177,27,151,111,96,171,141,98,114,64,79,179,47,88,5,186,199,83,153,166,174,150,160,143,109,176,50,168,17,48,63];False
1680;7775;9455;[180,172,12,22,26,178,120,3,2,130,84,117,77,112,31,29,66,157,103,44,74,188,93,164,100,0,101,61,45,55,126,185,78,128,42,57,37,121,162,146,190,10,91,1,33,124,94,196,36,182,140,92,82,23,189,81,87,85,104,20,167,193,136,144,62,95,38,139,19,194,51,149,34,127,175,123,90,67,32,72,137,25,170,65,16,125,11,113,156,71,165,184,118,8,173,18,131,110,41,59,80,147,30,134,148,195,97,58,6,43,7,191,181,68,198,142,163,158,54,52,119,187,39,107,138,14,13,197,132,89,75,4,15,135,53,183,69,159,9,105,28,155,73,99,106,70,115,152,35,161,102,86,133,76,122,116,49,46,145,56,21,108,192,40,169,129,24,154,60,177,27,151,111,96,171,141,98,114,64,79,179,47,88,5,186,199,83,153,166,174,150,160,143,109,176,50,168,17,48,63];False
1651;7764;9415;[180,172,12,22,26,178,120,3,2,130,84,117,77,112,31,29,66,157,103,44,74,188,93,164,100,0,101,61,45,55,126,185,78,128,42,57,37,121,162,146,118,10,91,1,33,124,94,196,36,182,140,92,82,23,189,81,87,85,104,20,167,193,136,144,62,95,38,139,19,194,51,149,34,127,175,123,90,67,32,72,137,25,170,65,16,125,11,113,156,71,165,184,143,8,173,18,131,110,41,59,80,147,30,134,148,195,97,58,6,43,7,191,181,68,198,142,163,158,54,52,119,187,39,107,138,14,13,197,132,89,75,4,15,135,53,183,69,159,9,105,28,155,73,99,106,70,115,152,35,161,102,86,133,76,122,116,49,46,145,56,21,108,192,40,169,129,24,154,60,177,27,151,111,96,171,141,98,114,64,79,179,47,88,5,186,199,83,153,166,174,150,160,190,109,176,50,168,17,48,63];True
1623;7874;9497;[180,172,12,22,26,178,120,3,2,130,106,117,77,112,31,29,66,157,103,44,74,188,93,164,100,0,101,61,45,138,126,185,78,128,42,57,37,121,162,146,118,10,91,1,33,124,94,196,52,182,140,92,82,23,189,81,87,85,104,20,167,193,136,144,62,95,38,139,19,194,51,149,34,127,175,123,90,67,32,72,137,25,170,65,16,190,11,113,156,71,165,184,125,8,173,18,131,110,41,59,80,147,30,134,148,195,97,58,6,43,7,191,181,68,198,142,163,158,54,36,119,187,39,107,55,14,13,197,132,89,75,4,15,135,53,183,69,159,9,105,28,155,73,99,84,70,115,152,35,161,102,86,133,76,122,116,49,46,145,56,21,108,192,40,169,129,24,154,60,177,27,151,111,96,171,141,98,114,64,79,179,47,88,5,186,199,83,153,166,174,150,160,143,109,176,50,168,17,48,63];True
1620;7878;9498;[180,172,12,22,26,178,120,3,2,130,106,117,77,112,31,29,66,157,103,44,74,188,93,164,100,0,101,61,45,138,126,185,78,128,42,57,37,121,162,146,118,10,91,1,33,124,94,196,36,182,140,92,82,23,189,81,87,85,104,20,167,193,136,144,181,95,38,139,19,194,51,149,34,127,175,123,90,67,32,72,137,25,170,65,16,190,11,113,156,71,165,184,125,8,173,18,131,110,41,59,80,147,30,134,148,195,97,58,6,43,7,191,62,68,198,142,163,158,54,52,119,187,39,107,55,14,13,197,132,89,75,4,15,135,53,183,69,159,9,105,28,155,73,99,84,70,115,152,35,161,102,86,133,76,122,116,49,46,145,56,21,108,192,40,169,129,24,154,60,177,27,151,111,96,171,141,98,114,64,79,179,47,88,5,186,199,83,153,166,174,150,160,143,109,176,50,168,17,48,63];True
1632;7866;9498;[180,172,12,22,26,178,120,3,2,130,106,117,77,112,31,29,66,157,103,44,74,188,93,164,100,0,101,61,45,138,126,185,78,128,42,57,37,121,162,146,118,10,91,1,33,124,94,196,36,182,140,92,82,23,189,81,87,85,104,20,167,193,136,144,62,95,38,139,19,194,51,149,34,127,175,123,90,67,32,72,137,25,170,65,9,190,11,113,156,71,165,184,125,8,173,18,131,110,41,59,80,147,30,134,148,195,97,58,6,43,7,191,181,68,198,142,163,158,54,52,119,187,39,107,55,14,13,197,132,89,75,4,15,135,53,183,69,159,16,105,28,155,73,99,84,70,115,152,35,161,102,86,133,76,122,116,49,46,145,56,21,108,192,40,169,129,24,154,60,177,27,151,111,96,171,141,98,114,64,79,179,47,88,5,186,199,83,153,166,174,150,160,143,109,176,50,168,17,48,63];True
1637;7850;9487;[180,172,12,22,26,178,120,3,2,130,106,117,77,112,31,29,66,157,103,44,74,188,93,164,100,0,101,61,45,138,126,185,78,128,42,57,37,121,162,146,118,10,91,1,33,124,94,196,36,182,140,92,82,23,189,81,87,85,104,20,167,193,136,144,62,95,38,139,19,194,51,149,34,127,175,123,90,67,32,72,137,25,170,65,16,190,11,113,156,71,165,184,125,8,173,18,131,110,41,59,80,147,30,134,148,195,97,58,6,43,7,191,181,68,198,142,163,158,54,52,119,187,39,107,55,14,13,197,132,89,75,4,15,135,53,183,69,159,9,105,28,155,73,99,84,70,115,152,35,49,102,86,133,76,122,116,161,46,145,56,21,108,192,40,169,129,24,154,60,177,27,151,111,96,171,141,98,114,64,79,179,47,88,5,186,199,83,153,166,174,150,160,143,109,176,50,168,17,48,63];True
1617;7887;9504;[180,172,12,22,26,178,120,3,2,130,106,117,77,112,31,29,66,157,103,44,74,188,93,164,100,0,101,61,45,55,126,185,78,128,42,57,37,121,162,146,118,10,91,1,33,124,94,196,36,182,140,92,82,23,189,81,87,85,104,20,167,193,136,144,181,95,38,139,19,194,51,149,34,127,175,123,90,67,32,72,137,25,170,65,16,190,11,113,156,71,165,184,125,8,173,18,131,110,41,59,80,147,30,134,148,195,97,58,6,43,7,191,62,68,198,142,163,158,54,52,119,187,39,107,138,14,13,197,132,89,75,4,15,135,53,183,69,159,9,105,28,155,73,99,84,70,115,152,35,161,102,86,133,76,122,116,49,46,145,56,21,108,192,40,169,129,24,154,60,177,27,151,111,96,171,141,98,114,64,79,179,47,88,5,186,199,83,153,166,174,150,160,143,109,176,50,168,17,48,63];True
1636;7861;9497;[180,172,12,22,26,178,120,3,2,130,106,117,77,112,31,29,66,157,103,44,74,188,93,164,100,0,101,61,45,55,126,185,78,128,42,57,37,121,162,146,118,10,91,1,33,124,94,196,36,182,140,92,82,23,189,81,87,85,104,20,167,193,136,144,62,95,38,139,19,194,51,149,34,127,175,123,90,67,32,72,137,25,170,65,16,190,186,113,156,71,165,184,125,8,173,18,131,110,41,59,80,147,30,134,148,195,97,58,6,43,7,191,181,68,198,142,163,158,54,52,119,187,39,107,138,14,13,197,132,89,75,4,15,135,53,183,69,159,9,105,28,155,73,99,84,70,115,152,35,161,102,86,133,76,122,116,49,46,145,56,21,108,192,40,169,129,24,154,60,177,27,151,111,96,171,141,98,114,64,79,179,47,88,5,11,199,83,153,166,174,150,160,143,109,176,50,168,17,48,63];False
1634;7859;9493;[180,172,12,22,26,178,120,3,2,130,106,117,77,112,31,29,66,157,103,44,74,188,93,164,100,0,101,61,45,55,126,185,78,128,42,57,37,121,162,146,118,10,91,1,33,124,94,196,36,182,140,92,82,23,189,81,87,85,104,20,167,193,136,144,62,95,38,139,19,194,51,149,34,127,175,123,90,67,32,72,137,25,170,65,16,190,11,113,156,71,165,184,125,8,173,18,131,110,41,59,80,147,30,134,148,195,97,58,6,43,7,191,181,68,198,142,163,158,54,52,119,187,39,107,138,14,13,197,132,89,75,4,15,135,53,183,69,159,9,105,28,155,73,99,84,70,115,152,35,49,102,86,133,76,122,116,161,46,145,56,21,108,192,40,169,129,24,154,60,177,27,151,111,96,171,141,98,114,64,79,179,47,88,5,186,199,83,153,166,174,150,160,143,109,176,50,168,17,48,63];True
1635;7857;9492;[180,172,12,22,26,178,120,3,2,130,106,117,77,112,31,29,66,157,103,44,74,188,93,164,100,0,101,61,45,55,126,185,78,128,42,57,37,121,162,146,118,10,91,1,33,124,94,196,36,182,140,92,82,23,189,81,87,85,104,20,167,193,136,144,62,95,38,139,19,194,51,149,34,127,175,123,90,67,32,72,137,25,170,65,16,190,11,113,156,71,165,184,125,8,173,18,131,110,41,59,80,147,30,134,148,195,97,58,6,43,7,191,181,68,198,142,163,158,54,52,119,187,39,107,138,14,13,197,132,89,75,4,15,135,53,183,69,159,9,105,28,155,73,99,84,70,115,152,35,161,102,86,133,76,122,116,49,46,145,56,21,108,192,40,169,129,24,154,60,179,27,151,111,96,171,141,98,114,64,79,177,47,88,5,186,199,83,153,166,174,150,160,143,109,176,50,168,17,48,63];True
2383;7079;9462;[50,21,180,178,9,37,94,118,172,12,130,117,77,112,93,184,66,157,103,105,74,188,144,174,149,195,167,61,45,138,41,49,78,128,42,57,3,121,162,126,143,160,91,1,33,124,147,196,36,46,140,31,82,23,189,81,0,85,22,26,176,193,109,190,170,95,38,139,65,20,51,142,34,198,146,4,84,67,32,72,163,25,70,19,16,125,11,113,156,71,165,87,194,8,173,18,131,110,101,59,80,100,30,134,148,2,97,58,175,151,7,191,181,68,123,6,137,158,54,52,119,187,39,107,55,14,13,111,132,89,75,129,15,135,53,183,69,159,164,90,28,155,73,99,106,136,115,152,35,161,102,86,133,76,122,116,104,17,145,56,92,108,192,40,169,182,29,154,60,177,27,43,127,96,171,141,98,114,64,79,179,47,88,5,186,199,83,153,166,24,150,10,185,62,120,197,168,44,48,63];True
1597;7954;9551;[180,172,12,22,26,176,120,3,2,130,106,117,77,112,31,24,66,157,103,105,74,188,93,164,100,0,101,61,45,138,126,185,78,128,42,57,37,121,162,146,118,10,91,1,33,124,94,196,36,182,140,92,82,23,189,81,87,85,104,20,167,193,136,144,181,95,38,139,19,194,51,149,34,127,175,123,90,67,32,72,137,25,170,65,16,190,11,113,156,71,165,184,125,8,173,18,131,110,41,59,80,147,30,134,148,195,97,58,6,43,7,191,62,68,198,142,163,158,54,52,29,46,39,107,55,14,13,197,132,89,75,4,15,135,53,183,69,159,9,151,28,155,73,99,84,70,115,152,35,49,102,86,133,153,122,116,161,187,145,56,21,108,192,40,169,129,119,154,60,177,27,178,111,96,171,141,98,114,64,79,179,47,88,5,186,199,83,76,166,174,150,160,143,109,44,50,168,17,48,63];False
1557;7979;9536;[198,155,29,187,141,119,148,7,130,107,105,146,118,178,192,183,104,17,53,162,173,18,154,120,24,197,15,135,34,159,82,134,121,10,123,90,41,22,38,14,168,50,94,60,49,153,185,127,39,57,69,28,129,8,93,46,55,165,42,166,59,36,23,12,54,151,175,83,117,44,78,171,81,52,150,140,92,100,58,79,177,95,167,61,181,65,76,5,27,133,96,157,138,45,188,87,66,126,99,86,112,40,51,106,143,160,80,71,9,190,43,128,85,164,111,195,25,37,145,139,33,13,137,158,182,109,21,73,6,56,63,31,142,115,152,102,186,113,196,89,26,176,72,74,4,97,131,0,199,62,1,189,108,84,124,174,184,161,156,147,3,169,191,11,194,180,163,170,103,91,35,125,149,32,98,114,68,116,20,67,193,16,136,144,70,19,64,101,122,172,77,2,110,30,179,47,132,75,88,48];False
1559;7959;9518;[198,155,29,187,141,119,148,7,130,107,105,146,118,178,192,183,104,50,53,162,173,18,57,120,24,197,15,135,34,159,82,134,121,10,123,90,41,22,38,14,168,17,94,60,49,153,185,127,39,154,69,28,129,8,93,46,55,165,42,166,59,36,23,12,54,151,175,83,117,44,78,171,81,52,150,140,92,100,58,79,177,95,167,61,181,65,76,5,27,133,96,157,138,45,188,87,66,126,99,86,112,40,51,106,143,160,80,71,9,190,43,128,85,164,111,195,25,37,145,139,33,13,137,158,182,109,21,73,6,56,63,31,142,115,152,102,186,113,196,89,26,176,72,74,4,97,131,0,199,62,1,189,108,84,124,174,184,161,156,147,3,169,191,11,194,180,163,170,103,91,35,125,149,32,98,114,68,116,20,67,193,16,136,144,70,19,64,101,122,172,77,2,110,30,179,47,132,75,88,48];True
1598;7946;9544;[198,155,29,187,141,119,148,7,130,107,105,146,118,178,192,183,104,50,53,162,173,18,154,120,57,197,15,135,34,159,82,134,121,10,123,90,41,22,38,14,168,17,94,60,49,153,185,127,39,24,69,28,129,8,93,46,55,165,42,166,59,36,23,12,54,151,175,83,117,44,78,171,81,52,150,140,92,100,58,79,177,95,167,61,181,65,76,5,27,133,96,157,138,45,188,87,66,126,99,86,112,40,51,106,143,160,80,71,9,190,43,128,85,164,111,195,25,37,145,139,33,13,137,158,182,109,21,73,6,56,63,31,142,115,152,102,186,113,196,89,26,176,72,74,4,97,131,0,199,62,1,189,108,84,124,174,184,161,156,147,3,169,191,11,194,180,163,170,103,91,35,125,149,32,98,114,68,116,20,67,193,16,136,144,70,19,64,101,122,172,77,2,110,30,179,47,132,75,88,48];False
1587;7911;9498;[198,155,29,187,141,119,148,7,130,107,105,146,118,178,192,183,104,50,53,162,173,18,154,120,24,197,15,135,34,159,76,134,121,10,123,90,41,22,38,14,168,17,94,60,49,153,185,127,39,57,69,28,129,8,93,46,55,165,42,166,59,36,23,12,54,151,175,83,117,44,78,171,81,52,150,140,92,100,58,79,177,95,167,61,181,65,82,5,27,133,96,157,138,45,188,87,66,126,99,86,112,40,51,106,143,160,80,71,9,190,43,128,85,164,111,195,25,37,145,139,33,13,137,158,182,109,21,73,6,56,63,31,142,115,152,102,186,113,196,89,26,176,72,74,4,97,131,0,199,62,1,189,108,84,124,174,184,161,156,147,3,169,191,11,194,180,163,170,103,91,35,125,149,32,98,114,68,116,20,67,193,16,136,144,70,19,64,101,122,172,77,2,110,30,179,47,132,75,88,48];True
1571;7941;9512;[198,155,29,187,141,119,148,7,130,107,105,146,118,178,192,183,104,50,53,162,173,18,154,120,24,197,15,135,34,159,82,134,121,10,123,90,41,22,38,14,168,17,94,60,49,153,185,127,42,57,69,28,129,8,93,46,55,165,39,166,59,36,23,12,54,151,175,83,117,44,78,171,81,52,150,140,92,100,58,79,177,95,167,61,181,65,76,5,27,133,96,157,138,45,188,87,66,126,99,86,112,40,51,106,143,160,80,71,9,190,43,128,85,164,111,195,25,37,145,139,33,13,137,158,182,109,21,73,6,56,63,31,142,115,152,102,186,113,196,89,26,176,72,74,4,97,131,0,199,62,1,189,108,84,124,174,184,161,156,147,3,169,191,11,194,180,163,170,103,91,35,125,149,32,98,114,68,116,20,67,193,16,136,144,70,19,64,101,122,172,77,2,110,30,179,47,132,75,88,48];True
1540;7992;9532;[198,155,29,187,141,119,148,7,130,107,105,146,118,178,192,183,104,50,53,162,173,18,154,120,24,197,15,135,34,159,82,134,121,10,123,90,41,22,38,14,168,17,94,60,49,153,185,127,39,131,69,28,129,8,93,46,55,165,42,166,59,36,23,12,54,151,175,83,117,44,78,171,81,52,150,140,92,100,58,79,177,95,167,61,181,65,76,5,27,133,96,157,138,45,188,87,66,126,99,86,112,40,51,106,143,160,80,71,9,190,43,128,85,164,111,195,25,37,145,139,33,13,137,158,182,109,21,73,6,56,63,31,142,115,152,102,186,113,196,89,26,176,72,74,4,97,57,0,199,62,1,189,108,84,124,174,184,161,156,147,3,169,191,11,194,180,163,170,103,91,35,125,149,32,98,114,68,116,20,67,193,16,136,144,70,19,64,101,122,172,77,2,110,30,179,47,132,75,88,48];False
1517;7961;9478;[198,155,29,187,141,119,148,7,130,107,105,146,118,178,192,183,104,50,53,162,173,18,154,120,24,197,15,135,34,159,82,134,121,10,123,90,41,22,38,14,168,17,94,60,49,153,185,127,39,57,9,28,129,8,93,46,55,165,42,166,59,36,23,12,54,151,175,83,117,44,78,171,81,52,150,140,92,100,58,79,177,95,167,61,181,65,76,5,27,133,96,157,138,45,188,87,66,126,99,86,112,40,51,106,143,160,80,71,69,190,43,128,85,164,111,195,25,37,145,139,33,13,137,158,182,109,21,73,6,56,63,31,142,115,152,102,186,113,196,89,26,176,72,74,4,97,131,0,199,62,1,189,108,84,124,174,184,161,156,147,3,169,191,11,194,180,163,170,103,91,35,125,149,32,98,114,68,116,20,67,193,16,136,144,70,19,64,101,122,172,77,2,110,30,179,47,132,75,88,48];True
2470;7063;9533;[50,21,92,178,9,37,94,118,172,12,130,117,77,112,93,46,66,157,103,105,74,188,144,174,149,195,167,61,45,138,41,49,78,128,42,57,3,121,162,126,143,160,91,1,33,124,147,196,36,184,140,31,82,23,189,81,0,85,22,26,176,193,109,190,170,95,38,139,65,20,51,142,34,198,146,4,84,67,32,72,163,25,70,19,145,125,11,113,156,71,165,87,194,8,173,18,131,110,101,59,80,100,30,134,148,2,97,58,175,151,7,191,181,68,123,6,137,158,54,52,119,187,39,107,55,14,13,111,132,89,75,129,15,135,53,183,69,159,164,90,28,155,73,99,106,136,115,152,35,161,102,86,133,76,122,116,104,17,16,56,180,108,192,40,169,182,29,154,60,177,27,43,127,96,171,141,98,114,64,79,179,47,88,5,186,199,83,153,166,24,150,10,185,62,120,197,168,44,48,63];True
2473;7062;9535;[50,56,92,178,9,37,94,118,172,12,130,117,77,112,93,46,66,157,103,105,74,188,144,174,149,195,167,61,45,138,41,49,78,128,42,57,3,121,162,126,143,160,91,1,33,124,147,196,36,184,140,17,82,23,189,81,0,85,22,26,176,193,109,190,170,95,38,139,65,20,51,142,34,198,146,4,84,67,32,72,163,25,70,19,145,125,11,113,156,71,165,87,194,8,173,18,131,110,101,59,80,100,30,134,148,2,97,58,175,151,7,191,181,68,123,6,137,158,54,52,119,187,39,107,55,14,13,111,132,89,75,129,15,135,53,183,69,159,164,90,28,155,73,99,106,136,115,152,35,161,102,86,133,76,122,116,104,31,16,21,180,108,192,40,169,182,29,154,60,177,27,43,127,96,171,141,98,114,64,79,179,47,88,5,186,199,83,153,166,24,150,10,185,62,120,197,168,44,48,63];True
2519;7047;9566;[20,146,16,190,109,118,6,193,172,12,130,22,195,112,93,147,66,157,103,105,74,188,87,37,174,149,167,61,45,123,41,49,78,128,42,57,3,121,162,126,143,160,91,1,33,124,94,196,36,44,140,92,82,23,189,81,0,85,19,26,176,46,9,144,170,95,38,139,178,138,51,50,34,194,180,4,84,67,32,72,163,25,70,104,31,117,77,113,156,71,165,2,184,8,173,18,131,110,101,59,80,100,30,134,148,11,97,58,175,151,7,191,181,68,198,142,137,158,54,52,119,187,39,107,55,14,13,111,132,89,75,129,15,135,53,183,69,159,164,90,28,155,73,99,106,136,115,152,35,161,102,86,133,76,122,116,65,125,145,56,21,108,192,40,169,182,29,154,60,177,27,43,127,96,171,141,98,114,64,79,179,47,88,5,186,199,83,153,166,24,150,10,185,62,120,197,168,17,48,63];True
2507;7061;9568;[20,146,16,190,109,118,6,193,172,195,130,22,12,112,93,147,66,157,103,105,74,188,87,37,174,149,167,61,45,123,41,49,78,128,42,57,3,121,162,126,143,160,91,1,33,124,94,196,36,44,140,92,82,23,189,81,0,85,19,26,176,46,9,144,170,95,38,139,178,138,51,50,34,194,180,4,84,67,32,72,163,25,70,104,31,117,77,113,156,71,165,2,184,8,173,18,131,110,101,59,80,100,30,134,148,11,97,58,151,175,7,191,181,68,198,142,137,158,54,52,119,187,39,107,55,14,13,111,132,89,75,129,15,135,53,183,69,159,164,90,28,155,73,99,106,136,115,152,35,161,102,86,133,76,122,116,65,125,145,56,21,108,192,40,169,182,29,154,60,177,27,43,127,96,171,141,98,114,64,79,179,47,88,5,186,199,83,153,166,24,150,10,185,62,120,197,168,17,48,63];True
2552;7046;9598;[20,146,16,190,109,147,6,193,172,12,130,22,195,112,93,118,66,157,103,105,74,188,87,37,174,149,167,61,45,123,41,49,78,128,42,57,3,121,162,126,143,160,2,1,33,124,94,196,36,44,140,92,82,23,189,81,0,85,19,26,176,46,9,144,170,95,38,139,178,138,51,50,34,194,180,4,84,67,32,72,163,25,70,104,31,117,77,113,156,71,165,91,184,8,173,18,131,110,101,59,80,100,30,134,148,11,97,58,175,151,7,191,181,68,198,142,137,158,54,52,119,187,39,107,55,14,13,111,132,89,75,129,15,135,53,183,69,159,164,90,28,155,73,99,106,136,115,152,35,161,102,86,133,76,122,116,65,125,145,56,21,108,192,40,169,182,29,154,60,177,27,43,127,96,171,141,98,114,64,79,179,47,88,5,186,199,83,153,166,24,150,10,185,62,120,197,168,17,48,63];False
2514;7058;9572;[20,146,16,190,109,118,6,193,172,12,130,22,195,112,93,147,66,157,103,105,74,188,87,37,174,149,167,61,45,123,41,49,78,128,42,57,3,121,162,126,143,160,2,1,33,124,94,196,36,44,140,92,82,23,189,81,0,85,19,26,176,46,9,144,170,95,38,139,178,138,51,50,34,194,180,4,84,67,32,72,163,25,70,104,31,117,77,113,156,71,165,91,184,8,173,18,131,110,101,59,80,100,30,134,148,11,97,58,151,175,7,191,181,68,198,142,137,158,54,52,119,187,39,107,55,14,13,111,132,89,75,129,15,135,53,183,69,159,164,90,28,155,73,99,106,136,115,152,35,161,102,86,133,76,122,116,65,125,145,56,21,108,192,40,169,182,29,154,60,177,27,43,127,96,171,141,98,114,64,79,179,47,88,5,186,199,83,153,166,24,150,10,185,62,120,197,168,17,48,63];False
2602;7031;9633;[20,146,16,190,109,147,6,193,172,132,130,22,195,112,93,118,66,157,103,105,74,188,87,37,174,149,167,61,45,123,41,49,78,128,42,57,3,121,162,126,143,160,91,1,33,124,94,196,36,44,140,92,82,23,189,81,0,85,19,26,176,46,9,144,170,95,38,139,178,138,51,50,34,194,180,4,84,67,32,72,163,25,70,104,31,117,77,113,156,71,165,2,184,8,173,18,131,110,101,59,80,100,30,134,148,11,97,58,175,151,7,191,181,68,198,142,137,158,54,52,119,187,39,107,55,14,13,111,12,89,75,129,15,135,53,183,69,159,164,90,28,155,73,99,106,136,115,152,35,161,102,86,133,76,122,116,65,125,145,56,21,108,192,40,169,182,29,154,60,177,27,43,127,96,171,141,98,114,64,79,179,47,88,5,186,199,83,153,166,24,150,10,185,62,120,197,168,17,48,63];False
2517;7055;9572;[20,146,16,190,109,147,6,193,172,12,130,22,195,112,93,118,66,157,103,105,74,188,87,37,174,149,167,61,45,123,41,49,78,128,42,57,3,121,162,126,143,160,91,1,33,124,94,196,36,46,140,92,82,23,189,81,0,85,19,26,176,44,9,144,170,95,38,139,178,138,51,50,34,194,180,4,84,67,32,72,163,25,70,104,31,117,77,113,156,71,165,2,184,8,173,18,131,110,101,59,80,100,30,134,148,11,97,58,175,151,7,191,181,68,198,142,137,158,54,52,119,187,39,107,55,14,13,111,132,89,75,129,15,135,53,183,69,159,164,90,28,155,73,99,106,136,115,152,35,161,102,86,133,76,122,116,65,125,145,56,21,108,192,40,169,182,29,154,60,177,27,43,127,96,171,141,98,114,64,79,179,47,88,5,186,199,83,153,166,24,150,10,185,62,120,197,168,17,48,63];False
2592;7028;9620;[20,146,16,190,109,147,6,193,172,12,130,22,195,112,93,118,66,157,103,105,74,188,87,37,174,149,167,61,45,123,41,49,78,128,42,57,3,121,162,126,143,160,91,1,33,124,94,196,36,44,140,92,82,23,189,81,0,85,19,26,176,46,9,144,170,95,38,139,178,138,51,50,34,194,180,4,84,67,32,72,163,25,70,168,31,117,77,113,156,71,165,2,184,8,173,18,131,110,101,59,80,100,30,134,148,11,97,58,175,151,7,191,181,68,198,142,137,158,54,52,119,187,39,107,55,14,13,111,132,89,75,129,15,135,53,183,69,159,164,90,28,155,73,99,106,136,115,152,35,161,102,86,133,76,122,116,65,125,145,56,21,108,192,40,169,182,29,154,60,177,27,43,127,96,171,141,98,114,64,79,179,47,88,5,186,199,83,153,166,24,150,10,185,62,120,197,104,17,48,63];True
2670;7010;9680;[20,146,16,190,109,147,6,193,172,12,130,22,195,112,93,118,66,157,103,105,74,188,87,37,174,149,167,61,45,123,41,49,78,128,42,57,3,121,162,126,143,160,91,1,33,124,94,196,36,44,140,92,82,23,189,81,0,85,19,26,176,46,9,144,170,95,38,139,178,138,51,50,34,194,180,4,84,67,32,72,163,25,70,104,31,191,77,113,156,71,165,2,184,8,173,18,131,110,101,59,80,100,30,134,148,11,97,58,175,151,7,117,181,68,198,142,137,158,54,52,119,187,39,107,55,14,13,111,132,89,75,129,15,135,53,183,69,159,164,90,28,155,73,99,106,136,115,152,35,161,102,86,133,76,122,116,65,125,145,56,21,108,192,40,169,182,29,154,60,177,27,43,127,96,171,141,98,114,64,79,179,47,88,5,186,199,83,153,166,24,150,10,185,62,120,197,168,17,48,63];False
2549;7044;9593;[20,146,16,190,109,147,6,193,172,12,130,22,195,112,93,118,66,157,103,105,74,188,87,37,174,149,167,61,45,123,41,49,78,128,42,57,3,121,162,126,143,160,91,1,33,124,94,196,36,44,140,92,82,23,189,81,0,85,19,26,176,46,9,144,170,95,38,139,178,138,51,50,34,194,180,4,84,67,32,72,163,25,70,104,31,117,11,113,156,71,165,2,184,8,173,18,131,110,101,59,80,100,30,134,148,77,97,58,175,151,7,191,181,68,198,142,137,158,54,52,119,187,39,107,55,14,13,111,132,89,75,129,15,135,53,183,69,159,164,90,28,155,73,99,106,136,115,152,35,161,102,86,133,76,122,116,65,125,145,56,21,108,192,40,169,182,29,154,60,177,27,43,127,96,171,141,98,114,64,79,179,47,88,5,186,199,83,153,166,24,150,10,185,62,120,197,168,17,48,63];True
2590;7035;9625;[20,146,16,190,109,147,6,193,172,12,130,22,195,112,93,118,66,157,103,105,74,188,87,37,174,149,167,61,45,123,41,49,78,128,42,57,3,121,162,126,143,160,91,1,33,124,94,196,36,44,140,92,82,23,189,81,0,85,19,26,176,46,9,144,170,95,38,139,178,138,51,50,34,194,180,4,84,67,32,72,163,25,70,104,31,117,77,113,156,71,165,2,184,8,173,18,137,110,101,59,80,100,30,134,148,11,97,58,175,151,7,191,181,68,198,142,131,158,54,52,119,187,39,107,55,14,13,111,132,89,75,129,15,135,53,183,69,159,164,90,28,155,73,99,106,136,115,152,35,161,102,86,133,76,122,116,65,125,145,56,21,108,192,40,169,182,29,154,60,177,27,43,127,96,171,141,98,114,64,79,179,47,88,5,186,199,83,153,166,24,150,10,185,62,120,197,168,17,48,63];True
2509;7055;9564;[20,146,16,190,109,147,6,193,172,12,130,22,195,112,93,118,66,157,103,105,74,188,87,37,174,149,167,61,45,123,41,49,78,128,42,57,3,121,162,126,143,160,91,1,33,124,94,196,36,44,140,92,82,23,189,81,0,85,19,26,176,46,9,144,170,95,38,139,178,138,51,50,34,194,180,4,84,67,32,72,163,25,70,104,31,117,77,113,156,71,165,2,184,8,173,18,131,110,101,59,80,100,30,134,148,11,97,137,175,151,7,191,181,68,198,142,58,158,54,52,119,187,39,107,55,14,13,111,132,89,75,129,15,135,53,183,69,159,164,90,28,155,73,99,106,136,115,152,35,161,102,86,133,76,122,116,65,125,145,56,21,108,192,40,169,182,29,154,60,177,27,43,127,96,171,141,98,114,64,79,179,47,88,5,186,199,83,153,166,24,150,10,185,62,120,197,168,17,48,63];True
2555;7037;9592;[20,146,16,190,109,147,6,193,172,12,130,22,195,112,93,118,66,157,103,105,74,188,87,37,174,149,167,61,45,123,41,49,78,128,42,57,3,121,162,126,143,160,91,1,33,124,94,196,36,44,140,92,82,23,189,81,0,85,19,26,176,46,9,144,170,95,38,139,178,138,51,50,34,194,180,4,84,67,32,72,163,25,70,104,31,117,77,113,156,71,165,2,184,8,173,18,131,110,101,59,80,100,30,134,148,11,97,58,151,175,7,191,181,68,198,142,137,158,54,52,119,187,39,107,55,14,13,111,132,89,75,129,15,135,53,183,69,159,164,90,28,155,73,99,106,136,115,152,35,161,102,86,133,76,122,116,65,125,145,56,21,108,192,40,169,182,29,154,60,177,27,43,127,96,171,141,98,114,64,79,179,47,88,5,186,199,83,153,166,24,150,10,185,62,120,197,168,17,48,63];True
2650;7015;9665;[20,146,16,190,109,147,6,193,172,12,130,22,195,112,93,118,66,157,103,105,74,188,87,37,174,149,167,61,45,123,41,49,78,128,42,57,3,121,162,126,143,160,91,1,33,124,94,196,36,44,140,92,82,23,189,81,0,85,19,26,176,46,9,144,170,95,38,139,178,138,51,50,34,194,180,4,84,67,32,72,163,25,70,104,31,117,77,113,156,71,165,2,184,8,173,18,131,110,101,59,80,100,30,134,148,11,97,58,175,151,7,191,181,68,198,142,137,158,62,52,119,187,39,107,55,14,13,111,132,89,75,129,15,135,53,183,69,159,164,90,28,155,73,99,106,136,115,152,35,161,102,86,133,76,122,116,65,125,145,56,21,108,192,40,169,182,29,154,60,177,27,43,127,96,171,141,98,114,64,79,179,47,88,5,186,199,83,153,166,24,150,10,185,54,120,197,168,17,48,63];False
2650;7007;9657;[34,198,146,190,109,147,6,193,172,12,130,22,195,112,93,118,66,157,103,105,74,188,87,37,174,149,167,61,45,138,41,49,78,128,42,57,3,121,162,126,143,160,91,1,33,124,94,196,36,44,140,92,82,23,189,81,0,85,19,26,176,46,9,144,170,95,38,139,178,20,51,50,31,194,180,4,84,67,32,72,163,25,70,65,16,117,77,113,156,71,165,2,184,8,173,18,131,110,101,59,80,100,30,134,148,11,97,58,175,151,7,191,181,68,123,142,137,158,54,52,119,187,39,107,55,14,13,111,132,89,75,129,15,135,53,183,69,159,164,90,28,155,73,99,106,136,115,152,35,161,102,86,133,76,122,116,104,125,145,56,21,108,192,40,169,182,29,154,60,177,27,43,127,96,171,141,98,114,64,79,179,47,88,5,186,199,83,153,166,24,150,10,185,62,120,197,168,17,48,63];True
2599;7026;9625;[34,123,146,190,109,147,6,193,172,12,130,22,195,112,93,118,66,157,103,105,74,188,87,37,174,149,167,61,45,138,41,49,78,128,42,57,3,121,162,126,143,160,91,1,33,124,94,196,36,44,140,92,82,23,189,81,0,85,19,26,176,46,9,144,170,95,38,139,65,20,51,50,31,194,180,4,84,67,32,72,163,25,70,178,16,117,77,113,156,71,165,2,184,8,173,18,131,110,101,59,80,100,30,134,148,11,97,58,175,151,7,191,181,68,198,142,137,158,54,52,119,187,39,107,55,14,13,111,132,89,75,129,15,135,53,183,69,159,164,90,28,155,73,99,106,136,115,152,35,161,102,86,133,76,122,116,104,125,145,56,21,108,192,40,169,182,29,154,60,177,27,43,127,96,171,141,98,114,64,79,179,47,88,5,186,199,83,153,166,24,150,10,185,62,120,197,168,17,48,63];True
2613;7018;9631;[34,198,146,190,109,118,6,193,172,12,130,22,195,112,93,147,66,157,103,105,74,188,87,37,174,149,167,61,45,138,41,49,78,128,42,57,3,121,162,126,143,160,91,1,33,124,94,196,36,44,140,92,82,23,189,81,0,85,19,26,176,46,9,144,170,95,38,139,178,20,51,50,31,194,180,4,84,67,32,72,163,25,70,65,16,117,77,113,156,71,165,2,184,8,173,18,131,110,101,59,80,100,30,134,148,11,97,58,175,151,7,191,181,68,123,142,137,158,54,52,119,187,39,107,55,14,13,111,132,89,75,129,15,135,53,183,69,159,164,90,28,155,73,99,106,136,115,152,35,161,102,86,133,76,122,116,104,125,145,56,21,108,192,40,169,182,29,154,60,177,27,43,127,96,171,141,98,114,64,79,179,47,88,5,186,199,83,153,166,24,150,10,185,62,120,197,168,17,48,63];True
2725;7004;9729;[34,198,142,190,109,147,6,193,172,12,130,22,195,112,93,118,66,157,103,105,74,188,87,37,174,149,167,61,45,138,41,49,78,128,42,57,3,121,162,126,143,160,91,1,33,124,94,196,36,104,140,92,82,23,189,81,0,85,19,26,176,46,9,178,170,95,38,139,144,20,51,50,31,194,180,4,84,67,32,72,163,25,70,65,16,117,77,113,156,71,165,2,184,8,173,18,131,110,101,59,80,100,30,134,148,11,97,58,175,151,7,191,181,68,123,146,137,158,54,52,119,187,39,107,55,14,13,111,132,89,75,129,15,135,53,183,69,159,164,90,28,155,73,99,106,136,115,152,35,161,102,86,133,76,122,116,44,125,145,56,21,108,192,40,169,182,29,154,60,177,27,43,127,96,171,141,98,114,64,79,179,47,88,5,186,199,83,153,166,24,150,10,185,62,120,197,168,17,48,63];True
2716;7005;9721;[34,198,142,190,109,147,6,193,172,12,130,22,195,112,93,118,66,157,103,105,74,188,87,37,174,149,167,61,45,138,41,49,78,128,42,57,3,121,162,126,143,160,91,1,33,124,94,196,36,44,140,17,82,23,189,81,0,85,19,26,176,46,9,178,170,95,38,139,144,20,51,50,31,194,180,4,84,67,32,72,163,25,70,65,16,117,77,113,156,71,165,2,184,8,173,18,131,110,101,59,80,100,30,134,148,11,97,58,175,151,7,191,181,68,123,146,137,158,54,52,119,187,39,107,55,14,13,111,132,89,75,129,15,135,53,183,69,159,164,90,28,155,73,99,106,136,115,152,35,161,102,86,133,76,122,116,104,125,145,56,21,108,192,40,169,182,29,154,60,177,27,43,127,96,171,141,98,114,64,79,179,47,88,5,186,199,83,153,166,24,150,10,185,62,120,197,168,92,48,63];True
2644;7012;9656;[34,198,142,190,109,147,6,193,172,12,130,22,195,112,93,118,66,157,103,105,74,188,87,37,174,149,167,61,45,138,41,49,78,128,42,57,3,121,162,126,143,160,91,1,33,124,94,196,36,44,140,92,82,23,189,81,0,85,19,26,176,46,9,144,170,95,38,139,178,20,51,50,31,194,180,4,84,67,32,72,163,25,70,65,16,117,77,113,156,71,165,2,184,8,173,18,131,110,101,59,80,100,30,134,148,11,97,58,175,151,7,191,181,68,123,146,137,158,54,52,119,187,39,107,55,14,13,111,132,89,75,129,15,135,53,183,69,159,164,90,28,155,73,99,106,136,115,152,35,161,102,86,133,76,122,116,104,125,145,56,21,108,192,40,169,182,29,154,60,177,27,43,127,96,171,141,98,114,64,79,179,47,88,5,186,199,83,153,166,24,150,10,185,62,120,197,168,17,48,63];True
2795;6987;9782;[34,103,105,190,109,147,6,193,172,12,130,22,195,112,93,118,66,157,20,51,74,188,87,37,174,149,167,61,45,138,41,49,78,128,42,57,191,121,162,126,143,160,91,1,33,124,94,196,36,44,140,92,82,23,189,81,0,85,19,26,176,46,9,178,3,95,38,139,144,123,50,146,31,194,180,4,84,67,32,72,163,25,70,65,16,117,77,113,156,71,165,2,184,8,173,18,131,110,101,59,80,100,30,134,148,11,97,58,175,151,7,170,181,68,198,142,137,158,54,52,119,187,39,107,55,14,13,111,132,89,75,129,15,135,53,183,69,159,164,90,28,155,73,99,106,136,115,152,35,161,102,86,133,76,122,116,104,125,145,56,21,108,192,40,169,182,29,154,60,177,27,43,127,96,171,141,98,114,64,79,179,47,88,5,186,199,83,153,166,24,150,10,185,62,120,197,168,17,48,63];True
2757;6995;9752;[34,103,105,190,109,147,6,193,172,12,130,22,195,112,93,118,66,157,20,51,74,188,87,37,174,149,167,61,45,138,41,49,78,128,42,57,191,121,162,126,143,160,91,1,33,124,94,196,36,44,140,92,82,23,189,81,0,85,19,26,176,46,9,178,3,95,38,139,144,146,31,123,50,194,180,4,84,67,32,72,163,25,70,65,16,117,77,113,156,71,165,2,184,8,173,18,131,110,101,59,80,100,30,134,148,11,97,58,175,151,7,170,181,68,198,142,137,158,54,52,119,187,39,107,55,14,13,111,132,89,75,129,15,135,53,183,69,159,164,90,28,155,73,99,106,136,115,152,35,161,102,86,133,76,122,116,104,125,145,56,21,108,192,40,169,182,29,154,60,177,27,43,127,96,171,141,98,114,64,79,179,47,88,5,186,199,83,153,166,24,150,10,185,62,120,197,168,17,48,63];False
2739;6994;9733;[34,103,105,190,109,147,6,193,172,12,130,22,195,112,93,118,66,157,20,51,74,188,87,37,174,149,167,61,45,138,41,49,78,128,42,57,191,121,162,126,143,160,91,1,33,124,94,196,36,44,140,92,82,23,189,81,0,85,19,26,176,46,9,178,3,95,38,139,144,146,50,168,31,194,180,4,84,67,32,72,163,25,70,65,16,117,77,113,156,71,165,2,184,8,173,18,131,110,101,59,80,100,30,134,148,11,97,58,175,151,7,170,181,68,198,142,137,158,54,52,119,187,39,107,55,14,13,111,132,89,75,129,15,135,53,183,69,159,164,90,28,155,73,99,106,136,115,152,35,161,102,86,133,76,122,116,104,125,145,56,21,108,192,40,169,182,29,154,60,177,27,43,127,96,171,141,98,114,64,79,179,47,88,5,186,199,83,153,166,24,150,10,185,62,120,197,123,17,48,63];True
2826;6984;9810;[34,103,105,190,109,147,6,193,172,12,130,22,195,112,93,118,66,157,20,51,74,188,87,37,174,149,167,61,45,138,178,49,78,128,42,57,191,121,162,126,143,160,91,1,33,124,94,196,36,44,140,92,82,23,189,81,0,85,19,26,176,46,9,41,3,95,38,139,144,146,123,50,31,194,180,4,84,67,32,72,163,25,70,65,16,117,77,113,156,71,165,2,184,8,173,18,131,110,101,59,80,100,30,134,119,11,97,58,175,151,7,170,181,68,198,142,137,158,54,52,148,187,39,107,55,14,13,111,132,89,75,129,15,135,53,183,69,159,164,90,28,155,73,99,106,136,115,152,35,161,102,86,133,76,122,116,104,125,145,56,21,108,192,40,169,182,29,154,60,177,27,43,127,96,171,141,98,114,64,79,179,47,88,5,186,199,83,153,166,24,150,10,185,62,120,197,168,17,48,63];True
2788;6993;9781;[34,103,105,190,109,147,6,193,172,12,130,22,195,112,93,118,66,157,20,51,74,188,87,37,174,149,167,61,45,138,178,49,78,128,42,57,191,121,162,126,143,160,91,1,33,124,94,196,36,44,140,92,82,23,189,81,0,85,19,26,176,46,9,41,3,95,38,139,144,146,123,50,31,194,180,4,84,67,32,72,163,25,70,65,16,117,77,113,156,71,165,2,184,8,173,18,131,110,101,59,80,100,30,134,148,11,97,58,151,175,7,170,181,68,198,142,137,158,54,52,119,187,39,107,55,14,13,111,132,89,75,129,15,135,53,183,69,159,164,90,28,155,73,99,106,136,115,152,35,161,102,86,133,76,122,116,104,125,145,56,21,108,192,40,169,182,29,154,60,177,27,43,127,96,171,141,98,114,64,79,179,47,88,5,186,199,83,153,166,24,150,10,185,62,120,197,168,17,48,63];True
3006;6958;9964;[34,103,105,190,109,147,6,193,172,12,130,22,195,112,93,118,66,157,20,51,74,188,87,37,174,149,167,61,45,138,41,49,78,128,42,57,191,121,162,126,143,160,91,1,33,124,94,196,36,44,140,50,82,23,189,81,0,85,19,26,176,46,9,178,3,95,38,139,144,146,92,123,31,194,180,4,84,67,32,72,163,25,70,65,16,117,77,113,156,71,165,2,184,8,173,18,131,110,101,59,80,100,30,134,148,11,97,58,175,151,7,170,181,68,198,142,137,158,62,52,119,187,39,107,55,14,13,111,132,89,75,129,15,135,53,183,69,159,164,90,28,155,73,99,106,136,115,152,35,161,102,86,133,76,122,116,104,125,145,56,21,108,192,40,169,182,29,154,60,177,27,43,127,96,171,141,98,114,64,79,179,47,88,5,186,199,83,153,166,24,150,10,185,54,120,197,168,17,48,63];False
2889;6966;9855;[34,103,105,190,109,147,6,193,172,12,130,22,195,112,93,118,66,157,20,51,74,188,87,37,174,149,167,61,45,138,41,49,78,128,42,57,191,121,162,126,143,160,91,1,33,124,94,196,36,44,140,92,82,23,189,81,0,85,19,26,176,46,9,178,3,95,38,139,144,123,50,146,31,194,180,4,84,67,32,72,163,25,70,65,16,117,77,113,156,71,165,2,184,8,173,18,131,110,101,59,80,100,30,134,148,11,97,58,175,151,7,170,181,68,198,142,137,158,62,52,119,187,39,107,55,14,13,111,132,89,75,129,15,135,53,183,69,159,164,90,28,155,73,99,106,136,115,152,35,161,102,86,133,76,122,116,104,125,145,56,21,108,192,40,169,182,29,154,60,177,27,43,127,96,171,141,98,114,64,79,179,47,88,5,186,199,83,153,166,24,150,10,185,54,120,197,168,17,48,63];True
2851;6974;9825;[34,103,105,190,109,147,6,193,172,12,130,22,195,112,93,118,66,157,20,51,74,188,87,37,174,149,167,61,45,138,41,49,78,128,42,57,191,121,162,126,143,160,91,1,33,124,94,196,36,44,140,92,82,23,189,81,0,85,19,26,176,46,9,178,3,95,38,139,144,146,31,123,50,194,180,4,84,67,32,72,163,25,70,65,16,117,77,113,156,71,165,2,184,8,173,18,131,110,101,59,80,100,30,134,148,11,97,58,175,151,7,170,181,68,198,142,137,158,62,52,119,187,39,107,55,14,13,111,132,89,75,129,15,135,53,183,69,159,164,90,28,155,73,99,106,136,115,152,35,161,102,86,133,76,122,116,104,125,145,56,21,108,192,40,169,182,29,154,60,177,27,43,127,96,171,141,98,114,64,79,179,47,88,5,186,199,83,153,166,24,150,10,185,54,120,197,168,17,48,63];False
2833;6973;9806;[34,103,105,190,109,147,6,193,172,12,130,22,195,112,93,118,66,157,20,51,74,188,87,37,174,149,167,61,45,138,41,49,78,128,42,57,191,121,162,126,143,160,91,1,33,124,94,196,36,44,140,92,82,23,189,81,0,85,19,26,176,46,9,178,3,95,38,139,144,146,50,168,31,194,180,4,84,67,32,72,163,25,70,65,16,117,77,113,156,71,165,2,184,8,173,18,131,110,101,59,80,100,30,134,148,11,97,58,175,151,7,170,181,68,198,142,137,158,62,52,119,187,39,107,55,14,13,111,132,89,75,129,15,135,53,183,69,159,164,90,28,155,73,99,106,136,115,152,35,161,102,86,133,76,122,116,104,125,145,56,21,108,192,40,169,182,29,154,60,177,27,43,127,96,171,141,98,114,64,79,179,47,88,5,186,199,83,153,166,24,150,10,185,54,120,197,123,17,48,63];True
3048;6953;10001;[34,103,105,190,109,147,6,193,172,12,130,22,195,112,93,118,66,157,20,51,74,188,87,37,174,149,167,61,45,138,178,49,111,128,42,57,191,121,162,126,143,160,91,1,33,124,94,196,36,44,140,92,82,23,189,81,0,85,19,26,176,46,9,41,3,95,38,139,144,146,123,50,31,194,180,4,84,67,32,72,163,25,70,65,16,117,77,113,156,71,165,2,184,8,173,18,131,110,101,59,80,100,30,134,148,11,97,58,175,151,7,170,181,68,198,142,137,158,62,52,119,187,39,107,55,14,13,78,132,89,75,129,15,135,53,183,69,159,164,90,28,155,73,99,106,136,115,152,35,161,102,86,133,76,122,116,104,125,145,56,21,108,192,40,169,182,29,154,60,177,27,43,127,96,171,141,98,114,64,79,179,47,88,5,186,199,83,153,166,24,150,10,185,54,120,197,168,17,48,63];False
3076;6949;10025;[34,103,105,190,109,147,6,193,172,12,130,22,195,112,93,118,66,157,20,51,74,188,87,37,174,149,167,61,45,138,178,49,78,128,42,57,191,121,162,126,143,160,91,1,33,124,94,196,88,44,140,92,82,23,189,81,0,85,19,26,176,46,9,41,3,95,38,139,144,146,123,50,31,194,180,4,84,67,32,72,163,25,70,65,16,117,77,113,156,71,165,2,184,8,173,18,131,110,101,59,80,100,30,134,148,11,97,58,175,151,7,170,181,68,198,142,137,158,62,52,119,187,39,107,55,14,13,111,132,89,75,129,15,135,53,183,69,159,164,90,28,155,73,99,106,136,115,152,35,161,102,86,133,76,122,116,104,125,145,56,21,108,192,40,169,182,29,154,60,177,27,43,127,96,171,141,98,114,64,79,179,47,36,5,186,199,83,153,166,24,150,10,185,54,120,197,168,17,48,63];False
2962;6958;9920;[34,103,105,190,109,147,6,193,172,12,130,22,195,112,93,118,66,157,20,51,74,188,87,37,174,149,167,61,45,138,178,49,78,128,42,57,191,121,162,126,143,160,91,1,33,124,94,196,36,104,140,92,82,23,189,81,0,85,19,26,176,46,9,41,3,95,38,139,144,146,123,50,31,194,180,4,84,67,32,72,163,25,70,65,16,117,77,113,156,71,165,2,184,8,173,18,131,110,101,59,80,100,30,134,148,11,97,58,175,151,7,170,181,68,198,142,137,158,62,52,119,187,39,107,55,14,13,111,132,89,75,129,15,135,53,183,69,159,164,90,28,155,73,99,106,136,115,152,35,161,102,86,133,76,122,116,44,125,145,56,21,108,192,40,169,182,29,154,60,177,27,43,127,96,171,141,98,114,64,79,179,47,88,5,186,199,83,153,166,24,150,10,185,54,120,197,168,17,48,63];False
3036;6957;9993;[34,103,105,190,109,147,6,193,172,12,130,22,195,112,93,118,66,157,20,51,74,188,87,37,174,149,167,61,45,138,178,49,78,128,42,57,191,121,162,126,143,160,91,1,33,124,94,196,36,44,21,92,82,23,189,81,0,85,19,26,176,46,9,41,3,95,38,139,144,146,123,50,31,194,180,4,84,67,32,72,163,25,70,65,16,117,77,113,156,71,165,2,184,8,173,18,131,110,101,59,80,100,30,134,148,11,97,58,175,151,7,170,181,68,198,142,137,158,62,52,119,187,39,107,55,14,13,111,132,89,75,129,15,135,53,183,69,159,164,90,28,155,73,99,106,136,115,152,35,161,102,86,133,76,122,116,104,125,145,56,140,108,192,40,169,182,29,154,60,177,27,43,127,96,171,141,98,114,64,79,179,47,88,5,186,199,83,153,166,24,150,10,185,54,120,197,168,17,48,63];False
3042;6953;9995;[34,103,105,190,109,147,6,193,172,12,130,22,195,112,93,118,66,157,20,51,74,188,87,37,174,149,167,61,45,138,178,49,78,128,42,57,191,121,162,126,143,160,91,1,33,124,94,196,36,44,140,21,82,23,189,81,0,85,19,26,176,46,9,41,3,95,38,139,144,146,123,50,31,194,180,4,84,67,32,72,163,25,70,65,16,117,77,113,156,71,165,2,184,8,173,18,131,110,101,59,80,100,30,134,148,11,97,58,175,151,7,170,181,68,198,142,137,158,62,52,119,187,39,107,55,14,13,111,132,89,75,129,15,135,53,183,69,159,164,90,28,155,73,99,106,136,115,152,35,161,102,86,133,76,122,116,104,125,145,56,92,108,192,40,169,182,29,154,60,177,27,43,127,96,171,141,98,114,64,79,179,47,88,5,186,199,83,153,166,24,150,10,185,54,120,197,168,17,48,63];False
2920;6963;9883;[34,103,105,190,109,147,6,193,172,12,130,22,195,112,93,118,66,157,20,51,74,188,87,37,174,149,167,61,45,138,178,49,78,128,42,57,191,121,162,126,143,160,91,1,33,124,94,196,36,44,140,92,82,23,189,81,0,85,19,26,176,46,9,41,3,95,38,139,144,146,123,50,31,194,180,4,84,67,32,72,163,25,70,65,16,117,77,113,156,71,165,2,184,8,173,18,131,110,101,59,80,100,30,134,119,11,97,58,175,151,7,170,181,68,198,142,137,158,62,52,148,187,39,107,55,14,13,111,132,89,75,129,15,135,53,183,69,159,164,90,28,155,73,99,106,136,115,152,35,161,102,86,133,76,122,116,104,125,145,56,21,108,192,40,169,182,29,154,60,177,27,43,127,96,171,141,98,114,64,79,179,47,88,5,186,199,83,153,166,24,150,10,185,54,120,197,168,17,48,63];False
2882;6972;9854;[34,103,105,190,109,147,6,193,172,12,130,22,195,112,93,118,66,157,20,51,74,188,87,37,174,149,167,61,45,138,178,49,78,128,42,57,191,121,162,126,143,160,91,1,33,124,94,196,36,44,140,92,82,23,189,81,0,85,19,26,176,46,9,41,3,95,38,139,144,146,123,50,31,194,180,4,84,67,32,72,163,25,70,65,16,117,77,113,156,71,165,2,184,8,173,18,131,110,101,59,80,100,30,134,148,11,97,58,151,175,7,170,181,68,198,142,137,158,62,52,119,187,39,107,55,14,13,111,132,89,75,129,15,135,53,183,69,159,164,90,28,155,73,99,106,136,115,152,35,161,102,86,133,76,122,116,104,125,145,56,21,108,192,40,169,182,29,154,60,177,27,43,127,96,171,141,98,114,64,79,179,47,88,5,186,199,83,153,166,24,150,10,185,54,120,197,168,17,48,63];True
3007;6955;9962;[34,103,105,190,109,147,6,193,172,12,130,22,195,112,93,118,66,157,20,51,74,188,87,37,174,149,167,61,45,138,178,49,78,128,42,57,191,121,162,126,143,160,91,1,33,124,94,196,36,44,140,92,82,23,189,81,0,85,19,26,176,46,9,41,3,95,38,139,144,146,123,50,31,194,180,4,84,67,32,72,163,25,70,65,16,117,77,113,156,71,165,2,184,8,173,18,131,110,101,59,80,100,30,134,148,11,97,58,175,151,7,170,181,68,48,142,137,158,62,52,119,187,39,107,55,14,13,111,132,89,75,129,15,135,53,183,69,159,164,90,28,155,73,99,106,136,115,152,35,161,102,86,133,76,122,116,104,125,145,56,21,108,192,40,169,182,29,154,60,177,27,43,127,96,171,141,98,114,64,79,179,47,88,5,186,199,83,153,166,24,150,10,185,54,120,197,168,17,198,63];False
2969;6953;9922;[34,103,105,190,109,147,6,193,172,12,130,22,195,112,93,118,66,157,20,51,74,188,87,37,174,149,167,61,45,138,178,49,78,128,42,57,191,121,162,126,143,160,91,1,33,124,94,196,36,44,140,92,82,23,189,81,0,85,19,26,176,46,9,41,3,95,38,139,144,146,123,50,31,194,180,4,84,67,32,72,163,25,70,65,16,117,77,113,156,71,165,2,184,8,173,18,131,110,101,59,80,100,30,134,148,11,97,58,175,151,7,170,181,68,198,142,137,158,62,52,119,185,39,107,55,14,13,111,132,89,75,129,15,135,53,183,69,159,164,90,28,155,73,99,106,136,115,152,35,161,102,86,133,76,122,116,104,125,145,56,21,108,192,40,169,182,29,154,60,177,27,43,127,96,171,141,98,114,64,79,179,47,88,5,186,199,83,153,166,24,150,10,187,54,120,197,168,17,48,63];True
3050;6950;10000;[34,103,105,190,109,147,6,193,172,12,130,22,195,112,93,118,66,157,20,51,74,188,87,37,174,149,167,61,45,138,41,187,78,128,42,57,191,121,162,126,143,160,91,1,33,124,94,196,36,44,140,92,82,23,189,81,0,85,19,26,176,46,9,178,3,95,38,139,144,123,146,50,31,194,180,4,84,67,32,72,163,25,70,65,16,117,77,113,156,71,165,2,184,8,173,18,131,110,101,59,80,100,30,134,148,11,97,58,175,151,7,170,181,68,198,142,137,158,62,52,119,49,39,107,55,14,13,111,132,89,75,129,15,135,53,183,69,159,164,90,28,155,73,99,106,136,115,152,35,161,102,86,133,76,122,116,104,125,145,56,21,108,192,40,169,182,29,154,60,177,27,43,127,96,171,141,98,114,64,79,179,47,88,5,186,199,83,153,166,24,150,10,185,54,120,197,168,17,48,63];False
3079;6947;10026;[34,103,105,190,109,147,6,193,172,12,130,22,195,112,93,118,66,157,20,51,74,188,87,37,174,149,167,61,45,138,41,49,111,128,42,57,191,121,162,126,143,160,91,1,33,124,94,196,36,44,140,92,82,23,189,81,0,85,19,26,176,46,9,178,3,95,38,139,144,123,146,50,31,194,180,4,84,67,32,72,163,25,70,65,16,117,77,113,156,71,165,2,184,8,173,18,131,110,101,59,80,100,30,134,148,11,97,58,175,151,7,170,181,68,198,142,137,158,62,52,119,187,39,107,55,14,13,78,132,89,75,129,15,135,53,183,69,159,164,90,28,155,73,99,106,136,115,152,35,161,102,86,133,76,122,116,104,125,145,56,21,108,192,40,169,182,29,154,60,177,27,43,127,96,171,141,98,114,64,79,179,47,88,5,186,199,83,153,166,24,150,10,185,54,120,197,168,17,48,63];False
3041;6952;9993;[34,103,105,190,109,147,6,193,172,12,130,22,195,112,93,118,66,157,20,51,74,188,87,37,174,149,167,61,45,138,41,49,78,128,171,57,191,121,162,126,143,160,91,1,33,124,94,196,36,44,140,92,82,23,189,81,0,85,19,26,176,46,9,178,3,95,38,139,144,123,146,50,31,194,180,4,84,67,32,72,163,25,70,65,16,117,77,113,156,71,165,2,184,8,173,18,131,110,101,59,80,100,30,134,148,11,97,58,175,151,7,170,181,68,198,142,137,158,62,52,119,187,39,107,55,14,13,111,132,89,75,129,15,135,53,183,69,159,164,90,28,155,73,99,106,136,115,152,35,161,102,86,133,76,122,116,104,125,145,56,21,108,192,40,169,182,29,154,60,177,27,43,127,96,42,141,98,114,64,79,179,47,88,5,186,199,83,153,166,24,150,10,185,54,120,197,168,17,48,63];False
3107;6943;10050;[34,103,105,190,109,147,6,193,172,12,130,22,195,112,93,118,66,157,20,51,74,188,87,37,174,149,167,61,45,138,41,49,78,128,42,57,191,121,162,126,143,160,91,1,33,124,94,196,88,44,140,92,82,23,189,81,0,85,19,26,176,46,9,178,3,95,38,139,144,123,146,50,31,194,180,4,84,67,32,72,163,25,70,65,16,117,77,113,156,71,165,2,184,8,173,18,131,110,101,59,80,100,30,134,148,11,97,58,175,151,7,170,181,68,198,142,137,158,62,52,119,187,39,107,55,14,13,111,132,89,75,129,15,135,53,183,69,159,164,90,28,155,73,99,106,136,115,152,35,161,102,86,133,76,122,116,104,125,145,56,21,108,192,40,169,182,29,154,60,177,27,43,127,96,171,141,98,114,64,79,179,47,36,5,186,199,83,153,166,24,150,10,185,54,120,197,168,17,48,63];False
2993;6952;9945;[34,103,105,190,109,147,6,193,172,12,130,22,195,112,93,118,66,157,20,51,74,188,87,37,174,149,167,61,45,138,41,49,78,128,42,57,191,121,162,126,143,160,91,1,33,124,94,196,36,104,140,92,82,23,189,81,0,85,19,26,176,46,9,178,3,95,38,139,144,123,146,50,31,194,180,4,84,67,32,72,163,25,70,65,16,117,77,113,156,71,165,2,184,8,173,18,131,110,101,59,80,100,30,134,148,11,97,58,175,151,7,170,181,68,198,142,137,158,62,52,119,187,39,107,55,14,13,111,132,89,75,129,15,135,53,183,69,159,164,90,28,155,73,99,106,136,115,152,35,161,102,86,133,76,122,116,44,125,145,56,21,108,192,40,169,182,29,154,60,177,27,43,127,96,171,141,98,114,64,79,179,47,88,5,186,199,83,153,166,24,150,10,185,54,120,197,168,17,48,63];True
3073;6947;10020;[34,103,105,190,109,147,6,193,172,12,130,22,195,112,93,118,66,157,20,51,74,188,87,37,174,149,167,61,45,138,41,49,78,128,42,57,191,121,162,126,143,160,91,1,33,124,94,196,36,44,140,21,82,23,189,81,0,85,19,26,176,46,9,178,3,95,38,139,144,123,146,50,31,194,180,4,84,67,32,72,163,25,70,65,16,117,77,113,156,71,165,2,184,8,173,18,131,110,101,59,80,100,30,134,148,11,97,58,175,151,7,170,181,68,198,142,137,158,62,52,119,187,39,107,55,14,13,111,132,89,75,129,15,135,53,183,69,159,164,90,28,155,73,99,106,136,115,152,35,161,102,86,133,76,122,116,104,125,145,56,92,108,192,40,169,182,29,154,60,177,27,43,127,96,171,141,98,114,64,79,179,47,88,5,186,199,83,153,166,24,150,10,185,54,120,197,168,17,48,63];False
2951;6957;9908;[34,103,105,190,109,147,6,193,172,12,130,22,195,112,93,118,66,157,20,51,74,188,87,37,174,149,167,61,45,138,41,49,78,128,42,57,191,121,162,126,143,160,91,1,33,124,94,196,36,44,140,92,82,23,189,81,0,85,19,26,176,46,9,178,3,95,38,139,144,123,146,50,31,194,180,4,84,67,32,72,163,25,70,65,16,117,77,113,156,71,165,2,184,8,173,18,131,110,101,59,80,100,30,134,119,11,97,58,175,151,7,170,181,68,198,142,137,158,62,52,148,187,39,107,55,14,13,111,132,89,75,129,15,135,53,183,69,159,164,90,28,155,73,99,106,136,115,152,35,161,102,86,133,76,122,116,104,125,145,56,21,108,192,40,169,182,29,154,60,177,27,43,127,96,171,141,98,114,64,79,179,47,88,5,186,199,83,153,166,24,150,10,185,54,120,197,168,17,48,63];False
3038;6949;9987;[34,103,105,190,109,147,6,193,172,12,130,22,195,112,93,118,66,157,20,51,74,188,87,37,174,149,167,61,45,138,41,49,78,128,42,57,191,121,162,126,143,160,91,1,33,124,94,196,36,44,140,92,82,23,189,81,0,85,19,26,176,46,9,178,3,95,38,139,144,123,146,50,31,194,180,4,84,67,32,72,163,25,70,65,16,117,77,113,156,71,165,2,184,8,173,18,131,110,101,59,80,100,30,134,148,11,97,58,175,151,7,170,181,68,48,142,137,158,62,52,119,187,39,107,55,14,13,111,132,89,75,129,15,135,53,183,69,159,164,90,28,155,73,99,106,136,115,152,35,161,102,86,133,76,122,116,104,125,145,56,21,108,192,40,169,182,29,154,60,177,27,43,127,96,171,141,98,114,64,79,179,47,88,5,186,199,83,153,166,24,150,10,185,54,120,197,168,17,198,63];False
3000;6947;9947;[34,103,105,190,109,147,6,193,172,12,130,22,195,112,93,118,66,157,20,51,74,188,87,37,174,149,167,61,45,138,41,49,78,128,42,57,191,121,162,126,143,160,91,1,33,124,94,196,36,44,140,92,82,23,189,81,0,85,19,26,176,46,9,178,3,95,38,139,144,123,146,50,31,194,180,4,84,67,32,72,163,25,70,65,16,117,77,113,156,71,165,2,184,8,173,18,131,110,101,59,80,100,30,134,148,11,97,58,175,151,7,170,181,68,198,142,137,158,62,52,119,185,39,107,55,14,13,111,132,89,75,129,15,135,53,183,69,159,164,90,28,155,73,99,106,136,115,152,35,161,102,86,133,76,122,116,104,125,145,56,21,108,192,40,169,182,29,154,60,177,27,43,127,96,171,141,98,114,64,79,179,47,88,5,186,199,83,153,166,24,150,10,187,54,120,197,168,17,48,63];True
3105;6941;10046;[34,103,105,190,109,147,6,193,172,12,130,22,195,112,93,118,66,157,20,51,74,188,87,37,174,149,167,61,45,138,41,49,111,128,42,57,191,121,162,126,143,160,91,1,33,124,94,196,36,44,140,92,82,23,189,81,0,85,19,26,176,46,9,178,3,95,38,139,144,146,123,50,31,194,180,4,84,67,32,72,163,25,70,65,16,117,77,113,156,71,165,2,184,8,173,18,131,110,101,59,80,100,30,134,148,11,97,58,175,151,7,170,181,68,198,142,137,158,62,52,119,185,39,107,55,14,13,78,132,89,75,129,15,135,53,183,69,159,164,90,28,155,73,99,106,136,115,152,35,161,102,86,133,76,122,116,104,125,145,56,21,108,192,40,169,182,29,154,60,177,27,43,127,96,171,141,98,114,64,79,179,47,88,5,186,199,83,153,166,24,150,10,187,54,120,197,168,17,48,63];False
3067;6946;10013;[34,103,105,190,109,147,6,193,172,12,130,22,195,112,93,118,66,157,20,51,74,188,87,37,174,149,167,61,45,138,41,49,78,128,171,57,191,121,162,126,143,160,91,1,33,124,94,196,36,44,140,92,82,23,189,81,0,85,19,26,176,46,9,178,3,95,38,139,144,146,123,50,31,194,180,4,84,67,32,72,163,25,70,65,16,117,77,113,156,71,165,2,184,8,173,18,131,110,101,59,80,100,30,134,148,11,97,58,175,151,7,170,181,68,198,142,137,158,62,52,119,185,39,107,55,14,13,111,132,89,75,129,15,135,53,183,69,159,164,90,28,155,73,99,106,136,115,152,35,161,102,86,133,76,122,116,104,125,145,56,21,108,192,40,169,182,29,154,60,177,27,43,127,96,42,141,98,114,64,79,179,47,88,5,186,199,83,153,166,24,150,10,187,54,120,197,168,17,48,63];False
2950;6957;9907;[34,103,105,190,109,147,6,193,172,12,130,22,195,112,93,118,66,157,20,51,74,188,87,37,174,149,167,61,45,138,41,49,78,128,42,57,3,121,162,126,143,160,91,1,33,124,94,196,36,44,140,92,82,23,189,81,0,85,19,26,176,46,9,178,191,95,38,139,144,146,123,50,31,194,180,4,84,67,32,72,163,25,70,65,16,117,77,113,156,71,165,2,184,8,173,18,131,110,101,59,80,100,30,134,148,11,97,58,175,151,7,170,181,68,198,142,137,158,62,52,119,185,39,107,55,14,13,111,132,89,75,129,15,135,53,183,69,159,164,90,28,155,73,99,106,136,115,152,35,161,102,86,133,76,122,116,104,125,145,56,21,108,192,40,169,182,29,154,60,177,27,43,127,96,171,141,98,114,64,79,179,47,88,5,186,199,83,153,166,24,150,10,187,54,120,197,168,17,48,63];True
3133;6937;10070;[34,103,105,190,109,147,6,193,172,12,130,22,195,112,93,118,66,157,20,51,74,188,87,37,174,149,167,61,45,138,41,49,78,128,42,57,191,121,162,126,143,160,91,1,33,124,94,196,88,44,140,92,82,23,189,81,0,85,19,26,176,46,9,178,3,95,38,139,144,146,123,50,31,194,180,4,84,67,32,72,163,25,70,65,16,117,77,113,156,71,165,2,184,8,173,18,131,110,101,59,80,100,30,134,148,11,97,58,175,151,7,170,181,68,198,142,137,158,62,52,119,185,39,107,55,14,13,111,132,89,75,129,15,135,53,183,69,159,164,90,28,155,73,99,106,136,115,152,35,161,102,86,133,76,122,116,104,125,145,56,21,108,192,40,169,182,29,154,60,177,27,43,127,96,171,141,98,114,64,79,179,47,36,5,186,199,83,153,166,24,150,10,187,54,120,197,168,17,48,63];True
3019;6946;9965;[34,103,105,190,109,147,6,193,172,12,130,22,195,112,93,118,66,157,20,51,74,188,87,37,174,149,167,61,45,138,41,49,78,128,42,57,191,121,162,126,143,160,91,1,33,124,94,196,36,104,140,92,82,23,189,81,0,85,19,26,176,46,9,178,3,95,38,139,144,146,123,50,31,194,180,4,84,67,32,72,163,25,70,65,16,117,77,113,156,71,165,2,184,8,173,18,131,110,101,59,80,100,30,134,148,11,97,58,175,151,7,170,181,68,198,142,137,158,62,52,119,185,39,107,55,14,13,111,132,89,75,129,15,135,53,183,69,159,164,90,28,155,73,99,106,136,115,152,35,161,102,86,133,76,122,116,44,125,145,56,21,108,192,40,169,182,29,154,60,177,27,43,127,96,171,141,98,114,64,79,179,47,88,5,186,199,83,153,166,24,150,10,187,54,120,197,168,17,48,63];True
3093;6945;10038;[34,103,105,190,109,147,6,193,172,12,130,22,195,112,93,118,66,157,20,51,74,188,87,37,174,149,167,61,45,138,41,49,78,128,42,57,191,121,162,126,143,160,91,1,33,124,94,196,36,44,21,92,82,23,189,81,0,85,19,26,176,46,9,178,3,95,38,139,144,146,123,50,31,194,180,4,84,67,32,72,163,25,70,65,16,117,77,113,156,71,165,2,184,8,173,18,131,110,101,59,80,100,30,134,148,11,97,58,175,151,7,170,181,68,198,142,137,158,62,52,119,185,39,107,55,14,13,111,132,89,75,129,15,135,53,183,69,159,164,90,28,155,73,99,106,136,115,152,35,161,102,86,133,76,122,116,104,125,145,56,140,108,192,40,169,182,29,154,60,177,27,43,127,96,171,141,98,114,64,79,179,47,88,5,186,199,83,153,166,24,150,10,187,54,120,197,168,17,48,63];False
3099;6941;10040;[34,103,105,190,109,147,6,193,172,12,130,22,195,112,93,118,66,157,20,51,74,188,87,37,174,149,167,61,45,138,41,49,78,128,42,57,191,121,162,126,143,160,91,1,33,124,94,196,36,44,140,21,82,23,189,81,0,85,19,26,176,46,9,178,3,95,38,139,144,146,123,50,31,194,180,4,84,67,32,72,163,25,70,65,16,117,77,113,156,71,165,2,184,8,173,18,131,110,101,59,80,100,30,134,148,11,97,58,175,151,7,170,181,68,198,142,137,158,62,52,119,185,39,107,55,14,13,111,132,89,75,129,15,135,53,183,69,159,164,90,28,155,73,99,106,136,115,152,35,161,102,86,133,76,122,116,104,125,145,56,92,108,192,40,169,182,29,154,60,177,27,43,127,96,171,141,98,114,64,79,179,47,88,5,186,199,83,153,166,24,150,10,187,54,120,197,168,17,48,63];True
2939;6960;9899;[34,103,105,190,109,147,6,193,172,12,130,22,195,112,93,118,66,157,20,51,74,188,87,37,174,149,167,61,45,138,41,49,78,128,42,57,191,121,162,126,143,160,91,1,33,124,94,196,36,44,140,92,82,23,189,81,0,85,19,26,176,46,9,178,3,95,38,139,144,146,123,50,31,194,180,4,84,67,32,72,163,25,70,65,16,117,77,113,156,71,165,2,184,8,173,18,131,110,101,59,80,100,30,134,148,11,97,58,151,175,7,170,181,68,198,142,137,158,62,52,119,185,39,107,55,14,13,111,132,89,75,129,15,135,53,183,69,159,164,90,28,155,73,99,106,136,115,152,35,161,102,86,133,76,122,116,104,125,145,56,21,108,192,40,169,182,29,154,60,177,27,43,127,96,171,141,98,114,64,79,179,47,88,5,186,199,83,153,166,24,150,10,187,54,120,197,168,17,48,63];True
3064;6943;10007;[34,103,105,190,109,147,6,193,172,12,130,22,195,112,93,118,66,157,20,51,74,188,87,37,174,149,167,61,45,138,41,49,78,128,42,57,191,121,162,126,143,160,91,1,33,124,94,196,36,44,140,92,82,23,189,81,0,85,19,26,176,46,9,178,3,95,38,139,144,146,123,50,31,194,180,4,84,67,32,72,163,25,70,65,16,117,77,113,156,71,165,2,184,8,173,18,131,110,101,59,80,100,30,134,148,11,97,58,175,151,7,170,181,68,48,142,137,158,62,52,119,185,39,107,55,14,13,111,132,89,75,129,15,135,53,183,69,159,164,90,28,155,73,99,106,136,115,152,35,161,102,86,133,76,122,116,104,125,145,56,21,108,192,40,169,182,29,154,60,177,27,43,127,96,171,141,98,114,64,79,179,47,88,5,186,199,83,153,166,24,150,10,187,54,120,197,168,17,198,63];True
2913;6962;9875;[34,103,105,190,109,147,6,193,172,12,130,22,195,112,93,118,66,157,20,51,74,188,87,37,174,149,167,61,45,138,41,49,78,128,42,57,191,121,162,126,143,160,91,1,33,124,94,196,36,44,140,92,82,23,189,81,0,85,19,26,176,46,9,178,3,95,38,139,144,146,123,50,31,194,180,4,84,67,32,72,163,25,70,65,16,117,77,113,156,71,165,2,184,8,173,18,131,110,101,59,80,100,30,134,148,11,97,58,175,151,7,170,181,68,198,142,137,158,62,52,119,43,39,107,55,14,13,111,132,89,75,129,15,135,53,183,69,159,164,90,28,155,73,99,106,136,115,152,35,161,102,86,133,76,122,116,104,125,145,56,21,108,192,40,169,182,29,154,60,177,27,185,127,96,171,141,98,114,64,79,179,47,88,5,186,199,83,153,166,24,150,10,187,54,120,197,168,17,48,63];True
1507;8552;10059;[92,49,102,122,114,3,2,129,72,105,99,73,140,178,192,10,123,17,8,94,173,18,25,120,24,197,15,9,150,143,67,75,147,65,124,142,130,22,38,21,135,14,60,151,7,153,187,127,39,107,85,76,50,53,93,131,30,134,137,86,181,82,23,12,54,158,121,168,117,98,78,110,81,52,106,118,183,83,26,79,185,148,167,61,59,36,46,5,41,133,96,157,138,45,188,87,66,126,198,159,174,1,51,29,154,156,160,71,69,190,43,128,101,164,111,88,40,37,145,139,33,13,172,195,182,109,141,35,6,56,189,194,31,171,97,57,186,113,196,89,162,146,28,74,4,115,100,0,199,62,44,34,108,20,55,155,184,161,80,58,177,169,191,11,104,180,163,170,95,91,90,125,149,32,68,63,27,116,175,165,193,16,136,144,70,19,64,103,112,84,77,152,179,176,42,47,132,166,119,48];True
1489;8675;10164;[92,49,102,122,114,3,2,129,72,105,99,73,140,178,192,10,123,17,8,94,173,18,25,120,24,197,15,9,150,143,67,75,147,65,124,142,130,22,38,21,135,14,60,151,7,153,187,127,39,107,85,76,50,53,93,27,30,134,137,86,181,82,23,12,54,158,121,168,117,98,78,110,81,52,106,118,183,83,26,79,185,74,167,61,59,36,46,5,41,133,96,157,138,45,188,87,66,126,198,159,174,1,51,29,154,156,160,71,69,190,43,128,101,164,111,88,40,37,145,139,33,13,172,195,182,109,141,35,6,56,189,194,31,171,97,57,186,113,196,89,162,146,28,148,4,115,131,0,199,62,44,34,108,20,55,155,184,161,80,58,177,169,191,11,104,180,163,170,95,91,90,125,149,32,68,63,100,116,175,165,193,16,136,144,70,19,64,103,112,84,77,152,179,176,42,47,132,166,119,48];False
1487;8596;10083;[92,49,102,122,114,3,2,129,72,105,99,73,140,178,192,10,123,17,8,94,173,18,25,120,24,197,15,9,150,143,67,75,147,65,124,142,130,22,38,21,135,14,60,151,7,153,187,127,39,107,85,76,50,53,93,27,30,134,137,86,181,82,23,12,54,158,121,168,117,98,78,110,81,52,106,118,183,83,26,79,185,148,167,61,59,36,46,5,41,133,96,157,138,45,188,87,66,126,198,159,174,1,51,29,154,156,160,71,69,190,43,128,101,164,111,88,40,37,145,139,33,13,179,195,182,109,141,35,6,56,189,194,31,171,97,57,186,113,196,89,162,146,28,74,4,115,131,0,199,62,44,34,108,20,55,155,184,161,80,58,177,169,191,11,104,180,163,170,95,91,90,125,149,32,68,63,100,116,175,165,193,16,136,144,70,19,64,103,112,84,77,152,172,176,42,47,132,166,119,48];False
1512;8548;10060;[92,49,102,122,114,3,2,129,72,105,99,73,140,178,192,10,123,17,8,94,173,18,25,120,24,197,15,9,150,143,67,75,147,65,124,142,130,22,38,21,135,14,60,151,7,153,187,127,39,107,85,76,50,53,93,27,30,134,137,86,181,82,23,12,54,158,121,168,117,98,78,110,81,52,106,118,183,83,26,79,185,148,167,61,59,36,46,5,41,133,96,157,138,45,188,87,66,126,198,159,174,1,51,29,154,156,160,71,69,190,43,128,101,164,111,88,40,37,145,139,33,13,172,195,182,109,141,179,6,56,189,194,31,171,97,57,186,113,196,89,162,146,28,74,4,115,131,0,199,62,44,34,108,20,55,155,184,161,80,58,177,169,191,11,104,180,163,170,95,91,90,125,149,32,68,63,100,116,175,165,193,16,136,144,70,19,64,103,112,84,77,152,35,176,42,47,132,166,119,48];True
1484;8595;10079;[92,49,102,122,114,3,2,129,72,105,99,73,140,178,192,10,123,17,8,94,173,18,25,120,24,197,15,9,150,143,67,75,147,65,124,142,130,22,38,21,135,14,60,151,7,153,187,127,39,107,85,76,50,53,93,27,30,134,137,86,181,82,23,12,54,158,121,168,117,98,78,110,81,52,106,118,183,83,26,79,185,148,167,61,59,36,46,5,41,133,96,157,138,45,188,87,66,126,198,159,174,1,51,29,154,156,160,71,69,190,43,128,101,164,111,88,40,37,145,139,33,13,172,195,182,109,141,35,6,56,189,194,31,171,97,57,186,113,196,89,162,146,28,74,4,115,131,0,199,62,44,34,108,20,55,155,184,161,80,58,177,169,191,11,104,180,163,170,103,91,90,125,149,32,68,63,100,116,175,165,193,16,136,144,70,19,64,95,112,84,77,152,179,176,42,47,132,166,119,48];False
1482;8608;10090;[92,49,102,122,114,3,2,129,72,105,99,73,140,178,192,10,123,17,8,94,173,18,25,120,24,197,15,9,150,143,67,75,147,65,124,142,130,22,38,21,135,14,60,151,7,153,187,127,39,107,85,76,50,53,93,27,30,134,137,86,181,82,23,12,54,158,121,168,117,98,78,110,81,52,106,118,183,83,26,79,185,148,167,61,59,36,46,5,41,133,96,157,138,45,188,87,66,126,198,159,174,1,51,29,154,156,160,71,69,190,43,128,101,164,111,88,40,37,145,139,33,13,172,195,182,109,141,35,6,56,189,194,31,171,97,57,186,113,196,89,162,146,28,74,4,115,131,0,199,62,44,34,108,20,55,155,184,161,80,58,177,169,191,11,104,180,163,170,95,112,90,125,149,32,68,63,100,116,175,165,193,16,136,144,70,19,64,103,91,84,77,152,179,176,42,47,132,166,119,48];False
1474;8590;10064;[92,49,102,122,114,3,2,129,72,105,99,73,140,178,192,10,123,17,8,94,173,18,25,120,24,197,15,9,150,143,67,75,147,65,124,142,130,22,38,21,135,14,60,151,7,153,187,127,39,107,85,76,50,53,93,27,30,134,137,86,181,82,23,12,54,158,121,168,117,98,78,110,81,52,106,118,183,83,26,79,185,148,167,61,59,36,46,5,41,133,96,157,138,45,188,87,66,126,198,159,174,1,51,29,154,156,160,71,69,190,43,128,101,164,111,88,40,37,145,139,33,13,172,195,182,109,141,35,6,56,189,194,31,171,97,57,186,113,196,89,162,146,28,74,4,115,131,0,199,62,44,34,108,20,55,155,184,161,80,58,177,169,191,11,104,180,163,170,95,91,90,125,149,32,68,63,100,116,175,165,193,16,136,144,70,19,64,103,152,84,77,112,179,176,42,47,132,166,119,48];True
3321;6928;10249;[16,194,180,41,187,117,40,169,172,132,166,22,195,112,8,184,191,93,66,157,20,188,87,37,174,149,167,61,45,138,104,125,78,128,42,57,3,121,162,126,143,160,91,77,33,124,94,196,130,103,140,17,82,23,189,81,0,85,19,26,176,46,9,142,170,95,38,139,144,63,51,56,21,92,147,4,84,67,32,72,163,25,70,74,198,173,113,190,156,71,165,193,168,31,6,18,131,110,101,59,80,100,30,134,148,11,97,58,175,151,7,1,181,68,123,89,137,158,54,52,12,49,39,107,55,14,13,111,119,145,75,129,15,135,53,183,69,159,164,90,28,155,73,99,106,136,115,152,35,161,102,86,133,76,122,116,65,118,109,50,34,108,192,2,36,182,29,154,60,177,27,43,127,96,171,141,98,114,64,79,179,47,88,5,186,199,83,153,197,24,150,10,185,62,120,178,105,44,48,146];False
3355;6923;10278;[16,194,180,41,187,117,2,169,172,132,166,22,195,112,8,184,191,93,66,157,20,188,87,37,174,23,167,61,45,138,104,125,78,128,42,57,3,121,162,126,143,160,91,77,33,124,94,196,130,103,140,17,82,149,189,81,0,85,19,26,176,46,9,142,170,95,38,139,144,63,51,56,21,92,147,4,84,67,32,72,163,25,70,74,198,173,113,190,156,71,165,193,168,31,6,18,131,110,101,59,80,100,30,134,148,11,97,58,175,151,7,1,181,68,123,89,137,158,54,52,12,49,39,107,55,14,13,111,119,145,75,129,15,135,53,183,69,159,164,90,28,155,73,99,106,136,115,152,35,161,102,86,133,76,122,116,65,118,109,50,34,108,192,40,36,182,29,154,60,177,27,43,127,96,171,141,98,114,64,79,179,47,88,5,186,199,83,153,197,24,150,10,185,62,120,178,105,44,48,146];False
3351;6922;10273;[16,194,180,41,187,117,2,169,172,132,166,22,195,112,8,184,191,93,66,157,20,188,87,37,174,149,167,61,45,138,104,125,78,128,171,57,3,121,162,126,143,160,91,77,33,124,94,196,130,103,140,17,82,23,189,81,0,85,19,26,176,46,9,142,170,95,38,139,144,63,51,56,21,92,147,4,84,67,32,72,163,25,70,74,198,173,113,190,156,71,165,193,168,31,6,18,131,110,101,59,80,100,30,134,148,11,97,58,175,151,7,1,181,68,123,89,137,158,54,52,12,49,39,107,55,14,13,111,119,145,75,129,15,135,53,183,69,159,164,90,28,155,73,99,106,136,115,152,35,161,102,86,133,76,122,116,65,118,109,50,34,108,192,40,36,182,29,154,60,177,27,43,127,96,42,141,98,114,64,79,179,47,88,5,186,199,83,153,197,24,150,10,185,62,120,178,105,44,48,146];False
3257;6922;10179;[16,194,180,41,187,117,2,169,172,132,166,22,195,112,8,184,191,93,66,157,20,188,87,37,174,149,167,61,45,138,104,125,78,128,42,57,3,121,162,126,143,160,91,1,33,124,94,196,130,103,140,17,82,23,189,81,0,85,19,26,176,46,9,142,170,95,38,139,144,63,51,56,21,92,147,4,84,67,32,72,163,25,70,74,198,173,113,190,156,71,165,193,168,31,6,18,131,110,101,59,80,100,30,134,148,11,97,58,175,151,7,77,181,68,123,89,137,158,54,52,12,49,39,107,55,14,13,111,119,145,75,129,15,135,53,183,69,159,164,90,28,155,73,99,106,136,115,152,35,161,102,86,133,76,122,116,65,118,109,50,34,108,192,40,36,182,29,154,60,177,27,43,127,96,171,141,98,114,64,79,179,47,88,5,186,199,83,153,197,24,150,10,185,62,120,178,105,44,48,146];True
3333;6916;10249;[16,194,180,41,187,117,2,169,172,132,166,22,195,112,8,184,191,93,66,157,20,188,87,37,174,149,167,61,45,138,104,125,78,128,42,57,3,121,162,126,143,160,91,77,33,124,94,196,130,103,140,17,82,23,189,81,0,85,19,26,176,46,9,142,170,95,40,139,144,63,51,56,21,92,147,4,84,67,32,72,163,25,70,74,198,173,113,190,156,71,165,193,168,31,6,18,131,110,101,59,80,100,30,134,148,11,97,58,175,151,7,1,181,68,123,89,137,158,54,52,12,49,39,107,55,14,13,111,119,145,75,129,15,135,53,183,69,159,164,90,28,155,73,99,106,136,115,152,35,161,102,86,133,76,122,116,65,118,109,50,34,108,192,38,36,182,29,154,60,177,27,43,127,96,171,141,98,114,64,79,179,47,88,5,186,199,83,153,197,24,150,10,185,62,120,178,105,44,48,146];True
3240;6932;10172;[16,194,180,41,187,117,2,169,172,132,166,22,195,112,8,184,191,93,66,157,20,188,87,37,174,149,167,61,45,138,104,125,78,128,42,57,3,121,162,126,143,160,91,77,33,124,94,196,130,103,140,17,82,23,189,81,0,85,19,26,176,46,9,142,170,95,38,139,144,146,51,56,21,92,147,4,84,67,32,72,163,25,70,74,198,173,113,190,156,71,165,193,168,31,6,18,131,110,101,59,80,100,30,134,148,11,97,58,175,151,7,1,181,68,123,89,137,158,54,52,12,49,39,107,55,14,13,111,119,145,75,129,15,135,53,183,69,159,164,90,28,155,73,99,106,136,115,152,35,161,102,86,133,76,122,116,65,118,109,50,34,108,192,40,36,182,29,154,60,177,27,43,127,96,171,141,98,114,64,79,179,47,88,5,186,199,83,153,197,24,150,10,185,62,120,178,105,44,48,63];False
3223;6926;10149;[16,194,180,41,187,117,2,169,172,132,166,22,195,112,8,184,191,93,66,157,20,188,87,37,174,149,167,61,45,138,104,125,78,128,42,57,3,121,162,126,143,160,91,77,33,124,94,196,130,103,140,17,82,23,189,81,0,85,19,26,176,46,9,142,170,95,38,139,144,63,51,56,21,92,147,4,84,67,32,72,163,25,70,74,198,173,113,190,156,71,165,193,168,31,6,1,131,110,101,59,80,100,30,134,148,11,97,58,175,151,7,18,181,68,123,89,137,158,54,52,12,49,39,107,55,14,13,111,119,145,75,129,15,135,53,183,69,159,164,90,28,155,73,99,106,136,115,152,35,161,102,86,133,76,122,116,65,118,109,50,34,108,192,40,36,182,29,154,60,177,27,43,127,96,171,141,98,114,64,79,179,47,88,5,186,199,83,153,197,24,150,10,185,62,120,178,105,44,48,146];True
1460;8870;10330;[93,113,61,19,64,94,110,175,145,143,160,105,174,118,48,99,141,86,45,15,173,18,25,115,24,197,26,9,77,20,129,72,147,65,87,106,196,22,38,14,2,1,75,12,165,153,122,127,39,73,6,76,50,51,74,100,30,134,137,187,181,82,23,151,54,158,121,92,49,112,31,142,81,52,108,53,183,83,7,79,185,148,167,189,59,36,46,5,27,133,96,157,138,41,152,56,66,126,198,159,140,182,111,29,154,156,117,71,69,190,43,128,85,164,178,192,40,124,150,139,33,13,172,195,10,78,60,35,88,135,34,194,130,171,116,57,186,98,84,89,162,146,119,28,4,97,131,67,199,62,102,120,3,114,55,155,184,161,80,58,177,169,191,11,104,193,163,170,95,91,90,125,149,32,68,63,37,109,0,101,8,16,136,144,70,168,17,103,21,180,107,188,179,176,42,47,132,166,123,44];False
1457;8825;10282;[93,113,61,19,64,101,110,175,145,143,160,105,174,118,48,99,141,86,45,15,173,18,25,115,24,197,26,9,77,20,129,72,147,65,87,106,196,22,38,14,2,1,75,12,165,153,122,127,39,73,6,178,50,51,74,100,30,134,137,187,181,82,23,151,54,158,121,92,49,112,31,142,81,52,108,53,183,83,7,79,185,148,167,189,59,36,46,5,27,133,96,157,138,41,152,56,66,126,198,159,140,182,111,29,154,156,117,71,69,190,43,128,85,164,76,192,40,124,150,139,33,13,172,195,10,78,60,35,88,135,34,194,130,171,116,57,186,98,84,89,162,146,119,28,4,97,131,67,199,62,102,120,3,114,55,155,184,161,80,58,177,169,191,11,104,193,163,170,95,91,90,125,149,32,68,63,37,109,0,94,8,16,136,144,70,168,17,103,21,180,107,188,179,176,42,47,132,166,123,44];False
1450;8810;10260;[93,113,61,19,64,101,110,175,145,143,160,105,174,118,48,99,141,86,45,15,173,18,25,115,24,197,26,9,77,20,129,72,147,65,87,106,196,22,38,14,2,1,75,12,165,153,122,127,39,73,6,76,50,51,74,100,30,134,137,187,181,82,23,151,54,158,121,92,49,112,31,142,81,52,108,53,183,83,7,79,185,148,167,189,59,36,46,5,27,133,96,157,138,41,152,56,66,126,198,159,140,182,178,29,154,156,117,71,69,190,43,128,85,164,111,192,40,124,150,139,33,13,172,195,10,78,60,35,88,135,34,194,130,171,116,57,186,98,84,89,162,146,119,28,4,97,131,67,199,62,102,120,3,114,55,155,184,161,80,58,177,169,191,11,104,193,163,170,95,91,90,125,149,32,68,63,37,109,0,94,8,16,136,144,70,168,17,103,21,180,107,188,179,176,42,47,132,166,123,44];True
1471;8800;10271;[14,113,61,19,64,101,110,175,145,143,160,105,93,118,48,99,141,86,45,15,173,18,25,115,24,197,26,9,77,20,129,72,147,65,87,106,196,22,38,174,1,2,75,12,165,153,122,127,39,73,6,76,50,51,74,100,30,134,137,187,181,82,23,151,54,158,121,92,49,112,31,142,81,52,108,53,183,83,7,79,185,148,167,189,59,36,46,5,27,133,96,157,164,41,152,56,66,126,198,159,140,182,111,29,154,156,117,71,69,190,43,128,85,138,178,192,40,124,150,139,33,13,172,195,10,78,60,35,88,135,34,194,130,171,116,57,186,98,84,89,162,146,119,28,4,97,131,67,199,62,102,120,3,114,55,155,184,161,80,58,177,169,191,11,104,193,163,170,95,91,90,125,149,32,68,63,37,109,0,94,8,16,136,144,70,168,17,103,21,180,107,188,179,176,42,47,132,166,123,44];False
1445;8819;10264;[14,113,61,19,64,101,110,175,145,143,160,105,93,118,48,99,141,86,45,15,173,18,25,115,24,197,26,9,77,20,129,72,147,65,87,106,196,22,38,174,1,2,75,12,165,153,122,127,39,73,6,76,50,51,74,100,30,134,137,187,181,82,23,151,54,158,121,92,49,112,31,142,81,52,108,53,183,83,7,79,185,148,167,189,59,36,46,5,27,133,96,157,138,41,152,56,66,126,198,159,140,182,178,29,154,156,117,71,69,190,43,128,85,164,111,192,40,124,150,139,33,13,172,195,10,78,60,35,88,135,34,194,130,171,116,57,186,98,84,89,162,146,119,28,4,97,131,67,199,62,102,120,3,114,55,155,184,161,80,58,177,169,191,11,104,193,163,170,95,91,90,125,149,32,68,63,37,109,0,94,8,16,136,144,70,168,17,103,21,180,107,188,179,176,42,47,132,166,123,44];True
1469;8798;10267;[14,113,61,19,64,101,110,175,145,143,160,105,93,118,48,99,141,86,45,15,173,18,25,115,24,197,26,9,77,20,129,72,147,65,87,106,196,22,38,174,1,2,75,12,165,153,122,127,39,73,6,76,50,51,74,100,30,134,137,187,181,82,23,151,54,158,121,92,49,112,31,142,81,52,108,53,183,83,7,79,185,148,167,189,59,36,46,5,27,133,96,157,138,41,152,56,66,126,198,159,140,182,111,29,154,156,117,71,69,190,43,128,85,164,178,192,40,124,150,139,33,13,172,195,10,78,60,35,88,135,34,194,130,171,116,57,186,98,84,89,162,146,119,28,4,97,131,67,199,62,102,120,3,114,55,155,184,161,80,58,177,169,191,11,104,193,163,170,95,91,90,125,149,32,68,63,37,109,94,0,8,16,136,144,70,168,17,103,21,180,107,188,179,176,42,47,132,166,123,44];True
1437;8900;10337;[194,113,61,19,64,101,100,0,94,143,160,105,174,118,48,99,141,86,45,15,173,18,25,115,24,197,26,9,7,20,129,72,147,65,92,106,196,22,38,34,3,2,75,12,165,153,122,127,39,73,87,76,50,53,93,110,30,134,137,111,181,82,23,151,54,158,121,6,49,112,187,142,81,52,108,74,183,83,17,79,185,148,167,189,59,36,46,5,27,133,96,157,138,41,152,56,66,126,198,159,140,182,51,29,154,156,117,71,69,190,43,128,85,164,178,192,40,124,150,139,33,13,172,195,10,78,60,35,88,135,14,31,130,171,116,57,186,98,84,89,162,146,119,28,4,97,131,67,199,62,102,120,1,114,55,155,184,161,80,58,177,169,191,11,104,193,163,170,95,91,90,125,149,32,68,63,37,109,175,145,8,16,136,144,70,168,77,103,21,180,107,188,179,176,42,47,132,166,123,44];False
1431;8937;10368;[194,113,61,19,64,101,100,0,94,143,160,105,174,118,48,99,141,86,45,15,173,18,25,115,24,197,26,9,7,20,129,72,147,65,87,106,196,31,38,34,3,2,75,12,165,153,122,127,39,73,92,76,50,53,93,110,30,134,137,111,181,82,23,151,54,158,121,6,49,112,187,142,81,52,108,74,183,83,17,79,185,148,167,189,59,36,46,5,27,133,96,157,138,41,152,56,66,126,198,159,140,182,51,29,154,156,117,71,69,190,43,128,85,164,178,192,40,124,150,139,33,13,172,195,10,78,60,35,88,135,14,22,130,171,116,57,186,98,84,89,162,146,119,28,4,97,131,67,199,62,102,120,1,114,55,155,184,161,80,58,177,169,191,11,104,193,163,170,95,91,90,125,149,32,68,63,37,109,175,145,8,16,136,144,70,168,77,103,21,180,107,188,179,176,42,47,132,166,123,44];False
1412;8886;10298;[194,113,61,19,64,101,100,0,94,143,160,105,174,118,48,99,141,86,45,15,173,18,25,115,24,197,26,9,7,20,129,72,147,65,87,106,196,22,38,34,3,2,75,12,165,153,122,127,39,73,6,76,50,53,93,110,30,134,137,111,181,82,23,151,54,158,121,92,49,112,187,142,81,52,108,74,183,83,17,79,185,148,167,189,59,36,46,5,27,133,96,157,138,41,152,56,66,126,198,159,140,182,51,29,154,156,117,71,69,190,43,128,85,164,178,192,40,124,150,139,33,13,172,195,10,78,60,35,88,135,14,31,130,171,116,57,186,98,84,89,162,146,119,28,4,97,131,67,199,62,102,120,1,114,55,155,184,161,80,58,177,169,191,11,104,193,163,170,95,91,90,125,149,32,68,63,37,109,175,145,8,16,136,144,70,168,77,103,21,180,107,188,179,176,42,47,132,166,123,44];True
3506;6903;10409;[198,188,87,132,130,5,42,22,38,178,192,89,18,181,68,48,63,118,44,140,124,94,75,36,145,196,167,61,45,138,65,82,187,128,134,195,33,183,162,126,143,160,91,6,77,149,189,148,173,103,123,17,84,122,12,97,0,85,19,26,176,116,16,49,170,95,113,93,66,135,53,56,21,92,147,3,32,165,169,142,163,25,70,90,41,159,40,37,156,71,8,184,168,31,72,78,131,110,101,59,80,100,30,52,182,139,125,58,151,175,197,1,117,98,157,136,137,158,54,2,193,172,39,107,55,14,13,111,114,119,67,129,15,9,28,105,69,88,164,190,109,155,146,99,106,4,115,152,35,161,102,186,133,76,112,104,74,194,34,108,51,50,73,174,23,20,29,154,60,179,27,43,127,96,171,141,11,57,64,79,177,47,166,83,86,199,81,153,7,24,150,10,185,62,120,144,46,180,191,121];False
3436;6914;10350;[198,188,87,132,130,5,42,22,38,178,192,89,18,181,68,48,63,118,44,140,124,94,75,36,145,196,167,61,45,138,65,82,187,128,134,195,33,183,162,126,143,160,91,6,77,149,189,148,173,103,123,17,84,122,12,97,0,85,19,26,176,116,16,49,170,95,113,93,66,135,53,56,21,92,147,3,32,165,169,142,163,25,70,90,41,88,40,37,156,71,8,184,168,31,72,78,131,110,101,59,80,100,30,52,182,139,125,58,151,54,197,1,117,98,157,136,137,158,175,2,193,172,39,107,55,14,13,111,114,119,67,129,15,9,28,105,69,159,164,190,109,155,146,99,106,4,115,152,35,161,102,186,133,76,112,104,74,194,34,108,51,50,73,174,23,20,29,154,60,179,27,43,127,96,171,141,11,57,64,79,177,47,166,83,86,199,81,153,7,24,150,10,185,62,120,144,46,180,191,121];True
3462;6902;10364;[198,188,87,132,130,5,42,22,38,178,192,89,18,181,68,48,63,118,44,140,124,94,75,36,145,196,167,61,45,138,65,82,187,128,134,195,33,183,162,126,143,160,91,6,77,149,189,148,173,103,123,17,84,122,12,97,0,85,19,26,176,116,16,49,170,95,113,93,66,135,53,56,21,92,147,3,32,165,169,142,163,25,70,90,41,88,40,37,156,71,8,184,168,31,72,78,131,110,101,59,80,100,30,52,182,139,125,58,151,175,197,1,117,98,157,136,137,158,54,2,193,172,39,107,55,14,13,111,114,119,67,129,15,9,28,105,69,159,164,190,109,155,146,99,106,4,115,152,35,161,102,186,133,76,112,104,74,194,34,108,51,50,73,174,23,20,29,154,60,177,27,43,127,96,171,141,11,57,64,79,179,47,166,83,86,199,81,153,7,24,150,10,185,62,120,144,46,180,191,121];True
