utilA;utilB;utilSum;contract;pareto
2693;8282;10975;[4,67,193,48,10,145,91,129,8,84,122,73,174,135,21,99,16,77,112,71,56,18,62,120,24,197,26,9,143,20,3,2,121,160,92,49,130,22,38,34,124,94,75,12,165,153,187,127,39,107,87,76,50,53,93,23,30,134,58,86,69,64,101,151,54,158,199,6,117,98,25,110,81,52,182,28,162,78,60,79,185,148,167,61,41,36,46,131,59,133,96,157,138,178,152,173,66,126,198,159,140,118,109,29,163,156,106,19,108,146,43,128,85,164,111,83,181,82,192,139,33,13,172,195,40,37,15,35,88,1,189,194,31,171,116,57,0,113,196,89,5,141,119,74,183,63,51,72,147,65,102,115,14,45,55,155,163,161,80,114,177,169,191,11,104,180,184,170,95,137,90,125,149,32,68,97,100,7,175,179,27,150,136,144,70,168,17,103,105,142,190,188,186,176,42,47,132,166,123,44];False
2665;8310;10975;[4,67,193,48,10,145,91,129,8,84,122,73,174,135,21,99,16,77,112,71,56,18,62,120,24,197,26,9,143,20,3,2,121,160,92,49,130,22,38,34,124,94,75,12,165,153,187,127,39,169,87,76,50,53,93,23,30,134,58,86,69,64,101,151,54,158,199,6,117,98,25,110,81,52,182,28,162,78,60,79,185,148,167,61,41,36,46,131,59,133,96,157,138,178,152,173,66,126,198,159,140,118,109,29,154,156,106,19,108,146,43,128,85,164,111,83,181,82,192,139,33,13,172,195,40,37,15,35,88,1,189,194,31,171,116,57,0,113,196,89,5,141,119,74,183,63,51,72,147,65,102,115,14,45,55,155,184,161,80,114,177,170,191,11,104,180,163,169,95,137,90,125,149,32,68,97,100,7,175,179,27,150,136,144,70,168,17,103,105,142,190,188,186,176,42,47,132,166,123,44];False
2609;8362;10971;[4,67,193,48,10,179,91,129,8,84,122,73,174,135,21,99,16,77,112,71,56,18,62,120,24,197,26,9,143,20,3,2,121,160,92,49,130,22,38,34,124,94,75,12,165,153,187,127,39,107,87,76,50,53,93,23,30,134,58,86,69,64,101,151,54,158,199,6,117,98,25,110,81,52,182,28,162,78,60,79,185,148,167,61,41,36,46,131,59,133,96,157,138,178,152,173,66,126,198,159,140,118,109,29,154,156,106,19,108,146,43,128,85,164,111,83,181,82,192,139,33,13,172,195,40,37,15,35,88,1,189,194,31,171,116,57,0,113,196,89,5,141,119,74,183,63,51,72,147,65,102,115,14,45,55,155,184,161,80,114,177,169,191,11,104,180,163,170,95,137,90,125,149,32,68,97,100,7,175,188,27,150,136,144,70,168,17,103,105,142,190,179,186,176,42,47,132,166,123,44];False
2602;8363;10965;[4,67,193,48,10,145,91,129,8,84,122,73,174,135,21,99,16,77,112,71,56,18,62,120,24,197,26,9,143,20,3,2,121,160,92,49,130,22,38,34,124,94,75,12,165,153,187,127,39,107,87,76,50,53,93,23,30,134,58,86,69,64,101,151,54,158,199,6,117,98,25,141,81,52,182,28,162,78,60,79,185,148,167,61,41,36,46,131,59,133,96,157,138,178,152,173,66,126,198,159,140,118,109,29,154,156,106,19,108,146,43,128,85,164,111,83,181,82,192,139,33,13,172,195,40,37,15,35,88,1,189,194,31,171,116,57,0,113,196,89,5,103,119,74,183,63,51,72,147,65,102,115,14,45,55,155,184,161,80,114,177,169,191,11,104,180,163,170,95,137,90,125,149,32,68,97,100,7,175,179,27,150,136,144,70,168,17,141,105,142,190,188,186,176,42,47,132,166,123,44];False
2638;8311;10949;[4,67,193,48,10,145,91,129,8,84,122,73,174,135,21,99,16,77,112,71,56,18,62,120,24,197,26,9,143,20,3,2,121,160,92,49,130,22,38,34,124,94,75,12,165,153,187,127,39,107,87,76,95,53,93,23,30,134,58,86,69,64,101,151,54,158,199,6,117,98,25,110,81,52,182,28,162,78,60,79,185,148,167,61,41,36,46,131,59,133,96,157,138,178,152,173,66,126,198,159,140,95,109,29,154,156,106,19,108,146,43,128,85,164,111,83,181,82,192,139,33,13,172,195,40,37,15,35,88,1,189,194,31,171,116,57,0,113,196,89,5,141,119,74,183,63,51,72,147,65,102,115,14,45,55,155,184,161,80,114,177,169,191,11,104,180,163,170,50,137,90,125,149,32,68,97,100,7,175,179,27,150,136,144,70,168,17,103,105,142,190,188,186,176,42,47,132,166,123,44];False
2671;8274;10945;[4,67,193,48,10,145,91,129,8,84,122,73,174,135,21,99,16,77,112,71,56,18,62,120,24,1,26,9,143,20,3,2,121,160,92,49,130,22,38,34,1,94,75,12,165,153,187,127,39,107,87,76,50,53,93,23,30,134,58,86,69,64,101,151,54,158,199,6,117,98,25,110,81,52,182,28,162,78,60,79,185,148,167,61,41,36,46,131,59,133,96,157,138,178,152,173,66,126,198,159,140,118,109,29,154,156,106,19,108,146,43,128,85,164,111,83,181,82,192,139,33,13,172,195,40,37,15,35,88,124,189,194,31,171,116,57,0,113,196,89,5,141,119,74,183,63,51,72,147,65,102,115,14,45,55,155,184,161,80,114,177,169,191,11,104,180,163,170,95,137,90,125,149,32,68,97,100,7,175,179,27,150,136,144,70,168,17,103,105,142,190,188,186,176,42,47,132,166,123,44];False
2642;8303;10945;[127,67,193,48,10,145,91,129,8,4,122,73,174,135,21,99,16,77,112,71,56,18,62,120,24,197,26,9,143,20,3,2,121,160,92,49,130,22,38,34,124,94,75,12,165,153,187,4,39,107,87,76,50,53,93,23,30,134,58,86,69,64,101,151,54,158,199,6,117,98,25,110,81,52,182,28,162,78,60,79,185,148,167,61,41,36,46,131,59,133,96,157,138,178,152,173,66,126,198,159,140,118,109,29,154,156,106,19,108,146,43,128,85,164,111,83,181,82,192,139,33,13,172,195,40,37,15,35,88,1,189,194,31,171,116,57,0,113,196,89,5,141,119,74,183,63,51,72,147,65,102,115,14,45,55,155,184,161,80,114,177,169,191,11,104,180,163,170,95,137,90,125,149,32,68,97,100,7,175,179,27,150,136,144,70,168,17,103,105,142,190,188,186,176,42,47,132,166,123,44];False
2559;8385;10944;[4,67,193,48,10,145,91,129,8,84,122,73,174,135,21,99,42,77,112,71,56,18,62,120,24,197,26,9,143,20,3,2,121,160,92,49,130,22,38,34,124,94,75,12,165,153,187,127,39,107,87,76,50,53,93,23,30,134,58,86,69,64,101,151,54,158,199,6,117,98,25,110,81,52,182,28,162,78,60,79,185,148,167,61,41,36,46,131,59,133,96,157,138,178,152,173,66,126,198,159,140,42,109,29,154,156,106,19,108,146,43,128,85,164,111,83,181,82,192,139,33,13,172,195,40,37,15,35,88,1,189,194,31,171,116,57,0,113,196,89,5,141,119,74,183,63,51,72,147,65,102,115,14,45,55,155,184,161,80,114,177,169,191,11,104,180,163,170,95,137,90,125,149,32,68,97,100,7,175,179,27,150,136,144,70,168,17,103,105,142,190,188,186,176,16,47,132,166,123,44];False
2618;8324;10942;[4,67,193,48,10,145,91,129,8,84,122,73,174,135,21,99,16,77,112,71,56,18,62,120,24,197,26,9,143,20,3,2,121,160,92,49,130,22,38,34,124,94,75,12,165,153,187,127,39,107,87,76,50,53,93,23,30,134,58,86,69,64,101,151,54,158,199,6,117,98,25,110,81,52,182,28,162,78,60,79,185,148,167,61,41,36,46,131,59,133,96,157,138,178,152,173,66,126,198,159,140,118,109,29,154,156,106,19,108,146,43,74,85,164,111,83,181,82,192,139,33,13,172,195,40,37,15,35,88,1,189,194,31,171,116,57,0,113,196,89,5,141,119,128,183,63,51,72,147,65,102,115,14,45,55,155,184,161,80,114,177,128,191,11,104,180,163,170,95,137,90,125,149,32,68,97,100,7,175,179,27,150,136,144,70,168,17,103,105,142,190,188,186,176,42,47,132,166,123,44];False
2674;8266;10940;[4,67,193,48,10,145,91,129,8,84,122,73,174,135,21,99,16,77,112,71,56,18,62,120,24,197,26,9,143,20,3,2,121,160,92,49,130,22,38,34,124,94,75,12,165,153,187,127,39,107,87,76,50,53,93,23,30,134,58,86,69,64,101,151,54,158,199,6,103,98,25,110,81,52,182,28,162,78,60,79,185,148,167,61,41,36,46,131,59,133,96,157,138,178,152,173,66,126,198,159,140,118,109,29,154,156,106,19,108,146,43,128,85,164,111,83,181,82,192,139,33,13,172,195,40,37,15,35,88,1,189,194,31,171,116,57,0,113,196,89,5,141,119,74,183,63,51,72,147,65,102,115,14,45,55,155,184,161,80,114,177,169,191,11,104,180,163,170,95,137,90,103,149,32,68,97,100,7,175,179,27,150,136,144,70,168,17,117,105,142,190,188,186,176,42,47,132,166,123,44];False
2683;8253;10936;[4,67,193,48,10,145,91,129,8,84,122,73,174,135,21,99,16,77,112,71,56,18,62,120,107,197,26,9,143,20,3,2,121,160,92,49,130,22,38,34,124,94,75,12,165,153,187,127,39,24,87,76,50,53,93,23,30,134,58,86,69,64,101,151,54,158,199,6,117,98,25,110,81,52,107,28,162,78,60,79,185,148,167,61,41,36,46,131,59,133,96,157,138,178,152,173,66,126,198,159,140,118,109,29,154,156,106,19,108,146,43,128,85,164,111,83,181,82,192,139,33,13,172,195,40,37,15,35,88,1,189,194,31,171,116,57,0,113,196,89,5,141,119,74,183,63,51,72,147,65,102,115,14,45,55,155,184,161,80,114,177,169,191,11,104,180,163,170,95,137,90,125,149,32,68,97,100,7,175,179,27,150,136,144,70,168,17,103,105,142,190,188,186,176,42,47,132,166,123,44];False
2571;8356;10927;[4,67,193,48,10,145,91,129,8,84,122,73,174,135,21,99,16,77,112,71,56,18,62,120,24,197,26,9,143,20,3,2,121,160,92,49,130,22,38,34,124,94,75,12,165,153,187,127,39,107,87,76,50,53,93,23,30,183,58,86,69,64,101,151,54,158,199,6,117,98,25,110,81,52,182,28,162,78,60,79,185,148,167,61,41,36,46,131,59,133,96,157,138,178,152,173,66,126,198,159,140,118,109,29,154,156,106,19,108,146,43,128,85,164,111,83,181,82,192,139,33,13,172,195,40,37,15,35,88,1,189,194,31,171,116,57,0,113,196,89,5,141,119,74,134,63,51,72,147,65,102,115,14,45,55,155,184,161,80,114,177,183,191,11,104,180,163,170,95,137,90,125,149,32,68,97,100,7,175,179,27,150,136,144,70,168,17,103,105,142,190,188,186,176,42,47,132,166,123,44];False
2562;8362;10924;[4,67,193,48,10,145,91,129,8,84,122,73,174,135,21,99,16,77,112,71,56,18,62,120,24,106,26,9,143,20,3,2,121,160,92,49,130,22,38,34,124,94,75,12,165,153,187,127,39,107,87,76,50,53,93,23,30,134,58,86,69,64,101,151,54,158,199,6,117,98,25,110,81,52,182,28,162,78,60,79,185,148,167,61,41,36,46,131,59,133,96,157,138,178,152,173,66,126,198,159,140,118,109,29,154,156,197,19,108,146,43,128,85,164,111,83,181,82,192,139,33,13,172,195,40,37,15,35,88,1,189,194,31,171,116,57,0,113,196,89,5,141,119,74,183,197,51,72,147,65,102,115,14,45,55,155,184,161,80,114,177,169,191,11,104,180,163,170,95,137,90,125,149,32,68,97,100,7,175,179,27,150,136,144,70,168,17,103,105,142,190,188,186,176,42,47,132,166,123,44];False
2606;8312;10918;[4,67,193,48,10,145,91,129,8,84,122,73,174,58,21,99,16,77,112,71,56,18,62,120,24,197,26,9,143,20,3,2,121,160,92,49,130,22,38,34,124,94,75,12,165,153,187,127,39,107,87,76,50,53,93,23,30,134,135,86,69,64,101,151,54,158,199,6,117,98,25,110,81,52,182,28,162,78,60,79,185,148,167,61,41,36,46,131,59,133,96,157,138,178,152,173,66,126,198,159,140,118,109,29,154,156,106,19,108,146,43,128,85,164,111,83,181,82,192,139,33,13,172,195,40,37,15,35,88,1,189,194,31,171,116,57,0,113,196,89,5,141,119,74,183,63,51,72,147,65,102,115,14,45,55,155,184,161,80,114,177,169,191,11,104,180,163,170,95,137,90,125,149,32,68,97,100,7,175,179,27,150,136,135,70,168,17,103,105,142,190,188,186,176,42,47,132,166,123,44];False
2613;8301;10914;[4,67,193,48,10,145,91,129,8,84,122,73,174,135,21,99,16,77,112,71,56,18,62,120,24,197,26,9,143,20,3,2,121,160,92,49,130,22,38,34,124,94,75,12,165,153,187,127,39,107,87,76,50,53,93,23,30,134,58,86,69,64,101,151,54,158,199,6,117,98,25,110,81,52,182,28,162,78,60,79,185,148,167,61,41,36,46,131,59,133,96,157,138,178,152,173,66,126,198,159,140,118,109,29,154,156,106,19,108,146,43,128,85,164,111,83,181,82,192,139,33,13,172,119,40,37,15,35,88,1,189,194,31,171,116,57,0,113,196,89,5,141,195,74,183,63,51,72,147,65,102,115,14,45,55,155,184,161,80,114,177,169,191,11,104,180,163,170,95,137,90,125,149,32,68,97,100,7,175,179,27,150,136,144,70,168,119,103,105,142,190,188,186,176,42,47,132,166,123,44];False
2547;8366;10913;[4,67,193,48,10,145,91,129,8,84,122,73,174,135,21,99,16,77,112,71,56,18,62,120,24,197,26,9,143,20,3,2,121,160,92,49,130,22,38,34,124,94,75,12,165,153,187,127,39,107,87,76,50,53,93,23,30,134,58,86,69,64,101,151,54,158,199,6,117,98,25,110,81,52,182,28,162,78,60,79,185,148,167,61,41,36,46,131,59,133,96,157,138,178,152,173,66,126,198,159,140,118,109,29,154,156,106,19,108,146,43,105,85,164,111,83,181,82,192,139,33,13,172,195,40,37,15,35,88,1,189,194,31,171,116,57,0,113,196,89,5,105,119,74,183,63,51,72,147,65,102,115,14,45,55,155,184,161,80,114,177,169,191,11,104,180,163,170,95,137,90,125,149,32,68,97,100,7,175,179,27,150,136,144,70,168,17,103,128,142,190,188,186,176,42,47,132,166,123,44];False
2640;8271;10911;[4,67,193,48,10,145,91,129,8,84,122,73,174,135,21,99,16,77,112,71,56,18,62,120,24,197,26,9,143,20,3,2,121,160,92,49,130,22,38,34,124,94,75,12,165,194,187,127,39,107,87,76,50,53,93,23,30,134,58,86,69,64,101,151,54,158,199,6,117,98,25,110,81,52,182,28,194,78,60,79,185,148,167,61,41,36,46,131,59,133,96,157,138,178,152,173,66,126,198,159,140,118,109,29,154,156,106,19,108,146,43,128,85,164,111,83,181,82,192,139,33,13,172,195,40,37,15,35,88,1,189,162,31,171,116,57,0,113,196,89,5,141,119,74,183,63,51,72,147,65,102,115,14,45,55,155,184,161,80,114,177,169,191,11,104,180,163,170,95,137,90,125,149,32,68,97,100,7,175,179,27,150,136,144,70,168,17,103,105,142,190,188,186,176,42,47,132,166,123,44];False
2628;8279;10907;[4,67,193,48,10,145,91,129,8,84,122,73,174,135,21,99,16,77,112,71,56,18,62,120,24,197,26,9,143,20,3,2,121,160,92,49,130,22,38,34,124,94,75,12,165,153,194,127,39,107,87,76,50,53,93,23,30,134,58,86,69,64,101,151,54,158,199,6,117,98,25,110,81,52,182,28,194,78,60,79,185,148,167,61,41,36,46,131,59,133,96,157,138,178,152,173,66,126,198,159,140,118,109,29,154,156,106,19,108,146,43,128,85,164,111,83,181,82,192,139,33,13,172,195,40,37,15,35,88,1,189,162,31,171,116,57,0,113,196,89,5,141,119,74,183,63,51,72,147,65,102,115,14,45,55,155,184,161,80,114,177,169,191,11,104,180,163,170,95,137,90,125,149,32,68,97,100,7,175,179,27,150,136,144,70,168,17,103,105,142,190,188,186,176,42,47,132,166,123,44];False
2624;8282;10906;[4,67,193,48,10,145,91,129,8,84,122,73,174,135,21,99,16,77,112,71,56,18,62,120,24,197,26,9,143,20,3,137,121,160,92,49,130,22,38,34,124,94,75,12,165,153,187,127,39,107,87,76,50,53,93,23,30,134,58,86,69,64,101,151,54,158,199,6,117,98,25,110,81,52,182,28,162,78,60,79,185,148,167,61,137,36,46,131,59,133,96,157,138,178,152,173,66,126,198,159,140,118,109,29,154,156,106,19,108,146,43,128,85,164,111,83,181,82,192,139,33,13,172,195,40,37,15,35,88,1,189,194,31,171,116,57,0,113,196,89,5,141,119,74,183,63,51,72,147,65,102,115,14,45,55,155,184,161,80,114,177,169,191,11,104,180,163,170,95,41,90,125,149,32,68,97,100,7,175,179,27,150,136,144,70,168,17,103,105,142,190,188,186,176,42,47,132,166,123,44];False
2643;8262;10905;[4,67,193,48,10,145,91,129,8,136,122,73,174,135,21,99,16,77,112,71,56,18,62,120,24,197,26,9,143,20,3,2,121,160,92,49,130,22,38,34,124,94,75,12,165,153,187,127,39,107,87,76,50,53,93,23,30,134,58,86,69,64,101,151,54,158,199,6,117,98,25,110,81,52,182,28,162,78,60,79,185,148,167,61,41,36,46,131,59,133,96,157,138,178,152,173,66,126,198,159,140,118,109,29,154,156,106,19,136,146,43,128,85,164,111,83,181,82,192,139,33,13,172,195,40,37,15,35,88,1,189,194,31,171,116,57,0,113,196,89,5,141,119,74,183,63,51,72,147,65,102,115,14,45,55,155,184,161,80,114,177,169,191,11,104,180,163,170,95,137,90,125,149,32,68,97,100,7,175,179,27,150,84,144,70,168,17,103,105,142,190,188,186,176,42,47,132,166,123,44];False
2556;8348;10904;[4,67,193,48,10,145,91,129,103,84,122,73,174,135,21,99,16,77,112,71,56,18,62,120,24,197,26,9,143,20,3,2,121,160,92,49,130,22,38,34,124,94,75,12,165,153,187,127,39,107,87,76,50,53,93,23,30,134,58,86,69,64,101,151,54,158,199,6,117,98,25,110,81,52,182,28,162,78,60,79,185,148,167,61,41,36,46,131,59,133,96,157,138,178,152,173,66,126,198,159,140,118,109,29,154,156,106,19,108,146,43,128,85,164,111,83,181,82,192,139,33,13,172,195,40,37,15,35,88,1,189,194,31,171,116,57,0,113,196,89,5,141,119,74,183,63,51,72,147,65,102,115,14,45,55,155,184,161,80,103,177,169,191,11,104,180,163,170,95,137,90,125,149,32,68,97,100,7,175,179,27,150,136,144,70,168,17,114,105,142,190,188,186,176,42,47,132,166,123,44];False
2611;8293;10904;[4,67,193,48,10,145,91,129,8,84,122,73,174,135,21,99,16,77,112,71,56,18,62,120,24,197,26,9,143,20,3,2,121,160,92,49,130,22,38,34,124,94,75,12,165,153,187,127,39,107,87,76,50,53,93,23,30,134,58,86,69,64,101,151,54,158,199,6,117,98,25,110,81,52,182,28,162,78,60,79,185,148,167,61,41,36,46,131,59,133,96,157,138,178,152,173,66,126,198,159,140,118,109,29,154,156,106,19,108,146,43,128,85,164,111,83,181,82,192,169,33,13,172,195,40,37,15,35,88,1,189,194,31,171,116,57,0,113,196,89,5,141,119,74,183,63,51,72,147,65,102,115,14,45,55,155,184,161,80,114,177,139,191,11,104,139,163,170,95,137,90,125,149,32,68,97,100,7,175,179,27,150,136,144,70,168,17,103,105,142,190,188,186,176,42,47,132,166,123,44];False
2652;8251;10903;[4,67,193,48,10,145,91,129,8,84,122,73,174,135,21,99,16,77,112,71,56,18,62,120,24,197,26,9,143,20,3,2,121,160,92,49,130,22,38,34,124,94,75,12,165,153,187,127,39,107,198,76,50,53,93,23,30,134,58,86,69,64,101,151,54,158,199,6,117,98,25,110,81,52,182,28,162,78,60,79,185,148,167,61,41,36,46,131,59,133,87,157,138,178,152,173,66,126,87,159,140,118,109,29,154,156,106,19,108,146,43,128,85,164,111,83,181,82,192,139,33,13,172,195,40,37,15,35,88,1,189,194,31,171,116,57,0,113,196,89,5,141,119,74,183,63,51,72,147,65,102,115,14,45,55,155,184,161,80,114,177,169,191,11,104,180,163,170,95,137,90,125,149,32,68,97,100,7,175,179,27,150,136,144,70,168,17,103,105,142,190,188,186,176,42,47,132,166,123,44];False
2672;8230;10902;[4,67,193,48,10,145,91,129,8,84,122,73,174,135,21,99,16,77,192,71,56,18,62,120,24,197,26,9,143,20,3,2,121,160,92,49,130,22,38,34,124,94,75,12,165,153,187,127,39,107,87,76,50,53,93,23,30,134,58,86,69,64,101,151,54,158,199,6,117,98,25,110,81,52,182,28,162,78,60,79,185,148,167,61,41,36,46,131,59,133,192,157,138,178,152,173,66,126,198,159,140,118,109,29,154,156,106,19,108,146,43,128,85,164,111,83,181,82,112,139,33,13,172,195,40,37,15,35,88,1,189,194,31,171,116,57,0,113,196,89,5,141,119,74,183,63,51,72,147,65,102,115,14,45,55,155,184,161,80,114,177,169,191,11,104,180,163,170,95,137,90,125,149,32,68,97,100,7,175,179,27,150,136,144,70,168,17,103,105,142,190,188,186,176,42,47,132,166,123,44];False
2576;8326;10902;[4,67,193,48,10,145,91,129,8,84,122,73,174,135,21,99,16,77,112,71,56,18,62,120,24,197,26,9,143,20,3,2,121,160,92,49,130,22,38,34,124,94,75,12,165,153,187,127,39,107,87,76,50,53,93,23,30,134,58,86,69,64,101,151,54,158,199,6,117,98,25,110,51,52,182,28,162,78,60,79,185,148,167,61,41,36,46,131,59,133,96,157,138,178,152,173,66,126,198,159,140,118,109,29,154,156,106,19,108,146,43,128,85,164,111,83,181,82,192,139,33,13,172,195,40,37,15,35,88,1,189,194,31,171,116,57,0,113,51,89,5,141,119,74,183,63,196,72,147,65,102,115,14,45,55,155,184,161,80,114,177,169,191,11,104,180,163,170,95,137,90,125,149,32,68,97,100,7,175,179,27,150,136,144,70,168,17,103,105,142,190,188,186,176,42,47,132,166,123,44];False
2601;8299;10900;[4,67,193,48,10,145,91,129,8,84,122,73,174,135,21,99,16,77,112,71,56,18,62,128,24,197,26,9,143,20,3,2,121,160,92,49,130,22,38,34,124,94,75,12,165,153,187,127,39,107,87,76,50,53,93,23,30,134,58,86,69,64,101,151,54,158,199,6,117,98,25,110,81,52,182,128,162,78,60,79,185,148,167,61,41,36,46,131,59,133,96,157,138,178,152,173,66,126,198,159,140,118,109,29,154,156,106,19,108,146,43,28,85,164,111,83,181,82,192,139,33,13,172,195,40,37,15,35,88,1,189,194,31,171,116,57,0,113,196,89,5,141,119,74,183,63,51,72,147,65,102,115,14,45,55,155,184,161,80,114,177,169,191,11,104,180,163,170,95,137,90,125,149,32,68,97,100,7,175,179,27,150,136,144,70,168,17,103,105,142,190,188,186,176,42,47,132,166,123,44];False
2545;8354;10899;[4,67,193,48,10,145,91,129,8,84,122,73,174,135,60,99,16,77,112,71,56,18,62,120,24,197,26,9,143,20,3,2,121,160,92,49,130,22,38,34,124,94,75,12,165,153,60,127,39,107,87,76,50,53,93,23,30,134,58,86,69,64,101,151,54,158,199,6,117,98,25,110,81,52,182,28,162,78,187,79,185,148,167,61,41,36,46,131,59,133,96,157,138,178,152,173,66,126,198,159,140,118,109,29,154,156,106,19,108,146,43,128,85,164,111,83,181,82,192,139,33,13,172,195,40,37,15,35,88,1,189,194,31,171,116,57,0,113,196,89,5,141,119,74,183,63,51,72,147,65,102,115,14,45,55,155,184,161,80,114,177,169,191,11,104,180,163,170,95,137,90,125,149,32,68,97,100,7,175,179,27,150,136,144,70,168,17,103,105,142,190,188,186,176,42,47,132,166,123,44];False
2471;8426;10897;[4,67,193,48,10,145,91,129,8,84,122,73,174,135,21,99,16,77,112,71,56,18,62,120,24,197,26,9,143,20,3,2,121,160,92,49,130,22,38,34,124,94,75,12,165,153,187,127,39,107,87,76,50,53,93,23,30,134,58,86,69,64,101,151,54,158,199,6,117,98,25,110,81,52,182,28,162,78,60,79,185,148,167,61,41,36,46,131,59,133,96,157,138,178,152,173,66,177,198,159,140,118,109,29,154,156,177,19,108,146,43,128,85,164,111,83,181,82,192,139,33,13,172,195,40,37,15,35,88,1,189,194,31,171,116,57,0,113,196,89,5,141,119,74,183,63,51,72,147,65,102,115,14,45,55,155,184,161,80,114,126,169,191,11,104,180,163,170,95,137,90,125,149,32,68,97,100,7,175,179,27,150,136,144,70,168,17,103,105,142,190,188,186,176,42,47,132,166,123,44];False
2532;8364;10896;[4,67,193,48,10,145,91,129,8,84,122,73,174,135,21,99,16,77,112,71,56,18,62,120,24,197,26,9,143,141,3,2,121,160,92,49,130,22,38,34,124,94,75,12,165,153,187,127,39,107,87,76,50,53,93,23,30,134,58,86,69,64,101,151,54,158,199,6,117,98,25,110,81,52,182,28,162,78,60,79,185,148,167,61,41,36,46,131,141,133,96,157,138,178,152,173,66,126,198,159,140,118,109,29,154,156,106,19,108,146,43,128,85,164,111,83,181,82,192,139,33,13,172,195,40,37,15,35,88,1,189,194,31,171,116,57,0,113,196,89,5,20,119,74,183,63,51,72,147,65,102,115,14,45,55,155,184,161,80,114,177,169,191,11,104,180,163,170,95,137,90,125,149,32,68,97,100,7,175,179,27,150,136,144,70,168,17,103,105,142,190,188,186,176,42,47,132,166,123,44];False
2556;8338;10894;[4,67,193,48,10,145,91,129,8,84,122,73,174,135,21,99,16,77,112,71,56,18,62,120,24,197,26,9,143,20,3,2,121,160,92,49,130,22,38,34,124,94,75,12,165,153,187,127,39,107,87,76,50,53,93,23,30,134,58,86,69,64,101,151,54,158,199,6,117,98,25,110,81,52,182,28,162,78,60,79,185,148,167,61,41,36,46,131,59,133,96,157,138,178,152,173,66,126,198,159,140,118,109,29,154,156,106,19,108,146,43,128,85,164,111,83,181,82,192,139,33,13,172,195,40,37,15,35,88,1,189,194,31,171,116,57,0,113,196,89,5,141,119,74,183,63,51,72,147,65,102,115,14,45,55,155,184,161,80,114,177,169,191,11,104,180,163,170,95,137,90,179,149,32,68,97,100,7,175,188,27,150,136,144,70,168,17,103,105,142,190,179,186,176,42,47,132,166,123,44];False
2621;8273;10894;[4,67,193,48,10,145,91,129,8,84,122,73,174,135,21,99,16,133,112,71,56,18,62,120,24,197,26,9,143,20,3,2,121,160,92,49,130,22,133,34,124,94,75,12,165,153,187,127,39,107,87,76,50,53,93,23,30,134,58,86,69,64,101,151,54,158,199,6,117,98,25,110,81,52,182,28,162,78,60,79,185,148,167,61,41,36,46,131,59,77,96,157,138,178,152,173,66,126,198,159,140,118,109,29,154,156,106,19,108,146,43,128,85,164,111,83,181,82,192,139,33,13,172,195,40,37,15,35,88,1,189,194,31,171,116,57,0,113,196,89,5,141,119,74,183,63,51,72,147,65,102,115,14,45,55,155,184,161,80,114,177,169,191,11,104,180,163,170,95,137,90,125,149,32,68,97,100,7,175,179,27,150,136,144,70,168,17,103,105,142,190,188,186,176,42,47,132,166,123,44];False
2612;8277;10889;[4,67,193,48,10,145,91,129,8,84,122,73,174,135,21,99,16,77,112,71,56,18,62,120,24,197,26,9,143,20,3,2,121,160,92,49,130,53,38,34,124,94,75,12,165,153,187,127,39,107,87,76,50,14,93,23,30,134,58,86,69,64,101,151,54,158,199,6,117,98,25,110,81,52,182,28,162,78,60,79,185,148,167,61,41,36,46,131,59,133,96,157,138,178,152,173,66,126,198,159,140,118,109,29,154,156,106,19,108,146,43,128,85,164,111,83,181,82,192,139,33,13,172,195,40,37,15,35,88,1,189,194,31,171,116,57,0,113,196,89,5,141,119,74,183,63,51,72,147,65,102,115,53,45,55,155,184,161,80,114,177,169,191,11,104,180,163,170,95,137,90,125,149,32,68,97,100,7,175,179,27,150,136,144,70,168,17,103,105,142,190,188,186,176,42,47,132,166,123,44];False
2575;8312;10887;[4,67,193,48,10,145,91,129,8,84,122,73,174,135,21,99,16,77,112,71,56,18,62,120,24,197,26,9,143,20,3,2,121,160,92,49,130,22,38,34,124,94,75,12,165,153,187,127,39,107,87,76,50,53,93,23,30,134,58,86,69,64,101,151,54,158,199,6,117,98,25,110,81,52,182,28,162,78,60,79,185,148,167,61,41,36,43,131,59,133,96,157,138,178,152,173,66,126,198,159,140,118,109,29,154,156,106,19,108,146,168,128,85,164,111,83,181,82,192,139,33,13,172,195,40,37,15,35,88,1,189,194,31,171,116,57,0,113,196,89,5,141,119,74,183,63,51,72,147,65,102,115,14,45,55,155,184,161,80,114,177,169,191,11,104,180,163,170,95,137,90,125,149,32,68,97,100,7,175,179,27,150,136,144,70,43,17,103,105,142,190,188,186,176,42,47,132,166,123,44];False
2619;8268;10887;[4,67,193,48,10,145,91,129,8,84,122,73,174,135,21,99,16,77,112,71,56,18,62,120,24,197,26,9,143,20,3,2,121,160,92,49,130,22,38,34,124,94,75,12,165,153,187,127,39,107,87,76,50,53,93,23,30,134,58,86,69,64,101,151,54,158,199,6,117,192,25,110,81,52,182,28,162,78,60,79,185,148,167,61,41,36,46,131,59,133,96,157,138,178,152,173,66,126,198,159,140,118,109,29,154,156,106,19,108,146,43,128,85,164,111,83,181,82,11,139,33,13,172,195,40,37,15,35,88,1,189,194,31,171,116,57,0,113,196,89,5,141,119,74,183,63,51,72,147,65,102,115,14,45,55,155,184,161,80,114,177,169,191,192,104,180,163,170,95,137,90,125,149,32,68,97,100,7,175,179,27,150,136,144,70,168,17,103,105,142,190,188,186,176,42,47,132,166,123,44];False
2557;8327;10884;[4,67,193,48,10,145,91,129,8,84,122,73,174,135,21,99,16,77,112,71,56,18,62,120,24,197,26,9,143,20,3,2,121,160,92,49,130,22,38,34,124,94,75,12,165,153,14,127,39,107,87,76,50,53,93,23,30,134,58,86,69,64,101,151,54,158,199,6,117,98,25,110,81,52,182,28,162,78,60,79,185,148,167,61,41,36,46,131,59,133,96,187,138,178,152,173,66,126,198,159,140,118,109,29,154,156,106,19,108,146,43,128,85,164,111,83,181,82,192,139,33,13,172,195,40,37,15,35,88,1,189,194,31,171,116,57,0,113,196,89,5,141,119,74,183,63,51,72,147,65,102,115,187,45,55,155,184,161,80,114,177,169,191,11,104,180,163,170,95,137,90,125,149,32,68,97,100,7,175,179,27,150,136,144,70,168,17,103,105,142,190,188,186,176,42,47,132,166,123,44];False
2621;8261;10882;[4,67,193,48,10,145,91,129,8,84,122,73,174,166,21,99,16,77,112,71,56,18,62,120,24,197,26,9,143,20,3,2,121,160,92,49,130,22,38,34,124,94,75,12,165,153,187,127,39,107,87,76,50,53,93,23,30,134,58,86,69,64,101,151,54,158,199,6,117,98,25,110,81,52,182,28,162,78,60,79,185,148,167,61,41,36,46,131,59,133,96,157,138,178,152,173,66,126,198,159,140,118,109,29,154,156,106,19,108,146,43,128,85,164,111,83,181,82,192,139,33,13,172,195,40,37,15,35,88,1,189,194,31,171,116,57,0,113,196,89,5,141,119,74,183,63,51,72,147,65,102,115,14,45,55,155,184,161,80,114,177,169,191,11,104,180,163,170,95,137,90,125,149,32,68,97,166,7,175,179,27,150,136,144,70,168,17,103,105,142,190,188,186,176,42,47,132,135,123,44];False
2543;8336;10879;[4,67,193,48,10,145,91,129,8,84,122,73,174,135,21,99,16,77,112,71,56,18,62,120,24,197,26,9,143,20,3,2,121,179,92,49,130,22,38,34,124,94,75,12,165,153,187,127,39,107,87,76,50,53,93,23,30,134,58,86,69,64,101,151,54,158,199,6,117,98,25,110,81,52,182,28,162,78,60,79,185,148,167,61,41,36,46,131,59,133,96,157,138,178,152,173,66,126,198,159,140,118,109,29,154,156,106,19,108,146,43,128,85,164,111,83,181,82,192,139,33,13,172,195,40,37,15,35,88,1,189,194,31,179,116,57,0,113,196,89,5,141,119,74,183,63,51,72,147,65,102,115,14,45,55,155,184,161,80,114,177,169,191,11,104,180,163,170,95,137,90,125,149,32,68,97,100,7,175,171,27,150,136,144,70,168,17,103,105,142,190,188,186,176,42,47,132,166,123,44];False
2615;8264;10879;[4,67,193,48,10,145,91,129,8,84,122,73,174,135,21,99,16,77,112,71,56,18,62,120,24,197,26,9,143,20,3,2,121,160,92,49,130,22,38,34,124,94,75,12,165,153,187,127,39,107,87,76,50,53,93,23,30,134,58,86,69,64,101,151,54,158,199,6,117,98,57,110,81,52,182,28,162,78,60,79,185,148,167,61,41,36,46,131,59,133,96,157,138,178,152,173,66,126,198,159,140,118,109,29,154,156,106,19,108,146,43,128,85,164,111,83,181,57,192,139,33,13,172,195,40,37,15,35,88,1,189,194,31,171,116,25,0,113,196,89,5,141,119,74,183,63,51,72,147,65,102,115,14,45,55,155,184,161,80,114,177,169,191,11,104,180,163,170,95,137,90,125,149,32,68,97,100,7,175,179,27,150,136,144,70,168,17,103,105,142,190,188,186,176,42,47,132,166,123,44];False
2577;8300;10877;[4,67,193,48,10,145,91,129,8,84,122,73,174,135,21,99,16,77,112,71,56,18,62,120,24,197,26,9,143,20,3,2,121,160,92,49,130,22,38,34,124,94,75,12,165,153,187,127,39,107,87,76,50,53,93,23,30,134,58,86,69,64,101,151,54,158,199,6,117,190,25,110,81,52,182,28,162,78,60,79,185,148,167,61,190,36,46,131,59,133,96,157,138,178,152,173,66,126,198,159,140,118,109,29,154,156,106,19,108,146,43,128,85,164,111,83,181,82,192,139,33,13,172,195,40,37,15,35,88,1,189,194,31,171,116,57,0,113,196,89,5,141,119,74,183,63,51,72,147,65,102,115,14,45,55,155,184,161,80,114,177,169,191,11,104,180,163,170,95,137,90,125,149,32,68,97,100,7,175,179,27,150,136,144,70,168,17,103,105,142,41,188,186,176,42,47,132,166,123,44];False
2471;8402;10873;[4,67,193,48,10,145,91,129,8,84,122,73,174,135,21,99,16,77,112,71,56,18,62,120,24,197,26,9,143,20,3,2,121,160,92,49,130,22,38,34,124,94,75,12,165,153,44,127,39,107,87,76,50,53,93,23,30,134,58,86,69,64,101,151,54,158,199,6,117,98,25,110,81,52,182,28,162,78,60,79,185,148,167,61,41,36,46,131,59,133,96,157,138,178,152,173,66,126,198,159,140,118,187,29,154,156,106,19,108,146,43,128,85,164,111,83,181,82,192,139,33,13,172,195,40,37,15,35,88,1,189,194,31,171,116,57,0,113,196,89,5,141,119,74,183,63,51,72,147,65,102,115,14,45,55,155,184,161,80,114,177,169,191,11,104,180,163,170,95,137,90,125,149,32,68,97,100,7,175,179,27,150,136,144,70,168,17,103,105,142,190,188,186,176,42,47,132,166,123,187];False
2568;8304;10872;[4,67,193,48,10,145,91,129,8,84,122,73,174,135,21,99,16,77,112,71,56,18,62,120,24,197,26,9,143,20,3,2,121,160,92,49,130,22,38,34,124,94,75,12,165,153,187,127,39,107,87,76,50,53,93,23,30,134,58,86,69,64,101,151,54,158,199,6,117,98,25,110,81,52,137,28,162,78,60,79,185,148,167,61,41,36,46,131,59,133,96,157,138,178,152,173,66,126,198,137,140,118,109,29,154,156,106,19,108,146,43,128,85,164,111,83,181,82,192,139,33,13,172,195,40,37,15,35,88,1,189,194,31,171,116,57,0,113,196,89,5,141,119,74,183,63,51,72,147,65,102,115,14,45,55,155,184,161,80,114,177,169,191,11,104,180,163,170,95,182,90,125,149,32,68,97,100,7,175,179,27,150,136,144,70,168,17,103,105,142,190,188,186,176,42,47,132,166,123,44];False
2510;8361;10871;[4,67,193,48,10,145,91,129,8,84,122,73,174,135,21,99,16,77,112,71,56,18,62,120,24,197,26,9,143,20,3,2,158,160,92,49,130,22,38,34,124,94,75,12,165,153,187,127,39,107,87,76,50,53,93,23,30,134,58,86,69,64,101,151,54,33,199,6,117,98,25,110,81,52,182,28,162,78,60,79,185,148,167,61,41,36,46,131,59,133,96,157,138,178,152,173,66,126,198,159,140,118,109,29,154,156,106,19,108,146,43,128,85,164,111,83,181,82,192,139,158,13,172,195,40,37,15,35,88,1,189,194,31,171,116,57,0,113,196,89,5,141,119,74,183,63,51,72,147,65,102,115,14,45,55,155,184,161,80,114,177,169,191,11,104,180,163,170,95,137,90,125,149,32,68,97,100,7,175,179,27,150,136,144,70,168,17,103,105,142,190,188,186,176,42,47,132,166,123,44];False
2612;8258;10870;[4,67,193,48,10,145,91,129,8,84,122,73,174,135,21,99,16,77,112,71,56,18,62,120,24,197,26,9,143,20,3,2,121,160,92,49,130,22,38,34,124,82,75,12,165,153,187,127,39,107,87,76,50,53,93,23,30,134,58,86,69,64,101,151,54,158,199,6,117,98,25,110,81,52,182,28,162,78,60,79,185,148,167,61,41,36,46,131,59,133,96,157,138,178,152,173,66,126,198,159,140,118,109,29,154,156,106,19,108,146,43,128,85,164,111,83,181,94,192,139,33,13,172,195,40,37,15,35,88,1,189,194,31,171,116,57,0,113,196,89,5,141,119,74,183,63,51,72,147,65,102,115,14,45,94,155,184,161,80,114,177,169,191,11,104,180,163,170,95,137,90,125,149,32,68,97,100,7,175,179,27,150,136,144,70,168,17,103,105,142,190,188,186,176,42,47,132,166,123,44];False
2586;8283;10869;[4,67,193,48,10,145,91,129,8,84,122,73,174,135,21,99,16,77,112,71,56,18,62,120,24,197,26,9,143,20,3,2,121,57,92,49,130,22,38,34,124,94,75,12,165,153,187,127,39,107,87,76,50,53,93,23,30,134,58,86,69,64,101,151,54,158,199,6,117,98,25,110,81,52,182,28,162,78,60,79,185,148,167,61,41,36,46,131,59,133,96,157,138,178,152,173,66,126,198,159,140,118,109,29,154,156,106,19,108,146,43,128,85,164,111,83,181,82,192,139,33,13,172,195,40,37,15,35,88,1,189,194,31,171,116,113,0,57,196,89,5,141,119,74,183,63,51,72,147,65,102,115,14,45,55,155,184,161,80,114,177,169,191,11,104,180,163,170,95,137,90,125,149,32,68,97,100,7,175,179,27,150,136,144,70,168,17,103,105,142,190,188,186,176,42,47,132,166,123,44];False
2535;8333;10868;[4,67,193,48,10,145,91,129,8,84,122,73,174,135,21,99,16,77,112,71,56,18,62,120,24,197,26,9,143,20,3,2,121,160,92,49,130,22,38,34,124,94,75,12,165,153,187,127,39,107,87,76,50,53,93,23,30,134,58,86,69,64,101,151,54,158,199,6,117,98,25,110,81,52,182,28,162,78,60,79,185,148,42,61,41,36,46,131,59,133,96,157,138,178,152,173,66,126,198,159,140,118,109,29,154,156,167,19,108,146,43,128,85,164,111,83,181,82,192,139,33,13,172,195,40,37,15,35,88,1,189,194,31,171,116,57,0,113,196,89,5,141,119,74,183,63,51,72,147,65,102,115,14,45,55,155,184,161,80,114,177,169,191,11,104,180,163,170,95,137,90,125,149,32,68,97,100,7,175,179,27,150,136,144,70,168,17,103,105,142,190,188,186,176,167,47,132,166,123,44];False
2589;8278;10867;[4,49,193,48,10,145,91,129,8,84,122,73,174,135,21,99,16,77,112,71,56,18,62,120,24,197,26,9,143,20,3,2,121,160,92,81,130,22,38,34,124,94,75,12,165,153,187,127,39,107,87,76,50,53,93,23,30,134,58,86,69,64,101,151,54,158,199,6,117,98,25,110,49,52,182,28,162,78,60,79,185,148,167,61,41,36,46,131,59,133,96,157,138,178,152,173,66,126,198,159,140,118,109,29,154,156,106,19,108,146,43,128,85,164,111,83,181,82,192,139,33,13,172,195,40,37,15,35,88,1,189,194,31,171,116,57,0,113,196,89,5,141,119,74,183,63,51,72,147,65,102,115,14,45,55,155,184,161,80,114,177,169,191,11,104,180,163,170,95,137,90,125,149,32,68,97,100,7,175,179,27,150,136,144,70,168,17,103,105,142,190,188,186,176,42,47,132,166,123,44];False
2529;8338;10867;[4,67,193,48,10,145,91,129,8,84,122,73,174,135,21,99,16,77,112,71,56,18,62,120,24,197,26,9,143,20,3,2,121,160,92,49,130,22,38,34,124,94,75,12,165,153,187,127,39,107,47,76,50,53,93,23,30,134,58,86,69,64,101,151,54,158,199,6,117,98,25,110,81,52,182,28,162,78,60,79,185,148,167,61,41,36,46,131,59,133,96,157,138,178,152,173,66,126,198,159,140,118,109,29,154,156,106,19,108,146,43,128,85,164,111,83,181,82,192,139,33,13,172,195,40,37,15,35,88,1,189,194,31,171,116,57,0,113,196,89,5,141,119,74,183,63,51,72,147,65,102,115,14,45,55,155,184,161,80,114,177,169,191,11,104,180,163,170,95,137,90,125,149,32,68,97,100,7,175,179,27,150,136,144,70,168,17,103,105,142,190,188,186,176,42,123,132,166,47,44];False
2561;8305;10866;[4,67,193,48,10,145,91,129,8,84,122,73,174,135,21,99,16,77,112,71,56,18,62,120,24,197,26,9,106,20,3,2,121,160,92,49,130,22,38,34,124,94,75,12,165,153,187,127,39,107,87,76,50,53,93,23,30,134,58,86,69,64,101,151,54,158,199,6,117,98,25,110,81,52,182,28,162,78,60,79,185,148,167,61,41,36,46,131,59,133,96,157,138,178,152,173,66,126,198,159,140,118,109,29,154,156,57,19,108,146,43,128,85,164,111,83,181,82,192,139,33,13,172,195,40,37,15,35,88,1,189,194,31,171,116,106,0,113,196,89,5,141,119,74,183,63,51,72,147,65,102,115,14,45,55,155,184,161,80,114,177,169,191,11,104,180,163,170,95,137,90,125,149,32,68,97,100,7,175,179,27,150,136,144,70,168,17,103,105,142,190,188,186,176,42,47,132,166,123,44];False
2607;8259;10866;[4,67,193,48,10,145,91,129,8,84,122,73,174,135,21,99,16,77,112,71,56,18,62,120,24,197,26,9,143,20,3,2,126,160,92,49,130,22,38,34,124,94,75,12,165,153,187,127,39,107,87,76,50,53,93,23,30,134,58,86,69,64,101,151,54,158,199,6,117,98,25,110,81,52,182,28,162,78,60,79,185,148,167,61,41,36,46,131,59,133,96,157,138,178,152,173,66,121,198,159,140,118,109,29,154,156,106,19,108,146,43,128,85,164,111,83,181,82,192,139,33,13,172,195,40,37,15,35,88,1,189,194,31,171,116,57,0,113,196,89,5,141,119,74,183,63,51,72,147,65,102,115,14,45,55,155,184,161,80,114,121,169,191,11,104,180,163,170,95,137,90,125,149,32,68,97,100,7,175,179,27,150,136,144,70,168,17,103,105,142,190,188,186,176,42,47,132,166,123,44];False
2543;8322;10865;[4,67,193,48,10,145,91,129,8,84,122,73,174,135,21,99,16,77,112,71,56,18,62,120,24,197,26,9,143,20,3,2,121,160,92,49,130,22,38,34,58,94,75,12,165,153,187,127,39,107,87,76,50,53,93,23,30,134,124,86,69,64,101,151,54,158,199,6,117,98,25,110,81,52,182,28,162,78,60,79,185,148,167,61,41,36,46,131,59,133,96,157,138,178,152,173,66,126,198,159,140,118,109,29,154,156,106,19,108,146,43,128,85,164,111,83,181,82,192,139,33,13,172,195,40,37,15,35,88,1,189,194,31,171,116,57,0,113,196,89,5,141,119,74,183,63,51,72,58,65,102,115,14,45,55,155,184,161,80,114,177,169,191,11,104,180,163,170,95,137,90,125,149,32,68,97,100,7,175,179,27,150,136,144,70,168,17,103,105,142,190,188,186,176,42,47,132,166,123,44];False
2605;8259;10864;[4,67,193,48,10,145,91,129,8,84,122,73,174,135,21,99,16,77,112,71,56,18,62,120,24,197,26,9,143,20,3,2,121,160,92,49,130,22,38,34,124,94,75,12,165,153,187,127,39,107,87,76,50,53,93,23,30,134,58,86,69,64,101,151,54,158,199,6,117,98,80,110,81,52,182,28,162,78,60,79,185,148,167,61,41,36,46,131,59,133,96,157,138,178,152,173,66,126,198,159,140,118,109,29,154,156,106,19,108,146,43,128,85,164,111,83,181,82,192,139,33,13,172,195,40,37,15,35,88,1,25,194,31,171,116,57,0,113,196,89,5,141,119,74,183,63,51,72,147,65,102,115,14,45,55,155,184,161,25,114,177,169,191,11,104,180,163,170,95,137,90,125,149,32,68,97,100,7,175,179,27,150,136,144,70,168,17,103,105,142,190,188,186,176,42,47,132,166,123,44];False
2585;8278;10863;[4,67,193,48,10,145,91,129,8,84,122,73,174,135,21,99,16,77,112,71,56,18,62,120,24,197,26,9,143,20,3,2,121,160,92,49,130,22,38,34,124,94,75,12,165,153,176,127,39,107,87,76,50,53,93,23,30,134,58,86,69,64,101,151,54,158,199,6,117,98,25,110,81,52,182,28,162,78,60,79,185,148,167,61,41,36,46,131,59,133,96,157,138,178,152,173,66,126,198,159,140,118,109,29,154,156,106,19,108,146,43,128,85,164,111,83,181,82,192,139,33,13,172,195,40,37,15,35,88,1,189,194,31,171,116,57,0,113,196,89,5,141,119,74,183,63,51,72,147,65,102,115,14,45,55,155,184,161,80,114,177,169,191,11,104,180,163,170,95,137,90,125,149,32,68,97,100,7,175,179,27,150,136,144,70,168,17,103,105,142,176,188,186,190,42,47,132,166,123,44];False
2524;8338;10862;[4,67,193,48,10,145,91,129,8,84,122,73,174,135,21,99,16,77,112,71,56,18,62,120,24,197,26,9,143,20,3,2,121,160,92,49,130,22,38,30,124,94,75,12,165,153,187,127,39,107,87,76,50,53,93,23,34,134,58,86,69,64,101,151,54,158,199,6,117,98,25,110,81,52,182,28,162,78,60,79,34,148,167,61,41,36,46,131,59,133,96,157,138,178,152,173,66,126,198,159,140,118,109,29,154,156,106,19,108,146,43,128,85,164,111,83,181,82,192,139,33,13,172,195,40,37,15,35,88,1,189,194,31,171,116,57,0,113,196,89,5,141,119,74,183,63,51,72,147,65,102,115,14,45,55,155,184,161,80,114,177,169,191,11,104,180,163,170,95,137,90,125,149,32,68,97,100,7,175,179,27,150,136,144,70,168,17,103,105,142,190,188,186,176,42,47,132,166,123,44];False
2548;8314;10862;[4,67,193,48,10,145,91,54,8,84,122,73,174,135,21,99,16,77,112,71,56,18,62,120,24,197,26,9,143,20,3,2,54,160,92,49,130,22,38,34,124,94,75,12,165,153,187,127,39,107,87,76,50,53,93,23,30,134,58,86,69,64,101,151,121,158,199,6,117,98,25,110,81,52,182,28,162,78,60,79,185,148,167,61,41,36,46,131,59,133,96,157,138,178,152,173,66,126,198,159,140,118,109,29,154,156,106,19,108,146,43,128,85,164,111,83,181,82,192,139,33,13,172,195,40,37,15,35,88,1,189,194,31,171,116,57,0,113,196,89,5,141,119,74,183,63,51,72,147,65,102,115,14,45,55,155,184,161,80,114,177,169,191,11,104,180,163,170,95,137,90,125,149,32,68,97,100,7,175,179,27,150,136,144,70,168,17,103,105,142,190,188,186,176,42,47,132,166,123,44];False
2504;8358;10862;[4,67,193,48,10,145,91,129,8,84,122,73,174,135,21,99,16,77,112,71,56,18,62,120,24,197,26,9,143,20,3,2,121,160,92,49,130,22,127,34,124,94,75,12,165,153,187,38,39,107,87,76,50,53,93,23,30,134,58,86,69,64,101,151,54,158,199,6,117,98,25,110,81,52,182,28,162,78,60,79,185,148,167,61,41,36,46,131,59,133,96,157,138,178,152,173,66,126,198,159,140,118,109,29,154,156,106,19,108,146,43,128,85,164,111,83,181,82,192,139,33,13,172,195,40,37,15,35,88,1,189,194,31,171,116,57,0,113,196,89,5,141,119,74,183,63,51,72,147,65,102,115,14,45,55,155,184,161,80,114,177,169,191,11,104,180,163,170,95,137,90,125,149,32,68,97,100,7,175,179,27,150,136,144,70,168,17,103,105,142,190,188,186,176,42,127,132,166,123,44];False
2570;8290;10860;[4,67,193,48,10,145,91,129,8,84,122,73,174,135,21,99,16,77,112,71,56,18,62,120,24,197,26,9,143,20,3,2,121,160,92,49,130,22,180,34,124,94,75,12,165,153,187,127,39,107,87,76,50,53,93,23,30,134,58,86,69,64,101,151,54,158,199,6,117,98,25,110,81,52,182,28,162,78,60,79,185,148,167,61,41,36,46,131,59,133,96,157,138,178,152,173,66,126,198,159,140,118,109,29,154,156,106,19,108,146,43,128,85,164,111,83,181,82,192,139,33,13,172,195,40,37,15,35,88,1,189,194,31,171,180,57,0,113,196,89,5,141,119,74,183,63,51,72,147,65,102,115,14,45,55,155,184,161,80,114,177,169,191,11,104,38,163,170,95,137,90,125,149,32,68,97,100,7,175,179,27,150,136,144,70,168,17,103,105,142,190,188,186,176,42,47,132,166,123,44];False
2534;8324;10858;[4,67,193,48,10,145,91,129,8,84,122,73,174,135,21,99,16,77,112,71,56,18,62,120,24,197,26,9,143,20,3,2,121,160,92,49,130,22,38,34,124,94,75,12,165,153,187,127,39,107,87,76,50,53,93,23,30,134,58,86,69,64,101,151,54,158,199,6,117,98,25,110,81,52,182,28,162,78,60,79,185,148,167,61,41,36,46,131,59,133,96,157,138,178,152,173,66,126,198,159,140,118,109,29,154,156,106,19,108,146,43,128,85,164,111,83,181,82,192,139,33,13,172,195,40,37,15,35,88,1,189,194,31,171,116,57,0,113,196,89,5,141,119,74,183,63,51,170,147,65,102,115,14,45,55,155,184,161,80,114,177,169,191,11,104,180,163,72,95,137,90,125,149,32,68,97,100,7,175,179,27,150,136,144,70,168,17,103,105,142,190,170,186,176,42,47,132,166,123,44];False
2563;8293;10856;[4,67,193,48,10,145,91,129,8,84,122,73,174,135,21,99,16,77,112,71,56,18,62,120,24,197,26,9,143,20,3,2,121,160,92,49,130,22,38,34,124,94,75,12,165,153,187,127,39,107,87,76,50,53,93,23,30,134,58,86,69,64,101,151,54,158,199,6,117,98,25,110,81,52,182,28,162,78,60,79,185,148,167,61,41,36,46,131,59,133,96,157,138,178,152,173,66,126,198,159,140,118,109,29,154,156,106,19,108,146,43,128,85,164,111,83,181,82,192,139,33,13,172,195,40,37,15,35,88,1,189,194,31,171,116,57,0,113,196,89,5,141,119,74,183,63,51,72,147,65,102,115,14,45,55,166,184,161,80,114,177,169,191,11,104,180,163,170,95,137,90,125,149,32,68,97,100,7,175,179,27,150,136,166,70,168,17,103,105,142,190,188,186,176,42,47,132,155,123,44];False
2482;8372;10854;[4,67,193,48,10,145,91,129,8,84,122,73,174,135,21,99,16,77,112,71,56,18,62,120,24,197,26,9,143,20,3,2,121,160,92,49,130,22,38,34,124,94,75,12,165,153,187,127,39,107,87,76,50,53,93,23,30,134,58,86,106,64,101,151,54,158,199,6,117,98,25,110,81,52,182,28,162,78,106,79,185,148,167,61,41,36,46,131,59,133,96,157,138,178,152,173,66,126,198,159,140,118,109,29,154,156,69,19,108,146,43,128,85,164,111,83,181,82,192,139,33,13,172,195,40,37,15,35,88,1,189,194,31,171,116,57,0,113,196,89,5,141,119,74,183,63,51,72,147,65,102,115,14,45,55,155,184,161,80,114,177,169,191,11,104,180,163,170,95,137,90,125,149,32,68,97,100,7,175,179,27,150,136,144,70,168,17,103,105,142,190,188,186,176,42,47,132,166,123,44];False
2482;8369;10851;[4,67,193,48,10,145,91,129,8,84,122,73,174,135,21,99,16,77,112,71,56,18,62,120,24,197,26,9,143,20,3,2,121,160,92,49,130,22,38,34,124,94,75,12,165,153,187,127,39,107,87,76,50,53,93,23,30,134,58,86,69,126,101,151,54,158,199,6,117,98,25,110,81,52,182,28,162,78,60,79,185,148,167,61,41,36,46,131,59,133,96,157,138,178,152,173,66,64,198,159,140,118,109,29,154,156,106,19,108,146,43,128,85,164,111,83,181,82,64,139,33,13,172,195,40,37,15,35,88,1,189,194,31,171,116,57,0,113,196,89,5,141,119,74,183,63,51,72,147,65,102,115,14,45,55,155,184,161,80,114,177,169,191,11,104,180,163,170,95,137,90,125,149,32,68,97,100,7,175,179,27,150,136,144,70,168,17,103,105,142,190,188,186,176,42,47,132,166,123,44];False
2560;8288;10848;[4,67,193,48,10,145,91,129,8,84,122,73,11,135,21,99,16,77,112,71,56,18,62,120,24,197,26,9,143,20,3,2,121,160,92,49,130,22,38,34,124,94,75,12,165,153,187,127,39,107,87,76,50,53,93,23,30,134,58,86,69,64,101,151,54,158,199,6,117,98,25,110,81,52,182,28,162,78,60,79,185,148,167,61,41,36,46,131,59,133,96,157,138,178,152,173,66,126,198,159,140,118,109,29,154,156,106,19,108,146,43,128,85,164,111,83,181,82,192,139,33,13,172,195,40,37,15,35,88,1,189,194,31,171,116,57,0,113,196,89,5,141,119,74,183,63,51,72,147,65,102,115,11,45,55,155,184,161,80,114,177,169,191,14,104,180,163,170,95,137,90,125,149,32,68,97,100,7,175,179,27,150,136,144,70,168,17,103,105,142,190,188,186,176,42,47,132,166,123,44];False
2606;8240;10846;[4,67,193,48,10,145,91,129,8,84,122,73,174,135,21,99,16,77,112,71,56,18,62,120,24,197,26,9,143,20,3,2,121,160,92,49,130,22,38,34,124,94,75,12,165,153,187,127,39,107,87,76,50,53,93,23,30,134,58,86,69,64,101,151,54,158,199,6,117,98,25,110,81,52,182,28,162,78,60,79,185,148,167,61,41,36,46,131,59,133,96,157,138,178,152,173,66,126,198,159,140,118,109,29,154,156,106,19,108,180,43,128,85,164,111,83,181,180,192,139,33,13,172,195,40,37,15,35,88,1,189,194,31,171,116,57,0,113,196,89,5,141,119,74,183,63,51,72,147,65,102,115,14,45,55,155,184,161,80,114,177,169,191,11,104,82,163,170,95,137,90,125,149,32,68,97,100,7,175,179,27,150,136,144,70,168,17,103,105,142,190,188,186,176,42,47,132,166,123,44];False
2561;8285;10846;[4,67,193,48,10,145,91,129,8,17,122,73,174,135,21,99,16,77,112,71,56,18,62,120,84,197,26,9,143,20,3,2,121,160,92,49,130,22,38,34,124,94,75,12,165,153,187,127,39,107,87,76,50,53,93,23,30,134,58,86,69,64,101,151,54,158,199,6,117,98,25,110,81,52,182,28,162,78,60,79,185,148,167,61,41,36,46,131,59,133,96,157,138,178,152,173,66,126,198,159,140,118,109,29,154,156,106,19,108,146,43,128,85,164,111,83,181,82,192,139,33,13,172,195,40,37,15,35,88,1,189,194,31,171,116,57,0,113,196,89,5,141,119,74,183,63,51,72,147,65,102,115,14,45,55,155,184,161,80,114,177,169,191,11,104,180,163,170,95,137,90,125,149,32,68,97,100,7,175,179,27,150,136,144,70,168,84,103,105,142,190,188,186,176,42,47,132,166,123,44];False
2528;8315;10843;[4,67,193,48,10,145,91,129,8,84,122,73,174,135,21,99,16,77,112,71,56,18,62,120,24,197,26,9,143,20,3,2,121,160,92,49,130,22,38,34,124,94,75,12,165,153,187,127,39,107,87,76,50,53,93,23,30,134,58,86,69,64,101,151,54,158,199,6,117,98,25,110,81,52,182,28,162,78,60,79,185,148,167,61,41,36,46,131,59,133,96,157,138,178,152,173,66,126,198,159,140,118,109,29,154,156,106,103,108,146,43,128,85,164,111,83,181,82,192,139,33,13,172,195,40,37,15,35,88,1,189,194,31,171,116,57,0,113,196,89,5,141,119,74,183,63,51,72,147,65,102,115,14,45,55,155,184,161,80,114,177,169,191,11,104,180,163,103,95,137,90,125,149,32,68,97,100,7,175,179,27,150,136,144,70,168,17,170,105,142,190,188,186,176,42,47,132,166,123,44];False
2536;8306;10842;[4,67,193,48,10,145,91,129,8,84,122,73,174,135,21,99,16,77,112,152,56,18,62,120,24,197,26,9,143,20,3,2,121,160,92,49,130,22,38,34,124,94,75,12,165,153,187,127,39,107,87,76,50,53,93,23,30,134,58,86,69,64,101,151,54,158,199,6,117,98,25,110,81,52,182,28,162,78,60,79,185,148,167,61,41,36,46,131,59,133,96,157,138,178,5,173,66,126,198,159,140,118,109,29,154,156,106,19,108,146,43,128,85,164,111,83,181,82,192,139,33,13,172,195,40,37,15,35,88,1,189,194,31,171,116,57,0,113,196,89,152,141,119,74,183,63,51,72,147,65,102,115,14,45,55,155,184,161,80,114,177,169,191,11,104,180,163,170,95,137,90,125,149,32,68,97,100,7,175,179,27,150,136,144,70,168,17,103,105,142,190,188,186,176,42,47,132,166,123,44];False
2522;8320;10842;[4,67,193,48,10,145,91,129,8,84,122,73,174,135,21,99,16,77,112,71,56,18,62,120,24,197,26,9,143,20,3,2,121,160,92,49,130,22,38,34,124,94,75,12,165,153,187,127,39,107,87,76,50,53,93,23,30,134,58,86,69,64,101,151,54,158,199,6,117,98,25,110,81,52,182,28,162,78,60,79,185,148,167,61,41,36,46,131,59,133,96,157,138,178,152,173,66,126,198,159,140,118,109,29,154,156,106,19,108,146,43,128,85,164,111,83,181,82,192,139,33,13,172,195,40,37,15,35,88,1,189,194,31,171,116,57,0,113,196,89,44,141,119,74,183,63,51,72,147,65,102,115,14,45,55,155,184,161,80,114,177,169,191,11,104,180,163,170,95,137,90,125,149,32,68,97,100,7,175,179,27,150,136,144,70,168,17,103,105,142,190,188,186,176,42,47,132,44,123,166];False
2450;8392;10842;[4,67,193,48,10,145,91,129,8,84,122,73,174,135,21,99,16,77,112,71,56,18,62,120,24,197,26,9,143,20,3,2,121,160,92,49,130,22,38,34,124,94,75,12,165,153,187,127,39,107,87,76,50,53,93,23,30,134,58,86,69,64,101,151,54,158,199,6,117,98,25,110,81,52,182,28,162,78,60,79,29,148,167,61,41,36,46,131,59,133,96,157,138,178,152,173,66,126,198,159,140,118,109,185,154,156,106,19,108,146,43,128,85,164,111,83,181,82,192,185,33,13,172,195,40,37,15,35,88,1,189,194,31,171,116,57,0,113,196,89,5,141,119,74,183,63,51,72,147,65,102,115,14,45,55,155,184,161,80,114,177,169,191,11,104,180,163,170,95,137,90,125,149,32,68,97,100,7,175,179,27,150,136,144,70,168,17,103,105,142,190,188,186,176,42,47,132,166,123,44];False
2577;8264;10841;[4,67,193,48,10,145,91,129,8,84,122,73,174,135,21,154,16,77,112,71,56,18,62,120,24,197,26,9,143,20,3,2,121,160,92,49,130,22,38,34,124,94,75,12,165,153,187,127,39,107,87,76,50,53,93,23,30,134,58,86,69,64,101,151,54,158,199,6,117,98,25,110,81,52,182,28,162,78,60,79,185,148,167,61,41,36,46,131,59,133,96,157,138,178,152,173,66,126,198,159,140,118,109,29,171,156,106,19,108,146,43,128,85,164,111,83,181,82,192,139,33,13,172,195,40,37,15,35,88,1,189,194,31,154,116,57,0,113,196,89,5,141,119,74,183,63,51,72,147,65,102,115,14,45,55,155,184,161,80,114,177,169,191,11,104,180,163,170,95,137,90,125,149,32,68,97,100,7,175,179,27,150,136,144,70,168,17,103,105,142,190,188,186,176,42,47,132,166,123,44];False
2541;8297;10838;[4,67,193,48,10,145,91,129,8,84,122,73,174,135,21,99,16,77,112,71,56,18,62,120,24,197,26,9,143,20,3,2,121,160,92,49,130,22,38,34,124,94,75,12,165,153,187,127,39,107,87,76,50,53,93,23,30,134,58,86,69,64,101,151,54,158,199,6,117,98,25,110,81,52,182,28,162,78,60,79,185,148,167,61,41,36,46,131,59,133,96,157,138,178,152,173,66,126,198,159,140,118,109,29,154,156,106,85,108,146,43,128,19,164,111,83,181,82,192,139,33,13,172,85,40,37,15,35,88,1,189,194,31,171,116,57,0,113,196,89,5,141,119,74,183,63,51,72,147,65,102,115,14,45,55,155,184,161,80,114,177,169,191,11,104,180,163,170,95,137,90,125,149,32,68,97,100,7,175,179,27,150,136,144,70,168,17,103,105,142,190,188,186,176,42,47,132,166,123,44];False
2540;8297;10837;[4,67,193,48,10,145,91,129,8,84,122,73,174,135,21,99,16,77,112,71,56,18,62,120,24,197,26,9,196,20,3,2,121,160,92,49,130,22,38,34,124,94,75,12,165,153,187,127,39,107,87,76,50,53,93,23,30,134,58,86,69,64,101,151,54,158,199,6,117,98,25,110,81,52,182,28,162,78,60,79,185,148,167,61,41,36,46,131,59,133,96,157,138,178,152,173,66,126,198,159,140,118,109,29,154,156,106,19,108,146,43,128,85,164,111,83,181,82,192,139,33,13,172,195,40,37,15,35,88,1,189,194,31,171,116,57,0,113,123,89,5,141,119,74,183,63,51,72,147,65,102,115,14,45,55,155,184,161,80,114,177,169,191,11,104,180,163,170,95,137,90,125,149,32,68,97,100,7,175,179,27,150,136,144,70,168,17,103,105,142,190,188,186,176,42,47,132,166,196,44];False
2580;8257;10837;[4,67,193,48,10,145,91,129,8,84,122,73,174,135,21,99,16,77,112,71,56,18,62,120,24,197,26,9,143,20,3,2,121,160,92,49,130,22,38,34,124,94,11,12,165,153,187,127,39,107,87,76,50,53,93,23,30,134,58,86,69,64,101,151,54,158,199,6,117,98,25,110,81,52,182,28,162,78,60,79,185,148,167,61,41,36,46,131,59,133,96,157,138,178,152,173,66,75,198,159,140,118,109,29,154,156,106,19,108,146,43,128,85,164,111,83,181,82,192,139,33,13,172,195,40,37,15,35,88,1,189,194,31,171,116,57,0,113,196,89,5,141,119,74,183,63,51,72,147,65,102,115,14,45,55,155,184,161,80,114,177,169,191,75,104,180,163,170,95,137,90,125,149,32,68,97,100,7,175,179,27,150,136,144,70,168,17,103,105,142,190,188,186,176,42,47,132,166,123,44];False
2598;8239;10837;[4,67,193,48,10,145,91,129,8,84,122,73,174,135,21,99,16,77,112,71,56,18,62,120,24,197,26,9,143,20,3,2,121,160,92,49,130,22,38,34,124,94,75,12,165,153,187,127,39,107,87,76,50,53,93,23,30,134,58,86,69,64,101,151,54,158,199,6,117,98,25,110,81,52,182,28,162,78,60,79,185,148,167,61,41,36,46,131,59,133,96,157,138,178,152,173,66,126,198,159,140,118,109,29,136,156,106,19,108,146,43,128,85,164,111,83,181,82,192,139,33,13,172,195,40,37,15,35,88,1,189,194,31,171,116,57,0,113,196,89,5,141,119,74,183,63,51,72,147,65,102,115,154,45,55,155,184,161,80,114,177,169,191,11,104,180,163,170,95,137,90,125,149,32,68,97,100,7,175,179,27,150,154,144,70,168,17,103,105,142,190,188,186,176,42,47,132,166,123,44];False
2459;8372;10831;[4,67,193,48,10,145,91,129,8,84,122,101,174,135,21,99,16,77,112,71,56,18,62,120,24,197,26,9,101,20,3,2,121,160,92,49,130,22,38,34,124,94,75,12,165,153,187,127,39,107,87,76,50,53,93,23,30,134,58,86,69,64,73,151,54,158,199,6,117,98,25,110,81,52,182,28,162,78,60,79,185,148,167,61,41,36,46,131,59,133,96,157,138,178,152,173,66,126,198,159,140,118,109,29,154,156,106,19,108,146,43,128,85,164,111,83,181,82,192,139,33,13,172,195,40,37,15,35,88,1,189,194,31,171,116,57,0,113,196,89,5,141,119,74,183,63,51,72,147,65,102,115,14,45,55,155,184,161,80,114,177,169,191,11,104,180,163,170,95,137,90,125,149,32,68,97,100,7,175,179,27,150,136,144,70,168,17,103,105,142,190,188,186,176,42,47,132,166,123,44];False
2536;8295;10831;[4,67,193,48,10,145,91,129,8,84,122,73,174,135,21,99,16,77,112,71,56,18,62,120,24,197,26,9,143,20,3,2,121,160,92,49,130,22,38,34,124,94,75,12,165,153,187,40,39,107,87,76,50,53,93,23,30,134,58,86,69,64,101,151,54,158,199,6,117,98,25,110,81,52,182,28,162,78,60,79,185,148,167,61,41,36,46,131,59,133,96,157,138,178,152,173,66,126,198,159,140,118,109,29,154,156,106,19,108,146,43,128,85,164,111,83,181,82,192,139,33,13,172,195,170,37,15,35,88,1,189,194,31,171,116,57,0,113,196,89,5,141,119,74,183,63,51,72,147,65,102,115,14,45,55,155,184,161,80,114,177,169,191,11,104,180,163,40,95,137,90,125,149,32,68,97,100,7,175,179,27,150,136,144,70,168,17,103,105,142,190,188,186,176,42,47,132,166,123,44];False
2543;8286;10829;[4,67,193,48,10,145,91,129,8,84,122,73,174,135,21,99,16,77,112,71,56,18,62,120,24,102,26,9,143,20,3,2,121,160,92,49,130,22,38,34,124,94,75,12,165,153,187,127,39,107,87,76,50,53,93,23,30,134,58,86,69,64,101,151,54,158,199,6,117,98,25,110,81,52,182,28,162,78,60,79,185,148,167,61,41,36,46,131,59,133,96,157,138,178,152,173,66,126,198,159,140,118,109,29,154,156,106,19,108,146,43,128,85,164,111,83,181,82,192,139,33,13,172,195,40,37,15,35,88,1,189,194,31,171,116,57,0,113,196,89,5,141,102,74,183,63,51,72,147,65,197,115,14,45,55,155,184,161,80,114,177,169,191,11,104,180,163,170,95,137,90,125,149,32,68,97,100,7,175,179,27,150,136,144,70,168,17,103,105,142,190,188,186,176,42,47,132,166,123,44];False
2525;8302;10827;[4,67,193,48,91,145,141,129,8,84,122,73,174,135,21,99,16,77,112,71,56,18,62,120,24,197,26,9,143,20,3,2,121,160,92,49,130,22,38,34,124,94,75,12,165,153,187,127,39,107,87,76,50,53,93,23,30,134,58,86,69,64,101,151,54,158,199,6,117,98,25,110,81,52,182,28,162,78,60,79,185,148,167,61,41,36,46,131,59,133,96,157,138,178,152,173,66,126,198,159,140,118,109,29,154,156,106,19,108,146,43,128,85,164,111,83,181,82,192,139,33,13,172,195,40,37,15,35,88,1,189,194,31,171,116,57,0,113,196,89,5,91,119,74,183,63,51,72,147,65,102,115,14,45,55,155,184,161,80,114,177,169,191,11,104,180,163,170,95,137,90,125,149,32,68,97,100,7,175,179,27,150,136,144,70,168,17,103,105,142,190,188,186,176,42,47,132,166,123,44];False
2532;8294;10826;[4,67,193,48,10,145,91,129,8,84,122,73,174,135,21,99,16,77,0,71,56,18,62,120,24,197,26,9,143,20,3,2,121,160,92,0,130,22,38,34,124,94,75,12,165,153,187,127,39,107,87,76,50,53,93,23,30,134,58,86,69,64,101,151,54,158,199,6,117,98,25,110,81,52,182,28,162,78,60,79,185,148,167,61,41,36,46,131,59,133,96,157,138,178,152,173,66,126,198,159,140,118,109,29,154,156,106,19,108,146,43,128,85,164,111,83,181,82,192,139,33,13,172,195,40,37,15,35,88,1,189,194,31,171,116,57,49,113,196,89,5,141,119,74,183,63,51,72,147,65,102,115,14,45,55,155,184,161,80,114,177,169,191,11,104,180,163,170,95,137,90,125,149,32,68,97,100,7,175,179,27,150,136,144,70,168,17,103,105,142,190,188,186,176,42,47,132,166,123,44];False
2505;8321;10826;[4,67,193,48,10,145,91,129,8,84,122,73,174,135,21,99,16,77,112,71,56,18,62,120,24,197,26,9,143,20,3,2,121,160,92,49,130,22,38,34,124,94,75,12,165,153,187,127,39,107,87,76,50,53,93,23,30,134,58,86,69,64,101,151,54,158,199,6,117,98,25,110,81,188,182,28,162,78,60,79,185,148,167,61,41,36,46,131,59,133,96,157,138,178,152,173,66,52,198,159,140,118,109,29,154,156,106,19,108,146,43,128,85,164,111,83,181,82,192,139,33,13,172,195,40,37,15,35,88,1,189,194,31,171,116,57,0,113,196,89,5,141,119,74,183,63,51,72,147,65,102,115,14,45,55,155,184,161,80,114,177,169,191,11,104,180,163,170,95,137,90,125,149,32,68,97,100,7,175,179,27,150,136,144,70,168,17,103,105,142,190,52,186,176,42,47,132,166,123,44];False
2509;8316;10825;[4,67,193,48,10,145,91,129,8,84,122,73,174,135,21,99,16,77,112,71,56,18,62,120,24,197,26,9,143,20,3,2,121,160,92,49,130,22,38,34,124,94,75,12,165,153,187,127,39,107,87,76,50,53,93,23,30,134,58,86,69,64,61,151,54,158,199,6,117,98,25,110,81,52,182,28,162,78,60,79,185,148,167,101,41,36,46,131,59,133,96,157,138,178,152,173,66,126,198,159,140,118,109,29,154,156,106,19,108,146,43,128,85,164,111,83,181,82,192,139,33,13,172,195,40,37,15,35,88,1,189,194,31,171,116,57,0,113,196,89,5,141,119,74,183,63,51,72,147,65,102,115,14,45,55,155,184,161,80,114,177,169,191,11,104,180,163,170,95,137,90,125,61,32,68,97,100,7,175,179,27,150,136,144,70,168,17,103,105,142,190,188,186,176,42,47,132,166,123,44];False
2489;8333;10822;[4,67,193,48,10,145,91,129,8,84,122,73,174,135,21,99,16,77,112,71,56,18,62,120,24,197,26,9,143,20,3,2,121,160,92,49,130,22,38,34,196,94,75,12,165,153,187,127,39,107,87,76,50,53,93,23,30,134,58,86,69,64,101,151,54,158,199,6,117,98,25,110,81,52,182,28,162,78,60,79,185,148,167,61,41,36,46,131,59,133,96,157,138,178,152,173,66,126,198,159,140,118,109,29,154,156,106,19,108,146,43,128,85,164,111,83,181,82,192,139,33,13,172,195,40,37,15,35,88,1,189,194,31,171,116,57,0,113,124,89,5,141,119,74,196,63,51,72,147,65,102,115,14,45,55,155,184,161,80,114,177,169,191,11,104,180,163,170,95,137,90,125,149,32,68,97,100,7,175,179,27,150,136,144,70,168,17,103,105,142,190,188,186,176,42,47,132,166,123,44];False
2557;8264;10821;[4,67,193,48,10,145,91,129,8,84,122,73,174,135,21,99,16,77,112,71,56,18,62,120,24,197,26,9,143,20,3,2,121,160,92,49,130,22,38,34,124,94,75,12,165,153,187,127,39,107,87,76,50,53,93,23,30,134,58,86,69,64,101,151,54,158,199,6,68,98,25,110,81,52,182,28,162,78,60,79,185,148,167,61,41,36,46,131,59,133,96,157,138,178,152,173,66,126,198,159,140,118,109,29,154,156,106,19,108,146,43,128,85,164,111,83,181,82,68,139,33,13,172,195,40,37,15,35,88,1,189,194,31,171,116,57,0,113,196,89,5,141,119,74,183,63,51,72,147,65,102,115,14,45,55,155,184,161,80,114,177,169,191,11,104,180,163,170,95,137,90,125,149,32,192,97,100,7,175,179,27,150,136,144,70,168,17,103,105,142,190,188,186,176,42,47,132,166,123,44];False
2554;8267;10821;[4,67,193,48,10,145,91,129,105,84,122,73,174,135,21,99,16,77,112,71,56,18,62,120,24,197,26,9,143,20,3,2,121,160,92,49,130,22,38,34,124,94,75,12,165,153,187,127,39,107,87,76,50,53,93,23,30,134,58,86,69,64,101,151,54,158,199,6,117,98,25,110,81,52,182,28,162,78,60,79,185,148,167,61,41,36,46,131,59,133,96,157,138,178,152,173,66,126,198,159,140,118,109,29,154,156,106,19,108,146,43,128,85,164,111,83,181,82,8,139,33,13,172,195,40,37,15,35,88,1,189,194,31,171,116,57,0,113,196,89,5,141,119,74,183,63,51,72,147,65,102,115,14,45,55,155,184,161,80,114,177,169,191,11,104,180,163,170,95,137,90,125,149,32,68,97,100,7,175,179,27,150,136,144,70,168,17,103,8,142,190,188,186,176,42,47,132,166,123,44];False
2530;8289;10819;[4,67,193,48,10,145,91,129,8,84,122,73,174,135,21,99,16,156,112,71,56,18,62,120,24,197,26,9,143,20,3,2,121,160,92,49,130,22,38,34,124,94,75,12,165,153,187,127,39,107,87,76,50,53,93,23,30,134,58,86,69,64,101,151,54,158,199,6,117,98,25,110,81,52,182,28,162,78,60,79,185,148,167,61,41,36,46,131,59,133,96,157,138,178,152,173,66,126,198,159,140,118,109,29,154,189,106,19,108,146,43,128,85,164,111,83,181,82,192,139,33,13,172,195,40,37,15,35,88,1,156,194,31,171,116,57,0,113,196,89,5,141,119,74,183,63,51,72,147,65,102,115,14,45,55,155,184,161,80,114,177,169,191,11,104,180,163,170,95,137,90,125,149,32,68,97,100,7,175,179,27,150,136,144,70,168,17,103,105,142,190,188,186,176,42,47,132,166,123,44];False
2533;8286;10819;[4,67,193,48,10,145,91,129,8,84,122,73,174,135,144,99,16,77,112,71,56,18,62,120,24,197,26,9,143,20,3,2,121,160,92,49,130,22,38,34,124,94,75,12,165,153,187,127,39,107,87,76,50,53,93,23,30,134,58,86,69,64,101,151,54,158,199,6,117,98,25,110,81,52,182,28,162,78,60,79,185,148,167,61,41,36,46,131,59,133,96,157,138,178,152,173,66,126,198,159,140,118,109,29,154,156,106,19,108,146,43,128,85,164,111,83,181,82,192,139,33,13,172,195,40,37,15,35,88,1,189,194,31,171,116,57,0,113,196,89,5,141,119,74,183,63,51,72,147,65,102,115,14,45,55,155,184,161,80,114,177,169,191,11,104,180,163,170,95,137,90,125,149,32,68,97,100,7,175,179,27,150,136,21,70,168,17,103,105,142,190,188,186,176,144,47,132,166,123,44];False
2484;8334;10818;[4,67,193,48,10,145,91,129,8,84,122,73,174,167,21,99,16,77,112,71,56,18,62,120,24,197,26,9,143,20,3,2,121,160,92,49,130,22,38,34,124,94,75,12,165,153,187,127,39,107,87,76,50,53,93,23,30,134,58,86,69,64,101,151,54,158,199,6,117,98,25,110,81,52,182,28,162,78,60,79,185,148,135,61,41,36,46,131,59,133,96,157,138,178,152,173,66,126,198,159,140,118,109,29,154,156,106,19,108,146,43,128,85,164,111,83,181,82,192,139,33,13,172,195,40,37,15,35,88,1,189,194,31,171,116,57,0,113,196,89,5,141,119,74,183,63,51,72,147,65,102,115,14,45,55,155,184,161,80,114,177,169,191,11,104,180,163,170,95,137,90,125,149,32,68,97,100,7,175,179,27,150,136,144,70,167,17,103,105,142,190,188,186,176,42,47,132,166,123,44];False
2549;8269;10818;[4,67,193,48,10,145,91,129,8,84,122,73,174,135,21,99,16,77,112,71,56,83,62,120,24,197,26,9,143,20,3,2,121,160,92,49,130,22,38,34,124,94,75,12,165,153,187,127,39,107,87,76,50,53,93,23,30,134,58,86,69,64,101,151,54,158,199,6,117,98,25,110,81,52,182,28,162,78,60,79,185,148,167,61,41,36,46,131,59,133,96,157,138,178,152,173,66,126,198,159,140,118,109,29,154,156,106,19,108,146,43,128,85,164,111,18,181,82,192,139,33,13,172,195,40,37,15,35,88,1,189,194,31,171,116,57,0,113,196,89,5,141,119,74,183,63,51,72,147,65,102,115,83,45,55,155,184,161,80,114,177,169,191,11,104,180,163,170,95,137,90,125,149,32,68,97,100,7,175,179,27,150,136,144,70,168,17,103,105,142,190,188,186,176,42,47,132,166,123,44];False
2554;8263;10817;[4,67,193,48,10,145,91,129,8,84,122,73,174,135,21,99,16,101,112,71,56,18,62,120,24,197,26,9,143,20,3,2,121,160,92,49,130,22,38,34,124,94,75,12,165,153,187,127,39,107,87,76,50,53,93,23,30,134,58,86,69,64,181,151,54,158,199,6,117,98,25,110,81,52,182,28,162,78,60,79,185,148,167,61,41,36,46,131,59,133,96,157,138,178,152,173,66,126,198,159,140,118,109,29,154,156,106,19,108,146,43,128,85,164,111,83,101,82,192,139,33,13,172,195,40,37,15,35,88,1,189,194,31,171,116,57,0,113,196,89,5,141,119,74,183,63,51,72,147,65,102,115,14,45,55,155,184,161,80,114,177,169,191,11,104,180,163,170,95,137,90,125,149,32,68,97,100,7,175,179,27,150,136,144,70,168,17,103,105,142,190,188,186,176,42,47,132,166,123,44];False
2407;8410;10817;[4,67,193,48,10,145,91,129,8,84,122,73,174,135,21,99,16,77,112,71,56,18,62,120,24,197,26,9,143,20,3,2,121,160,92,49,130,22,38,34,124,94,75,12,165,153,187,127,39,107,87,76,50,53,93,23,30,134,58,86,69,64,101,151,54,158,199,6,117,98,25,110,81,52,182,28,162,78,60,51,185,148,167,61,41,36,46,131,59,133,96,157,138,178,152,173,66,126,198,159,140,118,109,29,154,156,106,19,108,79,43,128,85,164,111,83,181,82,192,139,33,13,172,195,40,37,15,35,88,1,189,194,31,171,116,57,0,113,196,89,5,141,119,74,183,63,79,72,147,65,102,115,14,45,55,155,184,161,80,114,177,169,191,11,104,180,163,170,95,137,90,125,149,32,68,97,100,7,175,179,27,150,136,144,70,168,17,103,105,142,190,188,186,176,42,47,132,166,123,44];False
2563;8254;10817;[4,67,193,48,10,145,91,129,8,84,122,73,174,135,21,99,131,77,112,71,56,18,62,120,24,197,26,9,143,20,3,2,121,160,92,49,130,22,38,34,124,94,75,12,165,153,187,127,39,107,87,76,50,53,93,23,30,134,58,16,69,64,101,151,54,158,199,6,117,98,25,110,81,52,182,28,162,78,60,79,185,148,167,61,41,36,46,16,59,133,96,157,138,178,152,173,66,126,198,159,140,118,109,29,154,156,106,19,108,146,43,128,85,164,111,83,181,82,192,139,33,13,172,195,40,37,15,35,88,1,189,194,31,171,116,57,0,113,196,89,5,141,119,74,183,63,51,72,147,65,102,115,14,45,55,155,184,161,80,114,177,169,191,11,104,180,163,170,95,137,90,125,149,32,68,97,100,7,175,179,27,150,136,144,70,168,17,103,105,142,190,188,186,176,42,47,132,166,123,44];False
2546;8269;10815;[4,67,193,48,10,145,91,129,8,84,122,73,174,135,21,99,16,77,112,71,56,18,62,120,24,197,26,9,143,20,3,2,121,160,92,49,130,22,38,34,124,94,75,12,165,153,187,127,39,107,87,76,50,53,93,23,30,134,58,86,69,64,101,151,54,158,199,6,117,98,25,110,81,52,182,28,162,78,60,79,185,148,167,61,41,36,46,131,59,133,96,157,138,178,152,173,66,126,198,159,140,118,109,29,154,156,106,19,108,146,43,128,85,164,111,83,181,82,192,139,33,13,172,195,40,37,15,35,88,1,189,194,31,171,116,57,0,113,196,45,5,141,119,74,183,63,51,72,147,65,102,115,14,89,55,155,184,161,80,114,177,169,191,11,104,180,163,170,95,137,90,125,89,32,68,97,100,7,175,179,27,150,136,144,70,168,17,103,105,142,190,188,186,176,42,47,132,166,123,44];False
2460;8354;10814;[4,67,193,48,10,145,91,129,8,84,122,73,174,135,21,99,16,77,112,71,56,18,62,120,24,197,26,9,143,20,3,2,121,160,92,49,130,22,38,34,124,94,75,12,165,153,187,127,39,107,87,76,50,53,93,23,30,134,58,86,69,64,101,151,54,158,199,6,117,98,25,110,81,52,182,28,162,78,60,79,185,148,167,61,41,36,46,131,59,133,96,157,138,178,152,173,66,126,198,159,140,118,109,29,154,156,106,19,108,146,43,147,85,164,111,83,181,82,192,139,33,13,172,195,40,37,15,35,88,1,189,194,31,171,116,57,0,113,196,89,5,141,119,74,183,63,51,72,179,65,102,115,14,45,55,155,184,161,80,114,177,169,191,11,104,180,163,170,95,137,90,125,149,32,68,97,100,7,175,147,27,150,136,144,70,168,17,103,105,142,190,188,186,176,42,47,132,166,123,44];False
2541;8271;10812;[4,67,193,48,10,145,91,129,8,84,122,73,174,135,21,99,16,77,112,71,56,18,62,120,24,197,26,9,143,20,3,2,121,160,92,49,130,22,38,34,124,94,75,12,165,153,187,127,39,107,87,76,50,53,93,23,30,134,58,86,69,64,101,151,54,158,199,6,117,98,25,110,81,146,182,28,162,78,60,79,185,148,167,61,41,36,46,131,59,133,96,157,138,178,152,173,66,126,198,159,140,118,109,29,154,156,106,19,108,171,43,128,85,164,111,83,181,82,192,139,33,13,172,195,40,37,15,35,88,1,189,194,31,146,116,57,0,113,196,89,5,141,119,74,183,63,51,72,147,65,102,115,14,45,55,155,184,161,80,114,177,169,191,11,104,180,163,170,95,137,90,125,149,32,68,97,100,7,175,179,27,150,136,144,70,168,17,103,105,142,190,188,186,176,42,47,132,166,123,44];False
2538;8274;10812;[4,67,193,48,10,145,91,129,8,84,122,73,174,135,21,99,16,77,112,71,56,18,62,120,24,197,26,9,143,20,3,2,121,160,92,49,130,22,38,34,124,94,75,12,165,153,187,127,39,107,87,76,50,53,93,23,30,134,58,86,69,64,101,151,54,158,199,6,117,98,25,110,81,52,182,28,162,78,60,79,185,148,167,61,41,36,46,131,59,133,96,157,138,178,152,173,66,126,198,159,140,196,109,29,154,156,106,19,108,146,43,128,85,164,111,83,181,82,192,139,33,13,172,195,40,37,15,35,88,1,189,194,31,171,116,57,0,113,118,89,5,141,119,74,183,63,51,72,147,65,102,115,14,45,55,155,118,161,80,114,177,169,191,11,104,180,163,170,95,137,90,125,149,32,68,97,100,7,175,179,27,150,136,144,70,168,17,103,105,142,190,188,186,176,42,47,132,166,123,44];False
2570;8241;10811;[4,67,193,48,10,145,91,129,8,84,122,73,174,135,21,99,16,77,112,71,56,18,62,120,24,197,26,9,143,20,3,2,121,160,92,49,130,22,38,34,124,94,75,12,165,153,187,127,39,107,87,76,50,53,93,23,30,134,58,86,69,64,101,151,54,158,199,6,117,98,25,110,81,52,182,28,162,78,60,79,185,148,167,61,41,36,46,115,59,133,96,157,138,178,152,173,66,126,198,159,140,118,109,29,154,156,106,19,108,146,43,128,85,164,111,115,181,82,192,139,33,13,172,195,40,37,15,35,88,1,189,194,31,171,116,57,0,113,196,89,5,141,119,74,183,63,51,72,147,65,102,131,14,45,55,155,184,161,80,114,177,169,191,11,104,180,163,170,95,137,90,125,149,32,68,97,100,7,175,179,27,150,136,144,70,168,17,103,105,142,190,188,186,176,42,47,132,166,123,44];False
2538;8273;10811;[4,67,193,48,10,145,71,129,8,84,122,73,174,135,21,99,16,77,112,91,56,18,62,120,24,197,26,9,143,20,3,2,121,160,92,49,130,22,38,34,124,94,75,12,165,153,187,127,39,107,87,76,50,53,93,23,30,134,58,86,69,64,101,151,54,158,199,6,117,98,25,110,81,52,182,28,162,78,60,79,185,148,167,61,41,36,46,131,59,133,96,157,138,178,152,173,66,126,198,159,140,118,109,29,154,156,106,19,108,146,43,128,85,164,111,83,181,82,192,139,33,13,172,195,40,37,15,35,88,1,189,194,31,171,116,57,0,113,196,89,5,141,119,74,183,63,51,72,147,65,102,115,14,45,55,155,184,161,80,114,177,169,191,11,104,180,163,170,95,137,90,125,149,91,68,97,100,7,175,179,27,150,136,144,70,168,17,103,105,142,190,188,186,176,42,47,132,166,123,44];False
2489;8321;10810;[24,67,193,48,10,145,91,129,8,84,122,73,174,135,21,99,16,77,112,71,56,18,62,120,4,197,26,9,143,20,3,2,121,160,92,49,130,22,38,34,124,94,75,12,165,153,187,127,39,107,87,76,50,53,93,23,30,134,58,86,69,64,101,151,54,158,199,6,117,98,25,110,81,52,182,28,162,78,60,79,185,148,167,61,41,36,46,131,59,133,96,157,138,178,152,173,66,126,198,159,140,118,109,29,154,156,106,19,108,146,43,128,85,164,111,83,181,82,192,139,33,13,172,195,40,37,15,35,88,1,189,194,31,171,116,57,0,113,196,89,5,141,119,74,183,63,51,72,147,65,102,115,14,45,55,155,184,161,80,114,177,169,191,11,104,180,163,170,95,137,90,125,149,32,68,97,100,7,175,179,27,150,136,144,70,168,17,103,4,142,190,188,186,176,42,47,132,166,123,44];False
2553;8253;10806;[4,67,193,48,10,145,91,129,8,84,122,73,174,135,21,99,16,77,112,71,56,18,62,120,24,197,26,9,143,20,3,2,121,160,92,49,130,22,38,34,124,94,75,12,165,153,187,127,39,107,87,76,50,53,108,23,30,134,58,86,69,64,101,151,54,158,199,6,117,98,25,110,81,52,182,28,162,78,60,79,185,148,167,61,41,36,46,131,59,133,96,157,138,178,152,173,66,126,198,159,140,118,109,29,154,156,106,19,93,146,43,128,85,164,111,83,181,82,192,139,33,13,172,195,40,37,15,35,88,1,189,194,31,171,116,57,0,113,196,89,5,141,119,74,183,63,51,72,147,65,102,115,14,45,55,155,184,93,80,114,177,169,191,11,104,180,163,170,95,137,90,125,149,32,68,97,100,7,175,179,27,150,136,144,70,168,17,103,105,142,190,188,186,176,42,47,132,166,123,44];False
2505;8301;10806;[4,67,193,48,10,145,91,129,8,84,122,73,174,135,21,99,16,77,112,71,56,18,62,120,24,197,26,9,143,20,3,2,121,160,92,49,130,22,38,34,124,94,75,12,165,153,187,127,39,107,87,76,50,53,93,23,30,134,58,86,69,64,101,151,54,158,199,6,117,98,25,110,81,52,182,28,162,78,60,79,185,148,97,61,41,36,46,131,59,133,96,157,138,178,152,173,66,126,198,159,140,118,109,29,154,156,106,19,108,97,43,128,85,164,111,83,181,82,192,139,33,13,172,195,40,37,15,35,88,1,189,194,31,171,116,57,0,113,196,89,5,141,119,74,183,63,51,72,147,65,102,115,14,45,55,155,184,161,80,114,177,169,191,11,104,180,163,170,95,137,90,125,149,32,68,167,100,7,175,179,27,150,136,144,70,168,17,103,105,142,190,188,186,176,42,47,132,166,123,44];False
2508;8297;10805;[4,67,193,48,10,145,91,129,8,84,122,73,174,135,21,99,16,77,112,71,56,18,62,120,24,197,26,9,143,20,3,2,121,160,92,49,130,22,38,34,124,94,75,12,165,153,187,127,39,107,87,76,50,53,93,23,30,134,58,86,69,64,101,151,54,158,199,6,115,98,25,110,81,52,182,28,162,78,60,79,185,148,167,61,41,36,46,131,59,133,96,157,138,178,152,173,66,126,198,159,140,118,109,29,154,156,106,19,108,146,43,128,85,164,111,83,181,82,192,139,33,13,172,195,40,37,15,35,88,1,189,194,31,171,116,57,0,113,196,89,5,141,119,74,183,115,51,72,147,65,102,117,14,45,55,155,184,161,80,114,177,169,191,11,104,180,163,170,95,137,90,125,149,32,68,97,100,7,175,179,27,150,136,144,70,168,17,103,105,142,190,188,186,176,42,47,132,166,123,44];False
2524;8280;10804;[4,67,193,48,10,145,91,129,8,84,122,73,174,135,21,99,16,77,112,71,56,18,62,120,24,197,26,9,143,20,3,2,121,160,92,49,130,22,38,34,124,94,75,12,165,153,187,127,39,107,87,76,50,53,93,23,30,134,58,86,69,64,101,151,54,158,199,109,117,98,25,110,81,52,182,28,162,78,60,79,185,148,167,61,41,36,46,131,59,133,96,157,138,178,152,173,66,126,198,159,140,118,72,29,154,156,106,19,108,146,43,128,85,164,111,83,181,82,192,139,33,13,172,195,40,37,15,35,88,1,189,194,31,171,116,57,0,113,196,89,5,141,119,74,183,63,51,109,147,65,102,115,14,45,55,155,184,161,80,114,177,169,191,11,104,180,163,170,95,137,90,125,149,32,68,97,100,7,175,179,27,150,136,144,70,168,17,103,105,142,190,188,186,176,42,47,132,166,123,44];False
2454;8350;10804;[4,67,193,48,10,145,91,129,8,84,122,73,174,135,21,99,16,77,112,71,56,18,62,120,24,197,26,9,143,20,3,2,121,160,92,49,130,22,38,34,124,94,75,12,33,153,187,127,39,107,87,76,50,53,93,23,30,134,58,86,69,64,101,151,54,33,199,6,117,98,25,110,81,52,182,28,162,78,60,79,185,148,167,61,41,36,46,131,59,133,96,157,138,178,152,173,66,126,198,159,140,118,109,29,154,156,106,19,108,146,43,128,85,164,111,83,181,82,192,139,158,13,172,195,40,37,15,35,88,1,189,194,31,171,116,57,0,113,196,89,5,141,119,74,183,63,51,72,147,65,102,115,14,45,55,155,184,161,80,114,177,169,191,11,104,180,163,170,95,137,90,125,149,32,68,97,100,7,175,179,27,150,136,144,70,168,17,103,105,142,190,188,186,176,42,47,132,166,123,44];False
2517;8286;10803;[4,67,193,48,10,145,91,129,8,84,122,73,174,135,21,99,16,77,112,71,56,18,62,120,24,197,26,9,143,20,3,2,121,160,92,49,130,22,38,34,124,94,75,12,165,153,187,127,39,107,87,76,50,53,93,23,30,134,58,86,69,64,101,151,54,158,199,6,117,98,25,110,81,52,182,28,162,78,60,79,137,148,167,61,41,36,46,131,59,133,96,157,138,178,152,173,66,126,198,159,140,118,109,29,154,156,106,19,108,146,43,128,85,164,111,83,181,82,192,139,33,13,172,195,40,37,15,35,88,1,189,194,31,171,116,57,0,113,196,89,5,141,119,185,183,63,51,72,147,65,102,115,14,45,55,155,184,161,80,114,177,169,191,11,104,180,163,170,95,185,90,125,149,32,68,97,100,7,175,179,27,150,136,144,70,168,17,103,105,142,190,188,186,176,42,47,132,166,123,44];False
2543;8260;10803;[4,67,193,48,10,145,91,129,8,84,122,73,174,135,21,99,16,77,112,71,56,18,62,120,24,197,74,9,143,20,3,2,121,160,92,49,130,22,38,34,124,94,75,12,165,153,187,127,39,107,87,76,50,53,93,23,30,134,58,86,69,64,101,151,54,158,199,6,117,98,25,110,81,52,182,28,162,78,60,79,185,148,167,61,41,36,46,131,59,133,96,157,138,178,152,173,66,126,198,159,140,118,109,29,154,156,106,19,108,146,43,128,85,164,111,83,181,82,192,139,33,13,172,195,40,37,15,35,88,1,189,74,31,171,116,57,0,113,196,89,5,141,119,26,183,63,51,72,147,65,102,115,14,45,55,155,184,161,80,114,177,169,191,11,104,180,163,170,95,137,90,125,149,32,68,97,100,7,175,179,27,150,136,144,70,168,17,103,105,142,190,188,186,176,42,47,132,166,123,44];False
2439;8364;10803;[4,67,193,48,10,145,91,129,8,84,122,73,174,135,21,99,16,77,112,71,56,18,62,120,24,197,26,9,143,20,3,2,121,160,92,49,130,22,38,34,124,94,75,12,165,153,187,127,39,107,87,76,50,53,93,23,30,134,58,86,69,64,101,151,54,88,199,6,117,98,25,110,81,52,182,28,162,78,60,79,185,148,167,61,41,36,46,131,59,133,96,157,138,178,152,173,66,126,198,158,140,118,109,29,154,156,106,19,108,146,43,128,85,164,111,83,181,82,192,139,33,13,172,195,40,37,15,35,158,1,189,194,31,171,116,57,0,113,196,89,5,141,119,74,183,63,51,72,147,65,102,115,14,45,55,155,184,161,80,114,177,169,191,11,104,180,163,170,95,137,90,125,149,32,68,97,100,7,175,179,27,150,136,144,70,168,17,103,105,142,190,188,186,176,42,47,132,166,123,44];False
2514;8288;10802;[4,67,193,48,10,145,91,129,8,84,122,73,174,135,21,99,16,77,112,71,56,18,62,120,24,197,26,9,143,20,3,2,121,160,92,49,130,22,38,34,124,94,75,12,165,153,187,127,39,107,87,76,50,53,93,23,30,134,58,86,69,64,101,151,54,158,199,6,117,98,25,110,81,52,182,28,162,78,60,79,185,148,167,61,31,36,46,131,59,133,96,157,138,178,152,173,66,126,198,159,140,118,109,29,154,156,106,19,108,146,43,128,85,164,111,83,181,82,192,139,33,13,172,195,40,37,15,35,88,1,189,194,41,171,116,57,0,113,196,89,5,141,119,74,183,63,51,72,147,65,102,115,14,45,55,155,184,161,80,114,177,169,191,11,104,180,163,170,95,137,90,125,149,32,68,97,100,7,175,179,27,150,136,144,70,168,17,103,105,142,190,188,186,176,42,47,132,41,123,44];False
2439;8362;10801;[4,67,193,48,10,145,91,129,8,84,122,73,174,135,21,99,16,77,112,71,56,18,62,120,24,197,26,9,143,20,3,185,121,160,92,49,130,22,38,34,124,94,75,12,165,153,187,127,39,107,87,76,50,53,93,23,30,134,58,86,69,64,101,151,54,158,199,6,117,98,25,110,81,52,182,28,162,78,60,79,72,148,167,61,41,36,46,131,59,133,96,157,138,178,152,173,66,126,198,159,140,118,109,29,154,156,106,19,108,146,43,128,85,164,111,83,181,82,192,139,33,13,172,195,40,37,15,35,88,1,189,194,31,171,116,57,0,113,196,89,5,141,119,74,183,63,51,185,147,65,102,115,14,45,55,155,184,161,80,114,177,169,191,11,104,180,163,170,95,137,90,125,149,32,68,97,100,7,175,179,27,150,136,144,70,168,17,103,105,142,190,188,186,176,42,47,132,166,123,44];False
2523;8278;10801;[4,67,193,48,10,145,91,129,8,84,122,73,174,135,21,99,16,77,112,71,56,18,62,120,24,197,26,9,143,20,3,2,121,160,92,49,130,22,38,34,124,94,75,12,165,153,187,127,39,107,87,76,50,53,93,23,159,134,58,86,69,64,101,151,54,158,199,6,117,98,25,110,81,52,182,28,162,78,60,79,185,148,167,61,41,36,46,131,59,133,96,157,138,178,152,173,66,126,198,30,140,118,109,29,154,156,106,19,108,146,43,128,85,164,111,83,181,82,192,139,33,13,172,195,40,37,15,35,88,1,189,194,31,171,116,57,0,113,196,89,5,141,119,74,183,63,51,72,147,65,102,115,14,45,55,155,184,161,80,114,177,169,191,11,104,180,163,170,95,137,90,125,149,32,68,97,100,7,175,179,27,150,136,144,70,168,17,103,105,142,190,188,186,30,42,47,132,166,123,44];False
2511;8288;10799;[4,67,193,48,10,145,91,129,8,84,122,73,174,135,21,99,16,77,112,71,56,18,62,120,24,197,26,149,143,20,3,2,121,160,92,49,130,22,38,34,124,94,75,12,165,153,187,127,39,107,87,76,50,53,93,23,30,149,58,86,69,64,101,151,54,158,199,6,117,98,25,110,81,52,182,28,162,78,60,79,185,148,167,61,41,36,46,131,59,133,96,157,138,178,152,173,66,126,198,159,140,118,109,29,154,156,106,19,108,146,43,128,85,164,111,83,181,82,192,139,33,13,172,195,40,37,15,35,88,1,189,194,31,171,116,57,0,113,196,89,5,141,119,74,183,63,51,72,147,65,102,115,14,45,55,155,184,161,80,114,177,169,191,11,104,180,163,170,95,137,90,125,9,32,68,97,100,7,175,179,27,150,136,144,70,168,17,103,105,142,190,188,186,176,42,47,132,166,123,44];False
2520;8278;10798;[4,67,193,48,10,145,91,129,8,84,122,73,174,135,21,99,16,77,112,71,56,18,62,120,24,197,26,9,143,20,3,2,121,160,92,49,130,22,38,34,124,94,75,12,165,153,187,127,39,107,87,76,50,53,93,23,30,134,58,86,69,64,101,151,54,158,199,6,117,98,25,110,81,52,182,28,162,78,60,79,185,148,167,61,41,36,46,131,59,133,96,157,138,178,152,173,168,126,198,159,140,118,109,29,154,156,106,19,108,146,43,128,85,164,111,83,181,82,192,139,33,13,172,195,40,37,15,35,88,1,189,194,31,171,116,57,0,113,196,89,5,141,119,74,183,63,51,72,147,65,102,115,14,45,55,155,184,161,80,114,177,169,191,11,104,180,163,170,95,137,90,125,149,32,68,97,100,7,175,179,27,150,136,66,70,66,17,103,105,142,190,188,186,176,42,47,132,166,123,44];False
2510;8288;10798;[4,67,193,48,10,145,129,91,8,84,122,73,174,135,21,99,16,77,112,71,56,18,62,120,24,197,26,9,143,20,3,2,121,160,92,49,130,22,38,34,124,94,75,12,165,153,187,127,39,107,87,76,50,53,93,23,30,134,58,86,69,64,101,151,54,158,199,6,117,98,25,110,81,52,182,28,162,78,60,79,185,148,167,61,41,36,129,131,59,133,96,157,138,178,152,173,66,126,198,159,140,118,109,29,154,156,106,19,108,146,43,128,85,164,111,83,181,82,192,139,33,13,172,195,40,37,15,35,88,1,189,194,31,171,116,57,0,113,196,89,5,141,119,74,183,63,51,72,147,65,102,115,14,45,55,155,184,161,80,114,177,169,191,11,104,180,163,170,95,137,90,125,149,32,68,97,100,7,175,179,27,150,136,144,70,168,17,103,105,142,190,188,186,176,42,47,132,166,123,44];False
2505;8292;10797;[4,67,193,48,10,145,91,172,8,84,122,73,174,135,21,99,16,77,112,71,56,18,62,120,24,197,26,9,143,20,3,2,121,160,92,49,130,22,38,34,124,94,75,12,165,153,187,127,39,107,87,76,50,53,93,23,30,134,58,86,69,64,101,151,54,158,199,6,117,98,25,110,81,52,182,28,162,78,60,79,185,148,167,61,41,36,46,131,59,133,96,157,138,178,152,173,66,126,198,159,140,118,109,29,154,156,106,19,108,146,43,128,85,164,111,83,181,82,192,139,33,13,129,195,40,37,15,35,88,1,189,194,31,171,116,57,0,113,196,89,5,141,119,74,183,63,51,72,147,65,102,115,14,45,55,155,184,161,80,114,177,169,191,11,104,180,163,170,95,137,90,125,149,32,68,97,100,7,175,179,27,150,136,144,70,168,17,103,105,142,172,188,186,176,42,47,132,166,123,44];False
2523;8274;10797;[4,67,193,48,10,145,91,129,8,84,122,73,174,135,21,99,16,77,112,71,56,18,62,120,24,197,26,9,143,20,3,2,121,160,92,49,130,22,38,34,124,94,75,12,165,153,187,127,39,107,87,76,50,53,93,23,30,134,58,86,69,64,101,151,54,158,199,6,117,98,25,110,81,52,182,28,162,78,60,79,185,148,167,61,41,36,46,131,59,133,96,157,138,178,152,173,66,126,198,159,140,40,109,29,154,156,106,19,108,146,43,128,85,164,40,83,181,82,192,139,33,13,172,195,118,37,15,35,88,1,189,194,31,171,116,57,0,113,196,89,5,141,119,74,183,63,51,72,147,65,102,115,14,45,55,155,184,161,80,114,177,169,191,11,104,180,163,170,95,137,90,125,149,32,68,97,100,7,175,179,27,150,136,144,70,168,17,103,105,142,190,188,186,176,42,47,132,166,123,44];False
2491;8305;10796;[4,67,193,48,10,145,91,129,8,84,122,73,174,135,21,99,16,77,112,71,56,187,62,120,24,197,26,9,143,20,3,2,121,160,92,49,130,22,38,34,124,94,75,12,165,153,18,127,39,107,87,76,50,53,93,23,30,134,58,86,69,64,101,151,54,158,199,6,117,98,25,110,81,52,182,28,162,78,60,79,185,148,167,61,41,36,46,131,59,133,96,157,138,178,152,173,66,126,198,159,140,118,109,29,154,156,106,19,108,146,43,128,85,164,111,83,181,82,192,139,33,13,172,195,40,187,15,35,88,1,189,194,31,171,116,57,0,113,196,89,5,141,119,74,183,63,51,72,147,65,102,115,14,45,55,155,184,161,80,114,177,169,191,11,104,180,163,170,95,137,90,125,149,32,68,97,100,7,175,179,27,150,136,144,70,168,17,103,105,142,190,188,186,176,42,47,132,166,123,44];False
2509;8287;10796;[4,67,193,48,10,145,91,129,8,84,122,73,174,135,21,99,16,77,112,71,56,18,62,120,24,197,26,119,143,20,3,2,121,160,92,49,130,22,38,34,124,94,75,12,165,153,187,127,39,107,87,76,50,53,93,23,30,134,58,86,69,64,101,151,54,158,199,6,117,98,25,110,81,52,182,28,162,78,60,79,185,148,167,61,41,36,46,131,59,133,96,157,138,178,119,173,66,126,198,159,140,118,109,29,154,156,106,19,108,146,43,128,85,164,111,83,181,82,192,139,33,13,172,195,40,37,15,35,88,1,189,194,31,171,116,57,0,113,196,89,5,141,152,74,183,63,51,72,147,65,102,115,14,45,55,155,184,161,80,114,177,169,191,11,104,180,163,170,95,137,90,125,149,32,68,97,100,7,175,179,27,150,136,144,70,168,17,103,105,142,190,188,186,176,42,47,132,166,123,44];False
2518;8277;10795;[4,67,193,48,10,145,91,129,8,84,122,73,174,135,21,99,16,77,112,71,56,18,62,120,24,197,26,9,143,104,3,2,121,160,92,49,130,22,38,34,124,94,75,12,165,153,187,127,39,107,87,76,50,53,93,23,30,134,58,86,69,64,101,151,54,158,199,6,117,98,25,110,81,52,182,28,162,78,60,79,185,148,167,61,41,36,46,131,59,133,96,157,138,178,152,173,66,126,198,159,140,118,109,29,154,156,106,19,108,146,43,128,85,164,111,83,181,82,192,139,33,13,172,195,40,37,15,35,88,1,189,194,31,171,116,57,0,113,196,89,5,141,119,74,183,63,51,72,147,65,102,115,14,45,55,155,184,161,80,114,177,169,191,11,20,180,163,170,95,137,90,125,149,32,68,97,100,104,175,179,27,150,136,144,70,168,17,103,105,142,190,188,186,176,42,47,132,166,123,44];False
2488;8307;10795;[4,67,193,48,10,145,91,129,8,84,122,73,174,135,21,99,16,77,112,71,56,18,62,120,24,197,26,9,143,20,3,2,121,160,92,49,130,22,38,34,124,94,75,12,165,153,187,127,39,114,87,76,50,53,93,23,30,134,58,86,69,64,101,151,54,158,199,6,117,98,25,110,81,52,182,28,162,78,60,79,185,148,167,61,41,36,46,131,59,133,96,157,138,178,152,173,66,126,198,159,140,118,109,29,154,156,106,19,108,146,43,128,85,164,111,83,181,82,192,139,33,13,172,195,40,37,15,35,88,1,189,194,31,171,116,57,0,113,196,89,5,141,119,74,183,63,51,72,147,65,102,115,14,45,55,155,184,161,80,107,177,169,191,11,104,180,163,170,95,137,90,125,149,32,68,97,100,7,175,179,27,150,136,107,70,168,17,103,105,142,190,188,186,176,42,47,132,166,123,44];False
2464;8329;10793;[113,67,193,48,10,145,91,129,8,84,122,73,174,135,21,99,16,77,112,71,56,18,62,120,24,197,26,9,143,20,3,2,121,160,92,49,130,22,38,34,124,94,75,12,165,153,187,127,39,107,87,76,50,53,93,23,30,134,58,86,69,64,101,151,54,158,113,6,117,98,25,110,81,52,182,28,162,78,60,79,185,148,167,61,41,36,46,131,59,133,96,157,138,178,152,173,66,126,198,159,140,118,109,29,154,156,106,19,108,146,43,128,85,164,111,83,181,82,192,139,33,13,172,195,40,37,15,35,88,1,189,194,31,171,116,57,0,199,196,89,5,141,119,74,183,63,51,72,147,65,102,115,14,45,55,155,184,161,80,114,177,169,191,11,104,180,163,170,95,137,90,125,149,32,68,97,100,7,175,179,27,150,136,144,70,168,17,103,105,142,190,188,186,176,42,47,132,166,123,44];False
2528;8265;10793;[4,67,193,48,10,145,91,129,8,84,122,73,174,135,21,99,16,77,112,71,56,18,62,120,24,197,26,9,143,20,3,2,121,160,147,49,130,22,38,34,124,94,75,12,165,153,187,127,39,107,87,76,50,53,93,23,30,147,58,86,69,64,101,151,54,158,199,6,117,98,25,110,81,52,182,28,162,78,60,79,185,148,167,61,41,36,46,131,59,133,96,157,138,178,152,173,66,126,198,159,140,118,109,29,154,156,106,19,108,146,43,128,85,164,111,83,181,82,192,139,33,13,172,195,40,37,15,35,88,1,189,194,31,171,116,57,0,113,196,89,5,141,119,74,183,63,51,72,92,65,102,115,14,45,55,155,184,161,80,114,177,169,191,11,104,180,163,170,95,137,90,125,149,32,68,97,100,7,175,179,27,150,136,144,70,168,17,103,105,142,190,188,186,176,42,47,132,166,123,44];False
2514;8278;10792;[4,67,193,48,10,145,91,129,8,84,122,73,174,135,21,99,16,77,112,71,56,18,62,120,24,197,26,9,143,20,3,2,121,160,92,49,130,22,38,34,124,94,75,12,165,153,187,127,39,107,87,76,50,53,93,23,30,134,58,86,69,64,101,151,54,158,199,6,117,98,25,110,81,52,182,28,162,78,60,79,185,148,167,61,41,36,46,152,59,133,96,157,138,178,131,173,66,126,198,159,140,118,109,29,154,156,106,19,108,146,43,128,85,164,111,83,181,82,192,139,33,13,172,195,40,37,15,35,131,1,189,194,31,171,116,57,0,113,196,89,5,141,119,74,183,63,51,72,147,65,102,115,14,45,55,155,184,161,80,114,177,169,191,11,104,180,163,170,95,137,90,125,149,32,68,97,100,7,175,179,27,150,136,144,70,168,17,103,105,142,190,188,186,176,42,47,132,166,123,44];False
2521;8271;10792;[4,67,193,48,10,145,91,129,8,84,122,73,174,135,21,99,16,68,112,71,56,18,62,120,24,197,26,9,143,20,3,2,121,160,92,49,130,22,38,34,124,94,75,12,165,153,187,127,39,107,87,76,50,53,93,23,30,134,58,86,69,64,101,151,54,158,199,6,117,98,25,110,81,52,182,28,162,78,60,79,185,148,167,61,41,36,46,131,59,133,96,157,138,178,152,173,66,126,198,159,140,118,109,29,154,156,106,19,108,146,43,128,85,164,111,83,181,82,192,139,33,13,172,195,40,37,15,35,88,1,189,194,31,171,116,57,0,113,196,89,5,141,119,74,183,63,51,72,147,65,102,115,14,45,55,155,184,161,80,114,177,169,191,11,104,180,163,170,95,137,90,125,149,32,77,97,100,7,175,179,27,150,136,144,70,168,17,103,105,77,190,188,186,176,42,47,132,166,123,44];False
2511;8280;10791;[4,67,193,48,10,145,91,129,8,84,142,73,174,135,21,99,16,77,112,71,56,18,62,120,24,197,26,9,143,20,3,2,121,160,92,49,130,22,38,34,124,94,75,12,165,142,187,127,39,107,87,76,50,53,93,23,30,134,58,86,69,64,101,151,54,158,199,6,117,98,25,110,81,52,182,28,162,78,60,79,185,148,167,61,41,36,46,131,59,133,96,157,138,178,152,173,66,126,198,159,140,118,109,29,154,156,106,19,108,146,43,128,85,164,111,83,181,82,192,139,33,13,172,195,40,37,15,35,88,1,189,194,31,171,116,57,0,113,196,89,5,141,119,74,183,63,51,72,147,65,102,115,14,45,55,155,184,161,80,114,177,169,191,11,104,180,163,170,95,137,90,125,149,32,68,97,100,7,175,179,27,150,136,144,70,168,17,103,105,153,190,188,186,176,42,47,132,166,123,44];False
2519;8272;10791;[4,67,193,48,10,145,91,129,8,84,122,73,174,135,21,99,16,77,112,71,56,18,144,120,24,197,26,9,143,20,3,2,121,160,92,49,130,22,38,34,124,94,75,12,165,153,187,127,39,107,87,76,50,53,93,23,30,134,58,86,69,64,101,151,54,158,199,6,117,98,25,110,81,52,182,28,162,78,60,79,185,148,167,61,41,36,46,131,59,133,96,157,138,178,152,173,66,126,198,159,140,118,109,29,154,156,106,19,108,146,43,128,85,164,111,83,181,82,192,139,33,13,172,195,144,37,15,35,88,1,189,194,31,171,116,57,0,113,196,89,5,141,119,74,183,63,51,72,147,65,102,115,14,45,55,155,184,161,80,114,177,169,191,11,104,180,163,170,95,137,90,125,149,32,68,97,100,7,175,179,27,150,136,40,70,168,17,103,105,142,190,188,186,176,42,47,132,166,123,44];False
2496;8294;10790;[4,67,193,48,10,145,91,129,8,84,122,73,174,120,21,99,16,77,112,71,56,18,62,135,24,197,26,9,143,20,3,2,121,160,135,49,130,22,38,34,124,94,75,12,165,153,187,127,39,107,87,76,50,53,93,23,30,134,58,86,69,64,101,151,54,158,199,6,117,98,25,110,81,52,182,28,162,78,60,79,185,148,167,61,41,36,46,131,59,133,96,157,138,178,152,173,66,126,198,159,140,118,109,29,154,156,106,19,108,146,43,128,85,164,111,83,181,82,192,139,33,13,172,195,40,37,15,35,88,1,189,194,31,171,116,57,0,113,196,89,5,141,119,74,183,63,51,72,147,65,102,115,14,45,55,155,184,161,80,114,177,169,191,11,104,180,163,170,95,137,90,125,149,32,68,97,100,7,175,179,27,150,136,144,70,168,17,103,105,142,190,188,186,176,42,47,132,166,123,44];False
2505;8285;10790;[4,67,193,48,10,145,91,129,8,84,122,73,174,135,21,99,16,77,112,71,56,18,62,120,24,197,26,9,143,20,3,2,121,160,92,49,130,22,38,34,124,94,75,12,165,153,187,127,39,107,87,76,50,53,93,23,30,134,58,86,69,64,101,151,54,158,199,6,117,98,25,110,81,52,182,28,162,78,60,79,185,148,167,61,41,33,46,131,59,133,96,157,138,178,152,173,36,126,198,159,140,118,109,29,154,156,106,19,108,146,43,128,85,164,111,83,181,82,192,139,36,13,172,195,40,37,15,35,88,1,189,194,31,171,116,57,0,113,196,89,5,141,119,74,183,63,51,72,147,65,102,115,14,45,55,155,184,161,80,114,177,169,191,11,104,180,163,170,95,137,90,125,149,32,68,97,100,7,175,179,27,150,136,144,70,168,17,103,105,142,190,188,186,176,42,47,132,166,123,44];False
2481;8308;10789;[4,67,193,48,10,145,91,129,8,84,122,73,174,135,21,99,16,27,112,71,56,18,62,120,24,197,26,9,143,20,3,2,121,160,92,49,130,22,38,34,124,94,75,12,165,153,187,127,39,107,87,76,50,53,27,23,30,134,58,86,69,64,101,151,54,158,199,6,117,98,25,110,81,52,182,28,162,78,60,79,185,148,167,61,41,36,46,131,59,133,96,157,138,178,152,173,66,126,198,159,140,118,109,29,154,156,106,19,108,146,43,128,85,164,111,83,181,82,192,139,33,13,172,195,40,37,15,35,88,1,189,194,31,171,116,57,0,113,196,89,5,141,119,74,183,63,51,72,147,65,102,115,14,45,55,155,184,161,80,114,177,169,191,11,104,180,163,170,95,137,90,125,149,32,68,97,100,7,175,179,93,150,136,144,70,168,17,103,105,142,190,188,186,176,42,47,132,166,123,44];False
2532;8256;10788;[4,67,193,48,10,145,91,129,8,110,122,73,174,135,21,99,16,77,112,71,56,18,62,120,24,197,26,9,143,20,3,2,121,160,92,49,130,22,38,34,124,94,75,12,165,153,187,127,39,107,87,76,50,53,93,23,30,134,58,86,69,64,101,151,54,158,199,6,117,98,25,84,81,52,182,28,162,78,60,79,185,148,167,61,41,36,46,131,59,133,96,157,138,178,152,173,66,126,198,159,140,118,109,29,154,156,106,19,108,146,43,128,85,164,111,83,181,82,192,139,33,13,172,195,40,37,15,110,88,1,189,194,31,171,116,57,0,113,196,89,5,141,119,74,183,63,51,72,147,65,102,115,14,45,55,155,184,161,80,114,177,169,191,11,104,180,163,170,95,137,90,125,149,32,68,97,100,7,175,179,27,150,136,144,70,168,17,103,105,142,190,188,186,176,42,47,132,166,123,44];False
2492;8295;10787;[4,67,193,48,10,145,91,129,8,84,122,73,174,135,21,99,16,77,112,71,56,18,62,120,24,197,26,9,143,20,3,2,121,160,92,49,130,22,38,34,124,94,75,12,165,153,187,127,39,107,87,76,50,53,93,185,30,134,58,86,69,64,101,151,54,158,199,6,117,98,25,110,81,52,182,28,162,78,60,79,23,185,167,61,41,36,46,131,59,133,96,157,138,178,152,173,66,126,198,159,140,118,109,29,154,156,106,19,108,146,43,128,85,164,111,83,181,82,192,139,33,13,172,195,40,37,15,35,88,1,189,194,31,171,116,57,0,113,196,89,5,141,119,74,183,63,51,72,147,65,102,115,14,45,55,155,184,161,80,114,177,169,191,11,104,180,163,170,95,137,90,125,149,32,68,97,100,7,175,179,27,150,136,144,70,168,17,103,105,142,190,188,186,176,42,47,132,166,123,44];False
2526;8260;10786;[4,67,193,48,10,145,91,129,8,84,122,73,174,135,21,99,16,77,112,71,56,18,165,120,24,197,26,9,143,20,3,2,121,160,92,49,130,22,38,34,124,94,75,12,62,153,187,127,39,107,87,76,50,53,93,23,30,134,58,86,69,64,101,62,54,158,199,6,117,98,25,110,81,52,182,28,162,78,60,79,185,148,167,61,41,36,46,131,59,133,96,157,138,178,152,173,66,126,198,159,140,118,109,29,154,156,106,19,108,146,43,128,85,164,111,83,181,82,192,139,33,13,172,195,40,37,15,35,88,1,189,194,31,171,116,57,0,113,196,89,5,141,119,74,183,63,51,72,147,65,102,115,14,45,55,155,184,161,80,114,177,169,191,11,104,180,163,170,95,137,90,125,149,32,68,97,100,7,175,179,27,150,136,144,70,168,17,103,105,142,190,188,186,176,42,47,132,166,123,44];False
2507;8278;10785;[4,67,193,48,10,145,91,129,8,84,122,73,174,135,21,99,16,77,112,71,56,18,62,120,24,197,26,9,143,20,3,2,121,160,92,49,130,22,38,34,124,94,75,12,165,153,187,127,39,107,87,76,50,53,93,23,30,134,58,86,69,64,101,151,54,158,199,6,117,98,25,110,81,52,182,28,162,78,60,79,185,148,167,61,41,36,46,131,59,133,96,157,138,178,152,173,66,126,198,159,140,118,109,29,154,156,106,19,37,146,43,128,85,164,111,83,181,82,37,139,33,13,172,195,40,108,15,35,88,1,189,194,31,171,116,57,0,113,196,89,5,141,119,74,183,63,51,72,147,65,102,115,14,45,55,155,184,161,80,114,177,169,191,11,104,180,163,170,95,137,90,125,149,32,68,97,100,7,175,179,27,150,136,144,70,168,17,103,105,142,190,188,186,176,42,47,132,166,123,44];False
2494;8290;10784;[4,67,193,48,10,145,91,129,8,84,122,73,174,135,21,99,16,77,112,71,56,18,62,120,175,197,26,9,143,20,3,2,121,160,92,49,130,22,38,34,124,94,75,12,165,153,187,127,39,107,87,76,50,53,93,23,30,134,58,86,69,64,101,151,54,158,199,6,117,98,25,110,81,52,182,28,162,78,60,79,185,148,167,61,41,36,46,131,59,133,96,157,138,178,152,173,66,126,198,159,140,118,109,29,154,156,106,19,108,146,43,128,85,164,111,83,181,82,192,139,33,13,172,195,40,37,15,35,88,1,189,194,31,171,116,57,0,113,196,89,5,141,119,74,183,63,51,72,147,65,102,115,14,45,175,155,184,161,80,114,177,169,191,11,104,180,163,170,95,137,90,125,149,32,68,97,100,7,24,179,27,150,136,144,70,168,17,103,105,142,190,188,186,176,42,47,132,166,123,44];False
2514;8270;10784;[4,67,193,48,10,145,91,129,8,84,122,73,174,135,21,99,16,77,112,71,56,18,62,120,190,197,26,9,143,20,3,2,121,160,92,49,130,22,38,34,124,94,75,12,165,153,187,127,39,107,87,76,50,53,93,23,30,134,58,86,69,64,101,151,54,158,199,6,117,98,25,110,81,52,182,28,162,78,60,79,185,148,167,61,41,36,46,131,59,133,96,157,138,178,152,173,66,126,198,159,140,118,109,29,154,156,106,19,108,146,43,128,85,164,111,83,181,82,192,139,33,13,172,195,40,37,15,35,88,190,189,194,31,171,116,57,0,113,196,89,5,141,119,74,183,63,51,72,147,65,102,115,14,45,55,155,184,161,80,114,177,169,191,11,104,180,163,170,95,137,90,125,149,32,68,97,100,7,175,179,27,150,136,144,70,168,17,103,105,142,24,188,186,176,42,47,132,166,123,44];False
2503;8280;10783;[4,67,193,48,10,145,91,129,8,84,122,73,174,135,21,99,16,77,112,71,56,18,62,120,24,197,26,9,143,20,3,2,121,160,92,49,130,22,195,34,38,94,75,12,165,153,187,127,39,107,87,76,50,53,93,23,30,134,58,86,69,64,101,151,54,158,199,6,117,98,25,110,81,52,182,28,162,78,60,79,185,148,167,61,41,36,46,131,59,133,96,157,138,178,152,173,66,126,198,159,140,118,109,29,154,156,106,19,108,146,43,128,85,164,111,83,181,82,192,139,33,13,172,38,40,37,15,35,88,1,189,194,31,171,116,57,0,113,196,89,5,141,119,74,183,63,51,72,147,65,102,115,14,45,55,155,184,161,80,114,177,169,191,11,104,180,163,170,95,137,90,125,149,32,68,97,100,7,175,179,27,150,136,144,70,168,17,103,105,142,190,188,186,176,42,47,132,166,123,44];False
2513;8269;10782;[4,67,193,48,10,145,91,129,8,84,122,73,174,94,21,99,16,77,112,71,56,18,62,120,24,197,26,9,143,20,3,2,121,160,92,49,130,22,38,34,124,135,75,12,165,153,187,127,39,107,87,76,50,53,93,23,30,134,58,86,69,64,101,151,54,158,199,6,117,98,25,110,81,52,182,28,162,78,60,79,185,148,167,61,41,36,46,131,59,133,96,157,138,178,152,173,66,126,198,159,140,118,109,29,154,156,106,19,108,146,43,128,85,164,111,83,181,82,192,94,33,13,172,195,40,37,15,35,88,1,189,194,31,171,116,57,0,113,196,89,5,141,119,74,183,63,51,72,147,65,102,115,14,45,55,155,184,161,80,114,177,169,191,11,104,180,163,170,95,137,90,125,149,32,68,97,100,7,175,179,27,150,136,144,70,168,17,103,105,142,190,188,186,176,42,47,132,166,123,44];False
2485;8297;10782;[4,67,193,48,10,145,91,129,8,84,122,73,174,135,21,99,16,77,112,71,56,18,62,120,24,197,26,9,143,20,3,2,121,160,92,49,130,22,38,34,124,94,75,12,165,153,187,127,39,107,87,76,50,53,93,23,30,134,58,86,69,64,101,151,54,158,199,6,117,98,25,110,81,52,182,28,162,78,60,79,185,148,167,61,41,36,46,131,59,133,96,157,138,178,152,173,66,126,198,159,140,118,109,29,154,156,106,19,108,146,43,128,85,164,111,83,63,82,192,139,33,13,172,195,40,37,15,35,88,1,189,194,31,171,116,57,0,113,196,89,5,141,119,74,183,136,51,72,147,65,102,115,14,45,55,155,184,161,80,114,177,169,191,11,104,180,163,170,95,137,90,125,149,32,68,97,100,7,175,179,27,150,63,144,70,168,17,103,105,142,190,188,186,176,42,47,132,166,123,44];False
2449;8331;10780;[4,67,193,48,10,145,91,129,8,84,156,73,174,135,21,99,16,77,112,71,56,18,62,120,24,197,26,9,143,20,3,2,121,160,92,49,130,22,38,34,124,94,75,12,165,153,187,156,39,107,87,76,50,53,93,23,30,134,58,86,69,64,101,151,54,158,199,6,117,98,25,110,81,52,182,28,162,78,60,79,185,148,167,61,41,36,46,131,59,133,96,157,138,178,152,173,66,126,198,159,140,118,109,29,154,127,106,19,108,146,43,128,85,164,111,83,181,82,192,139,33,13,172,195,40,37,15,35,88,1,189,194,31,171,116,57,0,113,196,89,5,141,119,74,183,63,51,72,147,65,102,115,14,45,55,155,184,161,80,114,177,169,191,11,104,180,163,170,95,137,90,125,149,32,68,97,100,7,175,179,27,150,136,144,70,168,17,103,105,142,190,188,186,176,42,47,132,166,123,44];False
2519;8260;10779;[4,67,193,48,10,145,91,129,8,84,122,73,174,135,21,99,16,77,112,71,56,18,62,120,24,197,26,9,143,20,3,2,121,160,92,49,130,22,38,34,124,94,75,12,165,153,187,127,39,182,87,76,50,53,93,23,30,134,58,86,69,64,101,151,54,158,199,6,117,98,25,110,81,52,31,28,162,78,60,79,185,148,167,61,41,36,46,131,59,133,96,157,138,178,152,173,66,126,198,159,140,118,109,29,154,156,106,19,108,146,43,128,85,164,111,83,181,82,192,139,33,13,172,195,40,37,15,35,88,1,189,194,182,171,116,57,0,113,196,89,5,141,119,74,183,63,51,72,147,65,102,115,14,45,55,155,184,161,80,114,177,169,191,11,104,180,163,170,95,137,90,125,149,32,68,97,100,7,175,179,27,150,136,144,70,168,17,103,105,142,190,188,186,176,42,47,132,166,123,44];False
2537;8242;10779;[4,67,193,48,10,145,91,129,8,84,122,73,174,135,21,99,16,77,112,71,56,18,62,120,24,197,26,9,143,152,3,2,121,160,92,49,130,22,38,34,124,94,75,12,165,153,187,127,39,107,87,76,50,53,93,23,30,134,58,86,69,64,101,151,54,158,199,6,117,98,25,110,81,52,182,28,162,78,60,79,185,148,167,61,41,36,46,131,59,133,96,157,138,178,20,173,66,126,198,159,140,118,109,29,154,156,106,19,108,146,43,20,85,164,111,83,181,82,192,139,33,13,172,195,40,37,15,35,88,1,189,194,31,171,116,57,0,113,196,89,5,141,119,74,183,63,51,72,147,65,102,115,14,45,55,155,184,161,80,114,177,169,191,11,104,180,163,170,95,137,90,125,149,32,68,97,100,7,175,179,27,150,136,144,70,168,17,103,105,142,190,188,186,176,42,47,132,166,123,44];False
2517;8261;10778;[4,67,193,48,10,145,91,129,8,84,122,73,174,135,21,99,16,153,112,71,56,18,62,120,24,197,26,9,143,20,3,2,121,160,92,49,130,22,38,34,124,94,75,12,165,15,187,127,39,107,87,76,50,53,93,23,30,134,58,86,69,64,101,151,54,158,199,6,117,98,25,110,81,52,182,28,162,78,60,79,185,148,167,61,41,36,46,131,59,133,96,157,138,178,152,173,66,126,198,159,140,118,109,29,154,156,106,19,108,146,43,128,85,164,111,83,181,82,192,139,33,13,172,195,40,37,153,35,88,1,189,194,31,171,116,57,0,113,196,89,5,141,119,74,183,63,51,72,147,65,102,115,14,45,55,155,184,161,80,114,177,169,191,11,104,180,163,170,95,137,90,125,149,32,68,97,100,7,175,179,27,150,136,144,70,168,17,103,105,142,190,188,186,176,42,47,132,166,123,44];False
2470;8308;10778;[4,67,193,48,10,145,91,129,8,84,122,164,174,135,21,99,16,77,112,71,56,18,62,120,24,197,26,9,143,20,3,2,121,160,92,49,130,22,38,34,124,94,75,12,165,153,187,127,39,107,87,76,50,53,93,23,30,134,58,86,69,64,101,151,54,158,199,6,117,98,25,110,81,52,182,28,162,78,60,79,185,148,167,61,41,36,46,131,59,133,96,157,138,178,152,173,66,126,198,159,140,118,109,29,154,156,106,19,108,146,43,128,85,73,111,83,181,82,192,139,33,13,172,195,40,37,15,35,88,1,189,194,31,171,116,57,0,113,196,89,5,141,119,74,183,63,51,72,147,65,102,115,14,45,55,155,184,161,80,114,177,169,191,11,104,180,163,170,95,137,90,125,149,32,68,97,100,7,73,179,27,150,136,144,70,168,17,103,105,142,190,188,186,176,42,47,132,166,123,44];False
2536;8242;10778;[4,67,193,48,10,145,91,129,8,84,122,73,174,135,21,99,16,77,112,71,56,18,62,120,24,197,26,9,143,20,3,2,121,160,92,49,130,22,38,34,124,94,75,12,165,153,187,127,39,107,87,76,50,53,93,23,30,134,58,86,69,29,101,151,54,158,199,6,117,98,25,110,81,52,182,28,162,78,60,79,185,148,167,61,41,36,46,131,59,133,96,157,138,178,152,173,66,126,198,159,140,118,109,43,154,156,106,19,108,146,29,128,85,164,111,83,181,82,192,139,33,13,172,195,40,37,15,35,88,1,189,194,31,171,116,57,0,113,196,89,5,141,119,74,183,63,51,72,147,65,102,115,14,45,55,155,184,161,80,114,177,169,191,11,104,180,163,170,95,137,90,125,149,32,68,97,100,7,175,179,27,150,136,144,70,168,17,103,105,142,190,188,186,176,42,47,132,166,123,44];False
2520;8257;10777;[4,67,193,48,10,145,91,129,8,84,122,73,174,135,21,99,16,77,112,71,56,18,62,120,24,197,26,43,143,20,3,2,121,160,92,49,130,22,38,34,124,94,75,12,165,153,187,127,39,107,87,76,50,53,93,23,30,134,58,86,69,64,101,151,54,158,199,6,117,98,25,110,81,52,182,28,162,78,60,43,185,148,167,61,41,36,46,131,59,133,96,157,138,178,152,173,66,126,198,159,140,118,109,29,154,156,106,19,108,146,9,128,85,164,111,83,181,82,192,139,33,13,172,195,40,37,15,35,88,1,189,194,31,171,116,57,0,113,196,89,5,141,119,74,183,63,51,72,147,65,102,115,14,45,55,155,184,161,80,114,177,169,191,11,104,180,163,170,95,137,90,125,149,32,68,97,100,7,175,179,27,150,136,144,70,168,17,103,105,142,190,188,186,176,42,47,132,166,123,44];False
2473;8304;10777;[4,67,193,48,10,145,91,129,8,84,122,73,174,135,21,99,16,77,2,71,56,18,62,120,24,197,26,9,143,20,3,112,121,160,92,49,130,22,38,34,124,94,75,12,165,153,187,127,39,107,87,76,50,53,93,23,30,134,58,86,69,64,101,151,54,158,199,6,117,98,25,110,81,52,182,28,162,78,60,79,185,148,167,61,41,36,46,131,59,133,96,157,138,178,152,173,66,126,198,2,140,118,109,29,154,156,106,19,108,146,43,128,85,164,111,83,181,82,192,139,33,13,172,195,40,37,15,35,88,1,189,194,31,171,116,57,0,113,196,89,5,141,119,74,183,63,51,72,147,65,102,115,14,45,55,155,184,161,80,114,177,169,191,11,104,180,163,170,95,137,90,125,149,32,68,97,100,7,175,179,27,150,136,144,70,168,17,103,105,142,190,188,186,176,42,47,132,166,123,44];False
2532;8244;10776;[4,67,193,48,10,145,91,129,8,84,122,73,174,135,21,99,16,77,112,71,56,18,62,120,24,197,26,9,143,20,3,2,121,160,92,49,130,22,38,34,124,94,75,12,165,153,187,127,39,107,87,76,50,53,93,23,30,134,58,86,69,64,101,151,54,158,199,6,117,98,25,110,81,52,182,28,162,78,60,79,185,148,167,61,41,36,46,131,59,133,96,157,35,178,152,173,66,126,198,159,140,118,109,29,154,156,106,19,108,146,43,128,85,164,111,83,181,82,192,139,33,13,172,195,40,37,15,138,88,1,189,194,31,171,116,57,0,113,196,89,5,141,119,74,183,63,51,72,147,65,102,115,14,45,55,155,184,161,80,114,177,169,191,11,104,180,163,170,95,137,90,125,149,32,68,97,100,7,175,179,27,150,136,144,70,168,17,103,105,142,190,138,186,176,42,47,132,166,123,44];False
2506;8270;10776;[4,67,193,48,10,145,91,129,8,84,122,73,174,135,21,99,16,77,112,71,56,18,62,120,24,197,26,9,143,20,3,2,121,160,92,49,130,22,38,34,124,94,75,12,165,153,187,127,39,107,87,76,50,53,93,23,30,134,58,86,69,64,101,151,54,158,199,6,117,98,25,110,81,52,182,28,162,78,60,79,185,148,167,61,41,36,46,131,59,133,96,157,138,178,152,173,66,126,198,188,140,118,109,29,154,156,106,19,108,146,43,128,85,164,111,83,181,82,192,139,33,13,172,195,40,37,15,35,88,1,189,194,31,171,116,57,0,113,196,89,5,141,119,74,183,63,51,72,147,65,102,115,14,45,55,155,184,161,80,114,177,169,191,11,104,180,163,170,95,137,90,125,149,32,68,97,100,7,175,179,188,150,136,144,70,168,17,103,105,142,190,27,186,176,42,47,132,166,123,44];False
2460;8313;10773;[4,67,193,48,10,145,91,129,8,84,122,73,174,135,21,99,16,77,112,71,56,18,62,120,24,197,26,9,143,20,3,2,121,160,92,49,130,22,38,34,124,94,75,12,165,153,187,127,39,107,87,76,50,53,93,23,52,134,58,86,69,64,101,151,54,158,199,6,117,98,25,110,81,30,182,28,30,78,60,79,185,148,167,61,41,36,46,131,59,133,96,157,138,178,152,173,66,126,198,159,140,118,109,29,154,156,106,19,108,146,43,128,85,164,111,83,181,82,192,139,33,13,172,195,40,37,15,35,88,1,189,194,31,171,116,57,0,113,196,89,5,141,119,74,183,63,51,72,147,65,102,115,14,45,55,155,184,161,80,114,177,169,191,11,104,180,163,170,95,137,90,125,149,32,68,97,100,7,175,179,27,150,136,144,70,168,17,103,105,142,190,188,186,176,42,47,132,166,123,44];False
2535;8238;10773;[4,67,193,48,10,145,91,129,8,84,122,73,174,135,21,99,16,77,112,71,56,18,62,120,24,197,26,9,143,20,3,2,121,160,92,49,130,22,38,34,124,94,75,12,165,153,187,127,39,107,87,76,50,53,93,23,30,134,58,86,69,64,101,151,54,158,199,6,117,98,115,110,81,115,182,28,162,78,60,79,185,148,167,61,41,36,46,131,59,133,96,157,138,178,152,173,66,126,198,159,140,118,109,29,154,156,106,19,108,146,43,128,85,164,111,83,181,82,192,139,33,13,172,195,40,37,15,35,88,1,189,194,31,171,116,57,0,113,196,89,5,141,119,74,183,63,51,72,147,65,102,52,14,45,55,155,184,161,80,114,177,169,191,11,104,180,163,170,95,137,90,125,149,32,68,97,100,7,175,179,27,150,136,144,70,168,17,103,105,142,190,188,186,176,42,47,132,166,123,44];False
2533;8239;10772;[4,67,193,48,10,145,91,129,8,84,138,73,174,135,21,99,16,77,112,71,56,18,62,120,24,197,26,9,143,20,3,2,121,160,92,49,130,22,38,34,124,94,75,12,165,153,187,127,39,107,87,76,50,53,93,23,30,134,58,86,69,64,101,151,54,158,199,6,117,98,25,110,81,52,182,28,162,78,60,79,185,148,167,61,41,36,46,131,59,133,96,157,32,178,152,173,66,126,198,159,140,118,109,29,154,156,106,19,108,146,43,128,85,164,111,83,181,82,192,139,33,13,172,195,40,37,15,35,88,1,189,194,31,171,116,57,0,113,196,89,5,141,119,74,183,63,51,72,147,65,102,115,14,45,55,155,184,161,80,114,177,169,191,11,104,180,163,170,95,137,90,125,149,138,68,97,100,7,175,179,27,150,136,144,70,168,17,103,105,142,190,188,186,176,42,47,132,166,123,44];False
2521;8250;10771;[4,67,193,48,10,145,91,129,8,84,122,73,174,135,21,99,16,77,112,71,56,18,62,120,24,197,26,9,143,20,3,2,121,160,92,49,130,22,38,34,124,94,75,12,165,153,187,127,39,107,87,76,50,53,93,23,176,134,58,86,69,64,101,151,54,158,199,6,117,98,25,110,81,52,182,28,162,78,60,79,185,148,167,61,41,36,46,131,59,133,96,157,138,178,152,173,66,126,176,159,140,118,109,29,154,156,106,19,108,146,43,128,85,164,111,83,181,82,192,139,33,13,172,195,40,37,15,35,88,1,189,194,31,171,116,57,0,113,196,89,5,141,119,74,183,63,51,72,147,65,102,115,14,45,55,155,184,161,80,114,177,169,191,11,104,180,163,170,95,137,90,125,149,32,68,97,100,7,175,179,27,150,136,144,70,168,17,103,105,142,190,188,186,30,42,47,132,166,123,44];False
2518;8253;10771;[4,67,193,48,10,145,91,129,8,84,122,73,174,135,21,99,16,77,112,71,56,18,62,120,24,197,26,9,143,20,3,2,121,160,92,191,130,22,38,34,124,94,75,12,165,153,187,127,39,107,87,76,50,53,93,23,30,134,58,86,69,64,101,151,54,158,199,6,117,98,25,110,81,52,182,28,162,78,60,79,185,148,167,61,41,36,46,131,59,133,96,157,138,178,152,173,66,126,198,159,140,118,109,29,154,156,106,19,108,146,43,128,85,164,111,83,181,82,192,139,33,13,172,195,40,37,15,35,88,1,189,194,31,171,116,57,0,113,196,89,5,141,119,74,183,63,51,72,147,65,102,115,14,45,55,155,184,161,80,114,177,169,104,11,191,180,163,170,95,137,90,125,149,32,68,97,100,7,175,179,27,150,136,144,70,168,17,103,105,142,190,188,186,176,42,47,132,166,123,44];False
2535;8234;10769;[4,67,193,48,10,145,91,129,8,84,122,73,174,135,21,99,16,77,112,71,56,18,62,120,24,197,26,9,143,20,3,2,121,93,92,49,130,22,38,34,124,94,75,12,165,153,187,127,39,107,87,76,50,53,160,23,30,134,58,86,69,64,101,151,54,158,199,6,117,98,25,110,81,52,182,28,162,78,60,79,185,148,167,61,41,36,46,131,59,133,96,157,138,178,152,173,160,126,198,159,140,118,109,29,154,156,106,19,108,146,43,128,85,164,111,83,181,82,192,139,33,13,172,195,40,37,15,35,88,1,189,194,31,171,116,57,0,113,196,89,5,141,119,74,183,63,51,72,147,65,102,115,14,45,55,155,184,161,80,114,177,169,191,11,104,180,163,170,95,137,90,125,149,32,68,97,100,7,175,179,27,150,136,144,70,168,17,103,105,142,190,188,186,176,42,47,132,166,123,44];False
2493;8276;10769;[4,67,193,48,10,145,91,129,8,84,122,73,94,135,21,99,16,77,112,71,56,18,62,120,24,197,26,9,143,20,3,2,121,160,92,49,130,22,38,34,124,191,75,12,165,153,187,127,39,107,87,76,50,53,93,23,30,134,58,86,69,64,101,151,54,158,199,6,117,98,25,110,81,52,182,28,162,78,60,79,185,148,167,61,41,36,46,131,59,133,96,157,138,178,152,173,66,126,198,159,140,118,109,29,154,156,106,19,108,146,43,128,85,164,111,83,181,82,192,139,33,13,172,195,40,37,15,35,88,1,189,194,31,171,116,57,0,113,196,89,5,141,119,74,183,63,51,72,147,65,102,115,14,45,55,155,184,161,80,114,177,169,94,11,104,180,163,170,95,137,90,125,149,32,68,97,100,7,175,179,27,150,136,144,70,168,17,103,105,142,190,188,186,176,42,47,132,166,123,44];False
2518;8251;10769;[4,67,193,48,10,145,91,129,8,84,122,73,174,135,21,99,16,77,112,71,56,18,62,120,24,197,26,9,143,20,3,2,121,160,92,49,130,22,38,34,124,94,75,12,165,153,170,127,39,107,87,76,50,53,93,23,30,134,58,86,69,64,101,151,54,158,199,6,117,98,25,110,81,52,182,28,162,78,60,79,185,148,167,61,41,36,46,131,59,170,96,157,138,178,152,173,66,126,198,159,140,118,109,29,154,156,106,19,108,146,43,128,85,164,111,83,181,82,192,139,33,13,172,195,40,37,15,35,88,1,189,194,31,171,116,57,0,113,196,89,5,141,119,74,183,63,51,72,147,65,102,115,14,45,55,155,184,161,80,114,177,169,191,11,104,180,163,133,95,137,90,125,149,32,68,97,100,7,175,179,27,150,136,144,70,168,17,103,105,142,190,188,186,176,42,47,132,166,123,44];False
2471;8297;10768;[4,67,193,48,10,145,91,129,8,84,122,73,174,135,21,99,108,77,112,71,56,18,62,120,24,197,26,9,143,20,3,2,121,160,92,49,130,22,38,34,124,94,75,12,165,153,187,127,39,107,87,76,50,53,93,23,30,134,58,86,69,64,101,151,54,158,199,6,117,98,25,110,81,52,182,28,162,78,60,79,185,148,167,108,41,36,46,131,59,133,96,157,138,178,152,173,66,126,198,159,140,118,109,29,154,156,106,19,16,146,43,128,85,164,111,83,181,82,192,139,33,13,172,195,40,37,15,35,88,1,189,194,31,171,116,57,0,113,196,89,5,141,119,74,183,63,51,72,147,65,102,115,14,45,55,155,184,161,80,114,177,169,191,11,104,180,163,170,95,137,90,125,149,32,68,97,100,7,175,179,27,150,136,144,70,168,17,103,105,142,190,188,186,176,42,47,132,166,123,44];False
2487;8281;10768;[4,67,193,48,10,145,91,129,8,84,122,73,174,135,21,99,16,77,112,71,56,18,62,120,24,197,26,9,143,20,3,2,121,160,92,49,130,22,38,34,124,94,75,12,165,153,187,127,39,107,87,76,50,53,93,23,30,134,58,86,69,64,101,151,54,158,199,6,117,98,25,110,81,52,182,28,162,78,60,79,185,148,167,61,41,36,46,131,59,133,96,157,138,178,152,173,66,126,198,159,140,118,109,29,154,156,106,19,108,146,43,128,85,164,111,83,181,82,192,139,33,13,172,195,40,37,15,35,88,1,189,194,31,171,116,57,0,113,196,89,5,141,119,74,183,115,51,72,147,65,102,63,14,45,55,155,184,161,80,114,177,169,191,11,104,180,163,170,95,137,90,115,149,32,68,97,100,7,175,179,27,150,136,144,70,168,17,103,105,142,190,188,186,176,42,47,132,166,123,44];False
2388;8379;10767;[4,67,193,48,10,145,91,129,8,84,122,73,174,135,21,99,16,77,112,71,56,18,62,120,24,197,26,9,143,20,60,2,121,160,92,49,130,22,38,34,124,94,75,12,165,153,187,127,39,107,87,76,50,53,93,23,30,134,58,86,69,64,101,151,54,158,199,6,117,98,25,110,81,52,182,28,162,78,123,79,185,148,167,61,41,36,46,131,59,133,96,157,138,178,152,173,66,126,198,159,140,118,109,29,154,156,106,19,108,146,43,128,85,164,111,83,181,82,192,139,33,13,172,195,40,37,15,35,88,1,189,194,31,171,116,57,0,113,196,89,5,141,119,74,183,63,51,72,147,65,102,115,14,45,55,155,184,161,80,114,177,169,191,11,104,180,163,170,95,137,90,125,149,32,68,97,100,7,175,179,27,150,136,144,70,168,17,103,105,142,190,188,186,176,42,47,132,166,60,44];False
2492;8274;10766;[4,67,193,48,10,145,91,129,8,84,122,73,174,135,21,99,16,77,112,71,56,18,62,120,24,197,26,9,153,20,3,2,121,160,92,49,130,22,38,34,124,94,75,12,165,143,187,127,39,107,87,76,50,53,93,23,30,134,58,86,69,64,101,151,54,158,199,6,117,98,25,110,81,52,182,28,162,78,60,79,185,148,167,61,41,36,46,131,59,133,96,157,138,178,152,173,66,126,198,159,140,118,109,29,154,156,106,19,108,146,43,128,85,153,111,83,181,82,192,139,33,13,172,195,40,37,15,35,88,1,189,194,31,171,116,57,0,113,196,89,5,141,119,74,183,63,51,72,147,65,102,115,14,45,55,155,184,161,80,114,177,169,191,11,104,180,163,170,95,137,90,125,149,32,68,97,100,7,175,179,27,150,136,144,70,168,17,103,105,142,190,188,186,176,42,47,132,166,123,44];False
2398;8368;10766;[4,67,193,48,10,145,91,129,8,84,122,73,174,135,21,99,16,77,112,71,56,18,62,120,24,197,26,9,143,20,3,2,121,160,92,49,130,22,38,34,124,94,75,12,165,153,187,127,39,107,87,76,50,53,93,23,30,134,58,86,69,64,101,151,54,158,199,6,117,98,25,110,81,52,182,28,162,78,60,79,185,148,167,61,41,36,46,131,59,133,96,157,138,178,152,173,66,126,198,159,140,118,109,29,154,156,106,19,108,146,43,51,85,164,111,83,181,82,192,139,33,13,172,195,40,37,15,35,88,1,189,194,31,171,116,57,0,113,196,51,5,141,119,74,183,63,128,72,147,65,102,115,14,45,55,155,184,161,80,114,177,169,191,11,104,180,163,170,95,137,90,125,149,32,68,97,100,7,175,179,27,150,136,144,70,168,17,103,105,142,190,188,186,176,42,47,132,166,123,44];False
2510;8255;10765;[4,67,193,48,10,145,91,129,8,84,122,73,174,135,21,99,16,77,112,71,56,18,62,120,24,197,26,9,143,20,3,2,121,160,92,34,130,22,38,40,124,94,75,12,165,153,187,127,39,107,87,76,50,53,93,23,30,134,58,86,69,64,101,151,54,158,199,6,117,98,25,110,81,52,182,28,162,78,60,79,185,148,167,61,41,36,46,131,59,133,96,157,138,178,152,173,66,126,198,159,140,118,109,29,154,156,106,19,108,146,43,128,85,164,111,83,181,82,192,139,33,13,172,195,34,37,15,35,88,1,189,194,31,171,116,57,0,113,196,89,5,141,119,74,183,63,51,72,147,65,102,115,14,45,55,155,184,161,80,114,177,169,191,11,104,180,163,170,95,137,90,125,149,32,68,97,100,7,175,179,27,150,136,144,70,168,17,103,105,142,190,188,186,176,42,47,132,166,123,44];False
2531;8234;10765;[4,67,193,48,10,145,91,129,8,84,122,73,174,135,21,99,16,77,112,71,56,18,62,120,24,197,26,9,143,20,3,2,121,160,92,49,130,22,38,34,124,94,75,12,57,153,187,127,39,107,87,76,50,53,93,23,30,134,58,86,69,64,101,151,54,158,199,6,117,98,25,110,81,52,182,28,162,78,60,79,185,148,167,61,41,36,57,131,59,133,96,157,138,178,152,173,66,126,198,159,140,118,109,29,154,156,106,19,108,146,43,128,85,164,111,83,181,82,192,139,33,13,172,195,40,37,15,35,88,1,189,194,31,171,116,46,0,113,196,89,5,141,119,74,183,63,51,72,147,65,102,115,14,45,55,155,184,161,80,114,177,169,191,11,104,180,163,170,95,137,90,125,149,32,68,97,100,7,175,179,27,150,136,144,70,168,17,103,105,142,190,188,186,176,42,47,132,166,123,44];False
2549;8216;10765;[4,67,193,48,10,145,91,129,8,84,122,73,174,135,21,99,16,77,112,71,56,18,62,120,24,197,26,9,143,20,3,2,121,160,92,49,130,22,38,34,124,94,75,12,165,153,187,127,39,107,87,76,50,53,93,23,30,134,58,86,69,64,101,151,54,158,199,6,117,98,25,110,81,52,182,28,162,78,60,79,185,148,167,61,41,36,46,131,59,133,96,157,138,178,152,173,66,126,198,159,140,118,15,29,154,156,106,19,108,146,43,128,85,164,111,83,181,82,192,139,33,13,172,195,40,37,109,35,88,1,189,194,31,171,116,15,0,113,196,89,5,141,119,74,183,63,51,72,147,65,102,115,14,45,55,155,184,161,80,114,177,169,191,11,104,180,163,170,95,137,90,125,149,32,68,97,100,7,175,179,27,150,136,144,70,168,17,103,105,142,190,188,186,176,42,47,132,166,123,44];False
2434;8330;10764;[4,63,193,48,10,145,91,129,8,84,122,73,174,135,21,99,16,77,112,71,56,18,62,120,24,197,26,9,143,20,3,2,121,160,92,49,130,22,38,34,124,94,75,12,165,153,187,127,39,107,87,76,50,53,93,23,30,63,58,86,69,64,101,151,54,158,199,6,117,98,25,110,81,52,182,28,162,78,60,79,185,148,167,61,41,36,46,131,59,133,96,157,138,178,152,173,66,126,198,159,140,118,109,29,154,156,106,19,108,146,43,128,85,164,111,83,181,82,192,139,33,13,172,195,40,37,15,35,88,1,189,194,31,171,116,57,0,113,196,89,5,141,119,74,183,67,51,72,147,65,102,115,14,45,55,155,184,161,80,114,177,169,191,11,104,180,163,170,95,137,90,125,149,32,68,97,100,7,175,179,27,150,136,144,70,168,17,103,105,142,190,188,186,176,42,47,132,166,123,44];False
2486;8278;10764;[4,67,193,48,10,145,91,129,8,84,122,73,174,135,21,99,16,77,112,71,56,18,62,120,24,197,26,9,143,20,3,2,121,160,92,49,130,22,38,34,124,94,75,12,165,153,187,127,39,107,87,76,100,53,93,23,30,134,58,86,69,64,101,151,54,158,199,6,117,98,25,110,81,52,182,28,162,78,60,79,185,148,167,61,41,36,46,131,59,133,96,157,138,178,152,173,66,126,198,159,140,118,109,29,154,156,106,19,108,146,43,128,85,164,111,83,181,82,192,139,33,13,172,195,40,37,15,35,88,1,189,194,31,171,116,57,0,113,196,89,5,141,100,74,183,63,51,72,147,65,102,115,14,45,55,155,184,161,80,114,177,169,191,11,104,180,163,170,95,137,90,125,149,32,68,97,119,7,175,179,27,150,136,144,70,168,17,103,105,142,190,188,186,176,42,47,132,166,123,44];False
2417;8346;10763;[4,67,193,48,10,145,91,129,8,84,122,73,174,135,21,99,16,77,112,71,56,18,62,120,24,197,26,9,143,20,3,2,121,160,92,49,130,22,38,34,124,94,75,12,165,153,187,127,39,107,87,76,50,53,93,23,198,134,58,86,69,64,101,151,54,158,199,6,117,98,25,110,81,52,182,28,162,78,60,79,185,148,167,61,41,36,46,131,59,133,96,157,138,178,152,173,66,126,30,159,140,118,109,29,154,156,106,19,108,146,43,128,85,164,111,83,181,82,192,139,33,13,172,195,40,37,15,35,88,1,189,194,31,171,116,57,0,113,196,89,5,141,119,74,183,63,51,72,147,65,102,115,14,45,55,155,184,161,80,114,177,169,191,11,30,180,163,170,95,137,90,125,149,32,68,97,100,7,175,179,27,150,136,144,70,168,17,103,105,142,190,188,186,176,42,47,132,166,123,44];False
2474;8287;10761;[4,67,193,48,10,145,91,129,8,84,122,73,174,135,21,99,16,77,112,71,56,18,62,120,24,197,26,9,143,20,3,2,121,160,92,49,130,22,38,34,124,94,75,12,165,153,187,127,39,107,87,76,50,53,93,23,30,134,58,86,69,64,101,151,54,158,199,6,117,98,25,110,81,52,182,28,162,78,60,79,185,148,167,61,41,36,46,131,59,133,96,157,138,178,152,173,66,126,198,159,140,118,109,29,154,156,106,19,108,146,43,128,85,164,0,83,181,82,192,139,33,13,172,195,40,37,15,35,88,1,189,194,31,171,116,57,111,113,196,89,5,141,119,74,183,63,51,72,147,65,102,115,14,45,55,155,184,161,80,0,177,169,191,11,104,180,163,170,95,137,90,125,149,32,68,97,100,7,175,179,27,150,136,144,70,168,17,103,105,142,190,188,186,176,42,47,132,166,123,44];False
2447;8314;10761;[4,67,193,48,10,145,91,129,8,84,122,73,174,135,21,99,16,77,112,71,56,18,62,72,24,197,26,9,143,20,3,2,121,160,92,49,130,22,38,34,124,94,75,12,165,153,187,127,39,107,87,76,50,53,93,23,30,134,58,86,69,64,101,151,54,158,199,6,117,98,25,110,81,52,72,28,162,78,60,79,185,148,167,61,41,36,46,131,59,133,96,157,138,178,152,173,66,126,198,159,140,118,109,29,154,156,106,19,108,146,43,128,85,164,111,83,181,82,192,139,33,13,172,195,40,37,15,35,88,1,189,194,31,171,116,57,0,113,196,89,5,141,119,74,183,63,51,120,147,65,102,115,14,45,55,155,184,161,80,114,177,169,191,11,104,180,163,170,95,137,90,125,149,32,68,97,100,7,175,179,27,150,136,144,70,168,17,103,105,142,190,188,186,176,42,47,132,166,123,44];False
2449;8311;10760;[4,67,193,48,10,145,91,129,8,84,106,73,174,135,21,99,16,77,112,71,56,18,62,120,24,197,26,9,143,20,3,2,121,160,92,49,130,22,38,34,124,94,75,12,165,153,187,127,39,107,87,76,50,53,93,23,30,134,58,86,69,64,101,151,54,158,199,6,117,98,25,110,81,52,182,28,162,78,60,79,185,148,167,61,41,36,46,131,59,133,96,157,138,178,152,173,66,126,198,159,140,118,109,29,154,156,122,19,108,146,43,128,85,164,111,83,181,82,192,139,33,13,172,195,40,37,15,35,88,1,189,194,31,171,116,57,0,113,196,89,5,141,119,74,183,63,51,72,147,65,102,115,14,45,55,155,184,161,80,114,177,169,191,11,104,180,163,170,95,122,90,125,149,32,68,97,100,7,175,179,27,150,136,144,70,168,17,103,105,142,190,188,186,176,42,47,132,166,123,44];False
2510;8250;10760;[4,67,193,48,10,145,91,129,8,84,122,73,174,135,21,99,16,77,112,71,56,18,62,120,24,197,26,9,143,20,3,2,121,160,92,49,130,22,38,34,124,94,75,12,165,153,187,127,39,107,87,76,50,53,93,23,30,134,58,86,69,64,101,151,54,158,199,6,117,98,25,110,81,52,182,14,162,78,60,79,185,148,167,61,41,36,46,131,59,133,96,157,138,178,152,173,66,126,198,159,140,118,109,29,154,156,106,19,108,146,43,128,85,164,111,83,181,82,192,139,33,13,172,195,40,37,15,35,28,1,189,194,31,171,116,57,0,113,196,89,5,141,119,74,183,63,51,72,147,65,102,115,28,45,55,155,184,161,80,114,177,169,191,11,104,180,163,170,95,137,90,125,149,32,68,97,100,7,175,179,27,150,136,144,70,168,17,103,105,142,190,188,186,176,42,47,132,166,123,44];False
2496;8263;10759;[4,67,193,48,10,145,91,129,8,84,122,73,174,135,21,99,16,77,112,71,56,18,62,120,24,39,26,9,143,20,3,2,121,160,92,49,130,22,38,34,124,94,75,12,165,153,187,127,197,107,87,76,50,53,93,23,30,134,58,86,69,64,101,151,54,158,199,6,117,98,25,110,81,52,182,28,162,78,60,79,185,148,167,61,41,36,46,131,59,133,96,157,138,178,152,173,66,126,198,159,140,118,109,29,154,156,106,19,108,146,43,128,85,164,111,83,181,82,192,139,33,13,172,195,40,37,15,35,88,1,189,194,31,171,116,57,0,113,196,89,5,141,197,74,183,63,51,72,147,65,102,115,14,45,55,155,184,161,80,114,177,169,191,11,104,180,163,170,95,137,90,125,149,32,68,97,100,7,175,179,27,150,136,144,70,168,17,103,105,142,190,188,186,176,42,47,132,166,123,44];False
2521;8237;10758;[4,67,193,48,10,145,91,129,8,84,122,73,174,135,21,99,16,77,112,71,56,18,62,120,24,197,26,9,143,20,3,2,121,160,92,49,130,22,38,34,124,94,75,12,165,153,187,127,39,107,87,76,50,53,93,23,30,134,189,86,69,64,101,151,54,158,199,6,117,98,25,110,81,52,182,28,162,78,60,79,185,148,167,61,41,36,46,131,59,133,96,157,138,178,152,173,66,126,198,159,140,118,109,29,154,156,106,19,108,146,43,128,85,164,111,83,181,82,192,139,33,13,172,195,40,37,15,35,88,1,171,194,31,189,116,57,0,113,196,89,5,141,119,74,183,63,51,72,147,65,102,115,14,45,55,155,184,161,80,114,177,169,191,11,104,180,163,170,95,137,90,125,149,32,68,97,100,7,175,179,27,150,136,144,70,168,17,103,105,142,190,188,186,176,42,47,132,166,123,44];False
2446;8311;10757;[4,67,193,48,10,145,91,129,8,84,122,73,174,135,21,99,16,77,112,71,56,18,62,120,24,197,26,9,143,20,3,2,121,160,92,49,130,22,38,34,124,94,75,12,165,153,187,127,39,107,87,76,50,53,93,23,30,134,58,86,69,64,101,151,54,158,199,6,117,98,25,110,81,52,182,28,162,78,60,79,185,148,167,61,41,36,46,131,51,133,96,157,138,178,152,173,66,126,198,159,140,118,109,29,154,156,106,19,108,146,43,128,85,164,111,83,181,82,192,139,33,13,172,195,40,37,15,35,88,1,189,194,31,171,116,57,0,113,196,89,5,141,119,74,183,63,59,72,147,65,102,115,14,45,55,155,184,161,80,114,177,169,191,11,104,180,163,170,95,137,90,125,149,32,68,97,100,7,59,179,27,150,136,144,70,168,17,103,105,142,190,188,186,176,42,47,132,166,123,44];False
2436;8321;10757;[4,67,193,48,10,145,91,129,8,84,122,73,174,135,21,99,16,77,112,71,56,18,62,120,24,197,26,9,143,20,3,2,121,160,92,49,130,22,38,34,124,94,75,12,165,153,187,127,39,107,87,76,50,53,93,23,30,134,58,51,69,64,101,151,54,158,199,6,117,98,25,51,81,52,182,28,162,78,60,79,185,148,167,61,41,36,46,131,59,133,96,157,138,178,152,173,66,126,198,159,140,118,109,29,154,156,106,19,108,146,43,128,85,164,111,83,181,82,192,139,33,13,172,195,40,37,15,35,88,1,189,194,31,171,116,57,0,113,196,89,5,141,119,74,183,63,110,72,147,65,102,115,14,45,55,155,184,161,80,114,177,169,191,11,104,180,163,170,95,137,90,125,149,32,68,97,100,7,175,179,27,150,136,144,70,168,17,103,105,142,190,188,186,176,42,47,132,166,123,44];False
2446;8310;10756;[4,67,193,48,10,145,91,129,8,84,122,73,174,135,21,99,16,77,112,71,56,18,62,120,24,197,26,59,143,20,3,2,121,160,92,49,130,22,38,34,124,94,75,12,165,153,187,127,39,107,87,76,50,53,93,23,30,134,58,86,69,64,101,151,54,158,199,6,117,98,25,110,81,52,182,28,162,78,60,79,185,148,167,61,41,36,46,131,9,133,96,157,138,178,152,173,66,126,198,159,140,118,109,29,154,156,106,19,108,146,43,128,85,164,111,83,181,82,192,139,33,13,172,195,40,37,15,35,88,1,189,194,31,171,116,57,0,113,196,89,5,141,119,74,183,63,51,72,147,65,102,115,14,45,55,155,184,9,80,114,177,169,191,11,104,180,163,170,95,137,90,125,149,32,68,97,100,7,175,179,27,150,136,144,70,168,17,103,105,142,190,188,186,176,42,47,132,166,123,44];False
2403;8353;10756;[4,67,193,48,10,145,91,129,8,84,122,73,174,135,21,99,16,77,112,71,56,18,62,120,24,197,26,9,143,20,3,2,121,160,92,49,130,22,38,34,124,94,75,12,165,153,187,127,39,107,87,76,50,53,93,23,30,134,58,86,69,44,101,151,54,158,199,6,117,98,25,110,81,52,182,28,162,78,60,79,185,148,167,61,41,36,46,131,59,133,96,157,138,178,152,173,66,126,198,159,140,118,109,29,154,156,106,19,108,146,43,128,85,164,111,83,181,82,192,139,33,13,172,195,40,37,15,35,88,1,189,194,31,171,116,57,0,113,196,89,5,141,119,74,183,63,51,72,147,65,102,115,14,45,55,155,184,161,80,114,177,64,191,11,104,180,163,170,95,137,90,125,149,32,68,97,100,7,175,179,27,150,136,144,70,168,17,103,105,142,190,188,186,176,42,47,132,166,123,64];False
2493;8262;10755;[4,67,193,48,10,145,91,129,8,84,122,73,174,135,178,99,16,77,112,71,56,18,62,120,24,197,26,9,143,20,3,2,121,160,92,49,130,22,38,34,124,94,75,12,165,153,187,127,39,107,87,76,50,53,93,23,30,134,58,86,69,64,101,151,54,158,199,6,117,98,25,110,81,52,182,28,162,78,60,79,185,148,167,61,41,36,46,131,59,133,96,157,138,21,178,173,66,126,198,159,140,118,109,29,154,156,106,19,108,146,43,128,85,164,111,83,181,82,192,139,33,13,172,195,40,37,15,35,88,1,189,194,31,171,116,57,0,113,196,89,5,141,119,74,183,63,51,72,147,65,102,115,14,45,55,155,184,161,80,114,177,169,191,11,104,180,163,170,95,137,90,125,149,32,68,97,100,7,175,179,27,150,136,144,70,168,17,103,105,142,190,188,186,176,42,47,132,166,123,44];False
2500;8255;10755;[4,67,193,48,10,145,91,129,8,84,122,73,174,135,21,99,16,77,112,71,56,18,62,120,24,197,26,9,143,20,3,2,121,160,92,49,130,22,38,34,124,94,75,12,165,153,187,127,39,107,87,76,50,53,93,23,30,134,58,86,69,64,101,151,54,158,199,6,117,98,25,110,81,52,182,28,162,78,60,79,185,148,167,72,41,36,46,131,59,133,96,157,138,178,152,173,66,126,198,159,140,118,109,29,154,156,106,19,108,146,43,128,85,164,111,83,181,82,192,139,33,13,172,195,40,37,15,35,88,1,189,194,31,171,116,57,0,113,196,89,5,141,119,74,183,63,51,61,147,65,102,115,14,45,55,155,184,161,80,114,177,169,191,11,104,180,163,170,95,137,90,72,149,32,68,97,100,7,175,179,27,150,136,144,70,168,17,103,105,142,190,188,186,176,42,47,132,166,123,44];False
2443;8312;10755;[4,67,193,48,10,145,91,129,8,84,122,73,174,135,21,99,16,77,112,71,56,18,62,120,24,197,26,9,143,20,3,2,121,160,92,49,130,22,38,34,124,94,75,12,165,153,187,127,39,107,87,76,50,53,93,23,30,134,58,86,69,64,101,151,54,158,199,6,117,98,25,110,81,52,182,28,162,78,60,79,185,148,167,61,41,36,46,131,59,133,96,157,138,178,152,173,66,126,37,159,140,118,109,29,154,156,106,19,108,146,43,128,85,164,111,83,181,82,192,139,33,13,172,195,40,198,15,35,88,1,189,194,31,171,116,57,0,113,196,89,5,141,119,74,183,63,51,72,147,65,102,115,14,45,55,155,184,161,80,198,177,169,191,11,104,180,163,170,95,137,90,125,149,32,68,97,100,7,175,179,27,150,136,144,70,168,17,103,105,142,190,188,186,176,42,47,132,166,123,44];False
2508;8247;10755;[4,67,193,48,10,145,91,129,8,84,122,73,174,135,21,99,16,77,112,71,56,18,62,120,24,197,26,9,143,20,3,2,121,160,92,49,130,22,38,34,124,94,75,12,191,153,187,127,39,107,87,76,50,53,93,23,30,134,58,86,69,64,101,151,54,158,199,6,117,98,25,110,81,52,182,28,162,191,60,79,185,148,167,61,41,36,46,131,59,133,96,157,138,178,152,173,66,126,198,159,140,118,109,29,154,156,106,19,108,146,43,128,85,164,111,83,181,82,192,139,33,13,172,195,40,37,15,35,88,1,189,194,31,171,116,57,0,113,196,89,5,141,119,74,183,63,51,72,147,65,102,115,14,45,55,155,184,161,80,114,177,169,165,11,104,180,163,170,95,137,90,125,149,32,68,97,100,7,175,179,27,150,136,144,70,168,17,103,105,142,190,188,186,176,42,47,132,166,123,44];False
2536;8217;10753;[4,67,193,48,10,145,91,129,8,84,122,73,174,135,21,99,16,77,112,71,56,18,62,120,24,197,26,9,143,20,3,2,121,160,92,49,130,22,38,34,124,94,75,12,165,153,187,127,39,107,87,76,50,53,93,23,30,134,58,86,69,64,101,151,54,158,199,6,117,98,25,110,81,52,182,28,162,78,60,79,185,148,167,61,41,154,46,131,59,133,96,157,154,178,152,173,66,126,198,159,140,118,109,29,138,156,106,19,108,146,43,128,85,164,111,83,181,82,192,139,33,13,172,195,40,37,15,35,88,1,189,194,31,171,116,57,0,113,196,89,5,141,119,74,183,63,51,72,147,65,102,115,14,45,55,155,184,161,80,114,177,169,191,11,104,180,163,170,95,137,90,125,149,32,68,97,100,7,175,179,27,150,136,144,70,168,17,103,105,142,190,188,186,176,42,47,132,166,123,44];False
2479;8274;10753;[4,67,193,48,10,145,91,129,8,84,122,73,174,135,21,99,16,77,112,71,56,18,62,120,24,197,26,9,143,20,3,2,121,160,92,49,130,22,38,34,124,94,75,12,165,153,187,127,39,107,87,76,50,53,93,23,30,134,58,86,69,64,101,151,54,158,199,6,117,98,25,110,81,52,182,28,162,78,60,79,185,148,167,61,41,36,46,131,59,133,96,157,138,178,152,173,66,126,198,159,140,118,109,29,154,156,106,19,108,146,43,128,85,164,111,83,181,82,192,183,33,13,172,195,40,37,15,35,88,1,189,194,31,171,139,57,0,113,196,89,5,141,119,74,139,63,51,72,147,65,102,115,14,45,55,155,184,161,80,114,177,169,191,11,104,180,163,170,95,137,90,125,149,32,68,97,100,7,175,179,27,150,136,144,70,168,17,103,105,142,190,188,186,176,42,47,132,166,123,44];False
2438;8314;10752;[4,67,193,48,10,145,91,129,8,84,122,73,174,135,21,99,16,77,112,71,56,18,178,120,24,197,26,9,143,20,3,2,121,160,92,49,130,22,38,34,124,94,75,12,165,153,187,127,39,107,87,76,50,53,93,23,30,134,58,86,69,64,101,151,54,158,199,6,117,98,25,110,81,52,182,28,162,78,60,79,185,148,167,61,41,36,46,131,59,133,96,157,138,62,152,173,66,126,198,159,140,118,109,29,154,156,106,19,108,146,43,128,85,164,111,83,181,82,192,139,33,13,172,195,40,37,15,35,88,1,189,194,31,171,116,57,0,113,196,89,5,141,119,74,183,63,51,72,147,65,102,115,14,45,55,155,184,161,80,114,177,169,191,11,104,180,163,170,95,137,90,125,62,32,68,97,100,7,175,179,27,150,136,144,70,168,17,103,105,142,190,188,186,176,42,47,132,166,123,44];False
2493;8258;10751;[4,67,193,48,10,145,91,129,8,84,122,73,174,135,21,99,16,77,112,71,56,18,62,120,24,197,26,9,143,20,3,2,121,160,92,49,130,22,38,34,124,94,75,12,165,153,187,58,39,107,87,76,50,53,93,23,30,134,127,86,69,64,101,151,54,158,199,6,117,98,25,110,81,52,182,28,162,78,60,79,185,148,167,61,41,36,46,131,59,133,96,157,138,178,152,173,66,126,198,159,140,118,109,29,154,156,106,19,108,146,43,128,85,164,111,83,181,82,192,139,33,13,172,195,40,37,15,35,88,1,189,194,31,171,116,57,0,113,196,89,5,141,119,74,183,63,51,72,147,65,102,115,14,45,55,155,184,161,80,114,177,169,191,11,104,180,163,170,95,137,90,125,149,32,68,97,100,7,175,179,27,150,136,144,70,168,17,103,105,142,190,188,58,176,42,47,132,166,123,44];False
2484;8267;10751;[4,67,193,48,10,145,190,129,8,84,122,73,174,135,21,99,16,77,112,71,56,18,62,120,24,197,26,9,143,20,3,2,121,160,92,49,130,22,38,34,124,94,75,12,165,153,187,127,39,107,87,76,50,53,93,23,30,134,58,86,69,64,101,151,54,158,199,6,117,98,25,110,81,52,182,28,162,78,60,79,185,148,167,61,41,36,46,131,59,133,96,157,138,178,152,173,66,126,198,159,140,118,109,29,154,156,106,19,108,146,43,128,85,164,111,83,181,82,192,139,33,13,172,195,40,37,15,35,88,1,189,194,31,171,116,57,0,113,196,190,5,141,119,74,183,63,51,72,147,65,102,115,14,45,55,155,184,161,80,114,177,169,191,11,104,180,163,170,95,137,90,125,149,32,68,97,100,7,175,179,27,150,136,144,70,168,17,103,105,142,89,188,186,176,42,47,132,166,123,44];False
2528;8221;10749;[4,67,193,48,10,145,91,129,8,84,122,73,174,135,21,99,16,77,112,71,56,18,62,120,24,197,26,9,143,20,3,2,121,160,92,49,130,22,38,34,124,94,75,12,165,153,187,127,39,107,87,76,50,53,93,23,30,134,58,86,102,64,101,151,54,158,199,6,117,98,25,110,81,52,182,28,162,78,60,79,185,148,167,61,41,36,46,131,59,133,96,157,138,178,152,173,66,126,198,159,140,118,109,29,154,156,106,19,108,146,43,128,85,164,111,83,102,82,192,139,33,13,172,195,40,37,15,35,88,1,189,194,31,171,116,57,0,113,196,89,5,141,119,74,183,63,51,72,147,65,69,115,14,45,55,155,184,161,80,114,177,169,191,11,104,180,163,170,95,137,90,125,149,32,68,97,100,7,175,179,27,150,136,144,70,168,17,103,105,142,190,188,186,176,42,47,132,166,123,44];False
2489;8260;10749;[4,67,193,48,10,145,91,129,8,84,122,73,174,135,21,99,16,77,112,71,56,18,62,120,24,197,26,9,143,89,3,2,121,160,92,49,130,22,38,34,124,94,75,12,165,153,187,127,39,107,87,76,50,53,93,23,30,134,58,86,69,64,101,151,54,158,199,6,117,98,25,110,81,52,182,28,162,78,60,79,185,148,167,61,41,36,46,131,59,133,96,157,138,178,152,173,66,126,198,159,140,118,109,29,154,156,106,19,108,146,89,128,85,164,111,83,181,82,192,139,33,13,172,195,40,37,15,35,88,1,189,194,31,171,116,57,0,113,196,43,5,141,119,74,183,63,51,72,147,65,102,115,14,45,55,155,184,161,80,114,177,169,191,11,104,180,163,170,95,137,90,125,149,32,68,97,100,7,175,179,27,150,136,144,70,168,17,103,105,142,190,188,186,176,42,47,132,166,123,44];False
2480;8268;10748;[4,67,193,48,10,145,91,129,8,84,178,73,174,135,21,99,16,77,112,71,56,18,62,120,24,197,26,9,143,20,3,2,121,160,92,49,130,22,38,34,124,94,75,12,165,153,187,127,39,107,87,76,50,53,93,23,30,134,58,86,69,64,101,151,54,158,199,6,117,98,25,110,81,122,182,28,162,78,60,79,185,148,167,61,41,36,46,131,59,133,96,157,138,122,152,173,66,126,198,159,140,118,109,29,154,156,106,19,108,146,43,128,85,164,111,83,181,82,192,139,33,13,172,195,40,37,15,35,88,1,189,194,31,171,116,57,0,113,196,89,5,141,119,74,183,63,51,72,147,65,102,115,14,45,55,155,184,161,80,114,177,169,191,11,104,180,163,170,95,137,90,125,149,32,68,97,100,7,175,179,27,150,136,144,70,168,17,103,105,142,190,188,186,176,42,47,132,166,123,44];False
2504;8244;10748;[4,67,193,48,10,145,91,129,8,84,122,147,174,135,21,99,16,77,112,71,56,18,62,120,24,197,26,9,143,20,3,2,121,160,92,49,130,22,38,34,124,94,75,12,165,153,187,127,39,107,87,76,50,53,93,23,30,134,58,86,69,64,101,151,54,158,199,6,117,98,25,110,81,52,182,28,162,78,60,79,185,148,167,61,41,36,46,131,59,133,96,157,138,178,152,173,66,126,198,159,140,118,109,29,154,156,106,19,108,146,43,128,85,164,111,83,181,82,192,139,33,13,172,195,40,37,15,147,88,1,189,194,31,171,116,57,0,113,196,89,5,141,119,74,183,63,51,72,73,65,102,115,14,45,55,155,184,161,80,114,177,169,191,11,104,180,163,170,95,137,90,125,149,32,68,97,100,7,175,179,27,150,136,144,70,168,17,103,105,142,190,188,186,176,42,47,132,166,123,44];False
2486;8260;10746;[4,67,193,48,10,145,91,129,8,84,122,73,174,135,21,99,16,77,112,71,56,18,62,120,24,197,26,9,143,20,3,2,121,160,92,49,130,22,38,34,124,94,75,12,165,153,187,127,39,107,87,76,50,53,93,23,30,134,58,86,69,64,101,151,54,158,199,6,117,98,25,110,81,52,182,28,162,78,60,79,185,148,167,61,41,36,46,131,59,133,96,157,138,178,152,173,66,126,198,159,140,118,109,29,154,156,106,19,108,146,43,128,85,164,111,83,181,65,192,139,33,13,172,195,40,37,15,35,88,1,189,194,31,171,116,57,0,113,196,89,5,141,119,74,183,63,51,72,147,175,102,115,14,45,55,155,184,161,80,114,177,169,191,11,104,180,163,170,95,137,90,125,149,32,68,97,100,7,65,179,27,150,136,144,70,168,17,103,105,142,190,188,186,176,42,47,132,166,123,44];False
2515;8231;10746;[4,67,193,48,10,145,91,129,8,84,122,73,174,135,21,99,16,77,112,71,56,18,62,120,24,197,26,9,143,20,3,2,152,160,92,49,130,22,38,34,124,94,75,12,165,153,187,127,39,107,87,76,50,53,93,23,30,134,58,86,69,64,101,151,54,158,199,6,117,98,25,110,81,52,182,28,162,78,60,79,185,148,167,61,41,36,46,131,59,133,96,157,138,178,121,173,66,126,198,159,140,118,109,29,154,156,106,19,108,146,43,128,85,164,111,83,181,82,192,139,33,13,172,195,40,37,15,35,88,1,189,194,31,171,116,57,0,113,196,89,5,141,119,74,183,63,51,72,147,65,102,115,14,45,55,155,184,161,80,114,177,169,191,11,104,180,163,170,95,137,90,125,149,32,68,97,100,7,175,179,27,150,136,144,70,168,17,103,105,142,190,188,186,176,42,152,132,166,123,44];False
2477;8268;10745;[4,67,193,48,116,145,91,129,8,84,122,73,174,135,21,99,16,77,112,71,56,18,62,120,24,197,26,9,143,20,3,2,121,160,92,49,130,22,38,34,124,94,75,12,165,153,187,127,39,107,87,76,50,53,93,23,30,134,58,86,69,64,101,151,54,158,199,6,117,98,25,110,81,52,182,28,162,78,60,79,185,148,167,61,41,36,46,131,59,133,96,157,138,178,152,173,66,126,198,159,140,118,109,29,154,156,106,19,108,146,43,128,85,164,111,83,181,82,192,139,33,13,172,195,40,37,15,35,88,1,189,194,31,171,10,57,0,113,196,89,5,141,119,74,183,63,51,72,147,65,102,115,14,45,55,155,184,161,80,114,177,169,191,11,104,180,163,170,95,137,90,125,149,32,68,97,100,7,175,179,27,150,136,144,10,168,17,103,105,142,190,188,186,176,42,47,132,166,123,44];False
2476;8268;10744;[4,67,193,48,10,145,91,129,8,84,154,73,174,135,21,99,16,77,112,71,56,18,62,120,24,197,26,9,143,20,3,2,121,160,92,49,130,22,38,34,124,94,75,12,165,153,187,127,39,107,87,76,50,53,93,23,30,134,58,86,69,64,101,151,54,158,199,6,117,98,25,110,81,52,182,28,162,78,60,79,185,148,167,61,41,36,46,131,59,133,96,157,138,178,152,173,66,126,198,159,140,118,109,29,122,156,106,19,108,146,43,128,85,164,111,83,181,82,154,139,33,13,172,195,40,37,15,35,88,1,189,194,31,171,116,57,0,113,196,89,5,141,119,74,183,63,51,72,147,65,102,115,14,45,55,155,184,161,80,114,177,169,191,11,104,180,163,170,95,137,90,125,149,32,68,97,100,7,175,179,27,150,136,144,70,168,17,103,105,142,190,188,186,176,42,47,132,166,123,44];False
2468;8274;10742;[4,67,124,48,10,145,91,129,8,84,122,73,174,135,21,99,16,77,112,71,56,18,62,120,24,197,26,9,143,20,3,2,121,160,92,49,130,22,38,34,41,94,75,12,165,153,187,127,39,107,87,76,50,53,93,23,30,134,58,86,69,64,101,151,54,158,199,6,117,98,25,110,81,52,182,28,162,78,60,79,185,148,167,61,124,36,46,131,59,133,96,157,138,178,152,173,66,126,198,159,140,118,109,29,154,156,106,19,108,146,43,128,85,164,111,83,181,82,192,139,33,13,172,195,40,37,15,35,88,1,189,194,31,171,116,57,0,113,196,89,5,141,119,74,183,63,51,72,147,65,102,115,14,45,55,155,184,161,80,114,177,169,191,11,104,180,163,170,95,137,90,125,149,32,68,97,100,7,175,179,27,150,136,144,70,168,17,103,105,142,190,188,186,176,42,47,132,166,123,44];False
2430;8311;10741;[4,67,193,48,10,145,91,129,8,84,122,73,174,135,21,99,16,77,112,71,56,18,62,120,24,197,26,9,143,20,3,2,121,1,92,49,130,22,38,34,124,94,75,12,165,153,187,127,39,107,87,76,50,53,93,23,30,134,58,86,69,64,101,151,54,158,199,6,117,98,25,110,81,52,182,28,162,78,60,79,185,148,167,61,41,36,46,131,59,133,96,157,138,178,152,173,66,126,198,159,140,118,109,29,154,156,1,19,108,146,43,128,85,164,111,83,181,82,192,139,33,13,172,195,40,37,15,35,88,160,189,194,31,171,116,57,0,113,196,89,5,141,119,74,183,63,51,72,147,65,102,115,14,45,55,155,184,161,80,114,177,169,191,11,104,180,163,170,95,137,90,125,149,32,68,97,100,7,175,179,27,150,136,144,70,168,17,103,105,142,190,188,186,176,42,47,132,166,123,44];False
2514;8227;10741;[4,67,193,48,10,145,91,129,8,84,122,73,174,135,21,99,16,77,112,71,56,18,62,120,24,197,26,31,143,20,3,2,121,160,92,49,130,22,38,34,124,94,75,12,165,153,187,127,39,107,87,76,50,53,93,23,30,134,58,86,69,64,101,151,54,158,199,6,117,98,25,110,81,52,182,28,162,78,60,79,185,148,167,61,41,36,46,131,59,133,96,157,138,178,152,173,66,126,198,159,140,118,109,29,31,156,106,19,108,146,43,128,85,164,111,83,181,82,192,139,33,13,172,195,40,37,15,35,88,1,189,194,9,171,116,57,0,113,196,89,5,141,119,74,183,63,51,72,147,65,102,115,14,45,55,155,184,161,80,114,177,169,191,11,104,180,163,170,95,137,90,125,149,32,68,97,100,7,175,179,27,150,136,144,70,168,17,103,105,142,190,188,186,176,42,47,132,166,123,44];False
2444;8296;10740;[4,67,193,48,10,145,91,129,8,84,122,73,174,135,21,99,16,77,112,71,56,18,62,120,24,197,26,9,143,20,3,2,121,160,92,49,54,22,38,34,124,94,75,12,165,153,187,127,39,107,87,76,50,53,93,23,30,134,58,86,69,64,101,151,130,158,199,6,117,98,25,110,81,52,182,28,162,78,60,79,185,148,167,61,41,36,46,131,59,133,96,157,138,178,152,173,66,126,198,159,140,118,109,29,154,54,106,19,108,146,43,128,85,164,111,83,181,82,192,139,33,13,172,195,40,37,15,35,88,1,189,194,31,171,116,57,0,113,196,89,5,141,119,74,183,63,51,72,147,65,102,115,14,45,55,155,184,161,80,114,177,169,191,11,104,180,163,170,95,137,90,125,149,32,68,97,100,7,175,179,27,150,136,144,70,168,17,103,105,142,190,188,186,176,42,47,132,166,123,44];False
2438;8301;10739;[4,67,193,48,10,145,91,129,8,84,122,73,169,135,21,99,16,77,112,71,56,18,62,120,24,197,26,9,143,20,3,2,121,160,92,49,130,22,38,34,124,94,75,12,165,153,187,127,39,107,87,76,50,53,93,23,30,134,58,86,69,64,101,151,54,158,199,6,117,98,25,110,81,52,182,28,162,78,60,79,185,148,167,61,41,36,46,131,59,133,96,157,138,178,152,173,66,126,198,159,140,118,109,29,154,156,106,19,108,146,43,128,85,164,111,83,181,82,192,139,33,13,172,195,40,37,15,35,88,1,189,194,31,171,116,57,0,113,169,89,5,141,119,74,183,63,51,72,147,65,102,115,14,45,55,155,184,161,80,114,177,196,191,11,104,180,163,170,95,137,90,125,149,32,68,97,100,7,175,179,27,150,136,144,70,168,17,103,105,142,190,188,186,176,42,47,132,166,123,44];False
2465;8274;10739;[4,67,193,48,10,145,91,129,8,84,122,73,174,135,21,99,16,77,112,71,56,18,62,120,24,197,26,9,143,20,3,2,121,160,92,49,130,22,38,34,72,94,75,12,165,153,187,127,39,107,87,76,50,53,93,23,30,134,58,86,69,64,101,151,54,158,199,6,117,98,25,110,81,52,182,28,162,78,60,79,185,148,167,61,41,36,46,131,59,133,96,157,138,178,152,173,66,126,198,159,140,118,109,29,154,156,106,19,108,146,43,128,85,164,111,83,181,82,192,139,33,13,172,195,40,37,15,35,88,1,189,194,31,171,116,57,0,113,196,89,5,141,119,74,183,63,51,137,147,65,102,115,14,45,55,155,184,161,80,114,177,169,191,11,104,180,163,170,95,72,90,125,149,32,68,97,100,7,175,179,27,150,136,144,70,168,17,103,105,142,190,188,186,176,42,47,132,166,123,44];False
2418;8321;10739;[4,67,193,48,10,145,91,129,8,84,122,73,174,135,21,99,16,77,112,71,56,18,62,120,24,197,26,9,143,20,3,2,121,160,92,49,130,22,38,34,124,94,75,12,165,153,133,127,39,107,87,76,50,53,93,23,30,134,58,86,69,64,101,151,54,158,199,6,117,98,25,110,81,52,182,28,162,78,60,79,185,148,167,61,41,36,46,131,59,156,96,157,138,178,152,173,66,126,198,159,140,118,109,29,154,133,106,19,108,146,43,128,85,164,111,83,181,82,192,139,33,13,172,195,40,37,15,35,88,1,189,194,31,171,116,57,0,113,196,89,5,141,119,74,183,63,51,72,147,65,102,115,14,45,55,155,184,161,80,114,177,169,191,11,104,180,163,170,95,137,90,125,149,32,68,97,100,7,175,179,27,150,136,144,70,168,17,103,105,142,190,188,186,176,42,47,132,166,123,44];False
2429;8310;10739;[4,67,193,48,10,145,91,129,8,84,122,73,174,135,21,99,16,77,112,71,56,18,62,120,24,197,26,9,143,20,3,2,121,160,92,49,130,22,38,34,124,94,75,12,165,153,187,127,39,107,87,76,50,53,93,23,30,134,58,86,69,64,101,151,54,158,199,6,117,98,25,110,81,52,182,28,162,78,60,79,185,148,167,61,41,36,46,131,59,133,96,157,138,178,152,5,66,126,198,159,140,118,109,29,154,156,106,19,108,146,43,128,85,164,111,83,181,82,192,139,33,13,172,195,40,37,15,35,88,1,189,194,31,171,116,57,0,113,196,89,173,141,119,74,183,63,51,72,147,65,102,115,14,45,55,155,184,161,80,114,177,169,191,11,104,180,163,170,95,137,90,125,149,32,68,97,100,7,175,179,27,150,136,144,70,168,17,103,105,5,190,188,186,176,42,47,132,166,123,44];False
2480;8258;10738;[4,67,193,48,10,145,82,129,8,84,122,73,174,135,21,99,16,77,112,71,56,18,62,120,24,197,26,9,143,20,3,2,121,160,92,49,130,22,38,34,124,94,75,12,165,153,187,127,39,107,87,76,50,53,93,23,30,134,58,86,69,64,101,151,54,158,199,6,117,98,25,110,81,52,182,28,162,78,60,79,185,148,167,61,41,36,46,131,59,133,96,157,138,178,152,173,66,126,198,159,140,118,109,29,154,156,106,19,108,146,43,128,85,164,111,83,181,91,192,139,33,13,172,195,40,37,15,35,88,1,189,194,31,171,116,57,0,113,196,89,5,141,119,74,183,63,51,72,147,65,102,115,14,45,55,155,184,161,80,114,82,169,191,11,104,180,163,170,95,137,90,125,149,32,68,97,100,7,175,179,27,150,136,144,70,168,17,103,105,142,190,188,186,176,42,47,132,166,123,44];False
2437;8300;10737;[4,67,193,48,10,145,91,129,8,84,122,73,174,135,21,99,16,77,112,71,56,18,62,120,24,197,26,9,143,20,3,2,121,160,92,49,130,22,38,34,124,88,75,12,165,153,187,127,39,94,87,76,50,53,93,23,30,134,58,86,69,64,101,151,54,158,199,6,117,98,25,110,81,52,182,28,162,78,60,79,185,148,167,61,41,36,46,131,59,133,96,157,138,178,152,173,66,126,198,159,140,118,109,29,154,156,106,19,108,146,43,128,85,164,111,83,181,82,192,139,33,13,172,195,40,37,15,35,94,1,189,194,31,171,116,57,0,113,196,89,5,141,119,74,183,63,51,72,147,65,102,115,14,45,55,155,184,161,80,114,177,169,191,11,104,180,163,170,95,137,90,125,149,32,68,97,100,7,175,179,27,150,136,144,70,168,17,103,105,142,190,188,186,176,42,47,132,166,123,44];False
2444;8292;10736;[4,67,193,48,10,145,91,129,8,84,122,73,174,135,21,99,16,77,112,71,56,18,62,120,24,197,26,9,143,20,3,2,121,160,92,49,130,22,38,34,124,94,75,12,165,153,187,127,39,107,87,76,50,53,93,23,30,134,58,86,69,64,101,151,54,158,199,6,117,98,25,110,81,52,182,28,162,78,60,79,185,148,167,61,41,36,46,131,59,133,96,157,138,178,152,173,66,126,198,159,140,118,109,29,154,156,106,19,108,146,43,128,85,164,111,125,181,82,192,139,33,13,172,195,40,37,15,35,88,1,189,194,31,171,116,57,0,113,196,89,5,141,119,74,183,63,51,72,147,65,102,115,14,45,55,155,184,161,80,114,177,169,191,11,104,180,163,170,95,137,90,83,149,32,68,97,100,7,175,179,27,150,136,125,70,168,17,103,105,142,190,188,186,176,42,47,132,166,123,44];False
2482;8252;10734;[4,67,193,48,10,145,91,129,8,84,122,73,174,135,21,99,16,77,112,71,56,18,62,120,24,197,26,9,143,20,3,2,121,160,92,49,130,22,38,34,124,94,75,12,165,153,187,127,39,107,87,76,50,53,93,23,30,134,58,86,69,64,101,57,54,158,199,6,117,98,25,110,81,52,182,28,162,78,60,79,185,148,167,61,41,36,46,131,59,133,96,157,138,178,152,173,66,126,198,159,140,118,109,29,154,156,106,19,108,146,43,128,85,164,111,83,181,82,192,139,33,13,172,195,40,37,15,35,88,1,189,194,31,57,116,171,0,113,196,89,5,141,119,74,183,63,51,72,147,65,102,115,14,45,55,155,184,161,80,114,177,169,191,11,104,180,163,170,95,137,90,125,149,32,68,97,100,7,175,179,27,150,136,144,70,168,17,103,105,142,190,188,186,176,42,47,132,166,123,44];False
2457;8277;10734;[4,67,193,48,10,145,91,129,8,84,122,73,174,135,21,99,16,77,112,71,56,18,62,5,24,197,26,9,143,20,3,2,121,160,92,49,130,22,38,34,124,94,75,12,165,153,187,127,39,107,87,76,50,53,93,23,30,134,58,86,69,64,101,151,54,158,199,6,117,98,25,110,81,52,182,28,162,78,60,79,185,148,167,61,41,36,46,131,59,133,96,157,138,178,152,173,66,126,198,159,140,118,109,29,154,156,106,19,108,146,43,128,85,164,111,83,181,82,192,139,33,13,172,195,40,37,15,35,88,120,189,194,31,171,116,57,0,113,196,89,120,141,119,74,183,63,51,72,147,65,102,115,14,45,55,155,184,161,80,114,177,169,191,11,104,180,163,170,95,137,90,125,149,32,68,97,100,7,175,179,27,150,136,144,70,168,17,103,105,142,190,188,186,176,42,47,132,166,123,44];False
2444;8288;10732;[4,67,193,48,10,145,91,129,8,84,122,73,174,135,21,99,16,77,112,71,56,18,62,120,24,197,26,9,143,20,3,2,121,160,92,49,130,22,38,34,124,94,75,12,165,153,187,127,39,107,87,76,50,53,93,23,30,134,58,86,69,64,101,151,54,158,199,6,117,98,25,110,81,52,182,28,162,78,60,79,185,148,167,61,41,36,46,131,59,133,96,157,138,178,152,173,66,126,198,159,140,118,109,29,154,156,106,19,108,146,43,128,85,164,111,83,181,82,192,139,33,13,172,195,40,37,15,35,88,51,189,194,31,171,116,57,0,113,196,89,5,141,119,74,183,63,103,72,147,65,102,115,14,45,55,155,184,161,80,114,177,169,191,11,104,180,163,170,95,137,90,125,149,32,68,97,100,7,175,179,27,150,136,144,70,168,17,51,105,142,190,188,186,176,42,47,132,166,123,44];False
2452;8278;10730;[4,67,193,48,10,145,91,129,8,84,122,73,174,135,21,99,16,77,112,71,56,18,62,120,24,197,26,9,143,20,3,2,121,160,92,49,130,22,38,34,124,94,75,12,165,153,187,127,39,107,87,76,50,53,93,23,30,134,58,86,69,64,101,151,54,158,199,6,117,98,25,110,81,52,182,28,162,46,60,79,185,148,167,61,41,36,139,131,59,133,96,157,138,178,152,173,66,126,198,159,140,118,109,29,154,156,106,19,108,146,43,128,85,164,111,83,181,82,192,46,33,13,172,195,40,37,15,35,88,1,189,194,31,171,116,57,0,113,196,89,5,141,119,74,183,63,51,72,147,65,102,115,14,45,55,155,184,161,80,114,177,169,191,11,104,180,163,170,95,137,90,125,149,32,68,97,100,7,175,179,27,150,136,144,70,168,17,103,105,142,190,188,186,176,42,47,132,166,123,44];False
2446;8284;10730;[4,67,193,48,10,145,91,129,8,84,121,73,174,135,21,99,16,77,112,71,56,18,62,120,24,197,26,9,143,20,3,2,100,160,92,49,130,22,38,34,124,94,75,12,165,153,187,127,39,107,87,76,50,53,93,23,30,134,58,86,69,64,101,151,54,158,199,6,117,98,25,110,81,52,182,28,162,78,60,79,185,148,167,61,41,36,46,131,59,133,96,157,138,178,152,173,66,126,198,159,140,118,109,29,154,156,106,19,108,146,43,128,85,164,111,83,181,82,192,139,33,13,172,195,40,37,15,35,88,1,189,194,31,171,116,57,0,113,196,89,5,141,119,74,183,63,51,72,147,65,102,115,14,45,55,155,184,161,80,114,177,169,191,11,104,180,163,170,95,137,90,125,149,32,68,97,121,7,175,179,27,150,136,144,70,168,17,103,105,142,190,188,186,176,42,47,132,166,123,44];False
2432;8298;10730;[4,67,193,48,10,145,33,129,8,84,122,73,174,135,21,99,16,77,112,71,56,18,62,120,24,197,26,9,143,20,3,2,121,160,92,49,130,22,38,34,124,94,75,12,165,153,187,127,39,107,87,76,50,53,93,23,30,134,58,86,69,64,101,151,54,158,199,6,117,98,25,110,81,52,182,28,162,78,60,79,185,148,167,61,41,36,46,131,59,133,96,157,138,178,152,173,66,126,198,159,140,118,109,29,154,156,106,19,108,146,43,128,85,164,111,83,181,82,192,139,91,13,172,195,40,37,15,35,88,1,189,194,31,171,116,57,0,113,196,89,5,141,119,74,183,63,51,72,147,65,102,115,14,45,55,155,184,161,80,114,177,169,191,11,104,180,163,170,95,137,90,125,149,32,68,97,100,7,175,179,27,150,136,144,70,33,17,103,105,142,190,188,186,176,42,47,132,166,123,44];False
2487;8241;10728;[4,67,193,48,10,145,91,129,8,84,122,73,174,135,21,99,16,77,112,71,56,18,62,120,24,197,26,9,143,20,3,2,121,192,92,49,130,22,38,34,124,94,75,12,165,153,187,127,39,107,87,76,50,53,93,23,30,134,58,86,69,64,101,151,54,158,199,6,117,98,25,110,81,52,182,28,162,78,60,79,185,148,167,61,41,36,46,131,59,133,96,157,138,178,152,173,66,126,198,159,140,118,109,29,154,156,106,19,108,146,43,128,85,164,111,83,181,82,160,139,33,13,172,195,40,37,15,35,88,1,189,194,31,171,116,57,0,113,196,89,5,141,119,74,183,63,51,72,147,65,192,115,14,45,55,155,184,161,80,114,177,169,191,11,104,180,163,170,95,137,90,125,149,32,68,97,100,7,175,179,27,150,136,144,70,168,17,103,105,142,190,188,186,176,42,47,132,166,123,44];False
2494;8234;10728;[4,2,193,48,10,145,91,129,8,84,122,73,174,135,21,99,16,77,112,71,56,18,62,120,24,197,26,9,143,20,3,67,121,160,92,49,130,22,38,34,124,94,67,12,165,153,187,127,39,107,87,76,50,53,93,23,30,134,58,86,69,64,101,151,54,158,199,6,117,98,25,110,81,52,182,28,162,78,60,79,185,148,167,61,41,36,46,131,59,133,96,157,138,178,152,173,66,126,198,159,140,118,109,29,154,156,106,19,108,146,43,128,85,164,111,83,181,82,192,139,33,13,172,195,40,37,15,35,88,1,189,194,31,171,116,57,0,113,196,89,5,141,119,74,183,63,51,72,147,65,102,115,14,45,55,155,184,161,80,114,177,169,191,11,104,180,163,170,95,137,90,125,149,32,68,97,100,7,175,179,27,150,136,144,70,168,17,103,105,142,190,188,186,176,42,47,132,166,123,44];False
2427;8300;10727;[4,67,193,48,10,145,91,129,8,84,122,73,174,135,21,99,16,77,112,71,56,18,62,120,24,197,26,9,143,20,3,2,121,160,92,49,130,22,38,34,124,94,75,12,165,153,187,127,39,107,87,76,50,53,93,23,30,134,58,86,69,64,101,151,54,158,199,6,117,98,25,110,81,52,182,28,162,78,60,79,185,148,167,61,140,36,46,131,59,133,96,157,138,178,152,173,66,126,198,159,97,118,109,29,154,156,106,19,108,146,43,128,85,164,111,83,181,82,192,139,33,13,172,195,40,37,15,35,88,1,189,194,31,171,116,57,0,113,196,89,5,141,119,74,183,63,51,72,147,65,102,115,14,45,55,155,184,161,80,114,177,169,191,11,104,180,163,170,95,137,90,125,149,32,68,140,100,7,175,179,27,150,136,144,70,168,17,103,105,142,190,188,186,176,42,47,132,166,123,44];False
2390;8336;10726;[4,67,193,48,10,145,91,129,8,84,122,73,174,135,21,99,16,77,112,71,56,18,62,120,24,197,26,9,143,20,3,2,121,160,92,49,130,22,38,34,124,94,75,12,165,153,187,127,39,107,87,76,50,53,93,23,30,134,58,86,69,64,101,151,138,158,199,6,117,98,25,110,81,52,182,28,162,78,60,79,185,148,167,61,41,36,46,131,59,133,96,157,54,178,152,173,66,126,198,159,140,118,109,29,154,156,106,19,108,146,43,128,85,164,111,83,181,82,192,139,33,13,172,195,40,37,15,35,88,1,189,194,31,171,116,57,0,113,196,89,5,141,119,74,183,63,51,72,147,65,102,115,14,45,55,155,184,161,80,114,54,169,191,11,104,180,163,170,95,137,90,125,149,32,68,97,100,7,175,179,27,150,136,144,70,168,17,103,105,142,190,188,186,176,42,47,132,166,123,44];False
2461;8264;10725;[4,67,193,48,10,145,91,129,8,84,122,73,174,135,21,99,16,77,112,71,56,18,62,120,24,197,26,9,143,20,3,2,121,160,92,49,130,22,38,34,124,94,75,12,165,153,187,127,39,107,87,76,50,53,93,23,30,134,58,86,69,64,101,151,54,158,199,44,117,98,25,110,81,52,182,28,162,78,60,79,185,148,167,61,41,36,46,131,59,133,96,157,138,178,152,173,66,126,198,159,140,118,109,29,154,156,106,19,108,146,43,128,85,164,111,83,181,82,192,139,33,13,172,195,40,37,15,35,88,1,189,194,31,171,116,57,0,113,196,89,5,141,119,74,183,63,51,72,147,44,102,115,14,45,55,155,184,161,80,114,177,169,191,11,104,180,163,170,95,137,90,125,149,32,68,97,100,7,175,179,27,150,136,144,70,168,17,103,105,142,190,188,186,176,42,47,132,166,123,65];False
2446;8277;10723;[4,67,10,48,193,145,91,129,8,84,122,73,174,135,21,99,16,77,112,71,56,18,62,120,24,197,26,9,143,20,3,2,121,160,92,49,130,22,38,34,124,94,75,12,165,153,187,127,39,107,87,76,50,53,93,23,30,134,58,86,69,64,101,151,54,158,199,6,117,98,25,110,81,52,182,28,162,78,60,79,185,148,167,61,41,36,46,131,59,133,96,157,138,178,152,173,66,126,198,159,140,118,109,29,154,156,106,19,108,146,43,128,85,164,111,83,181,82,192,139,33,13,172,195,40,37,15,35,88,1,189,194,31,171,116,57,0,113,196,89,5,141,119,74,183,63,51,72,147,65,102,115,14,45,55,155,184,161,80,114,177,169,191,11,104,180,10,170,95,137,90,125,149,32,68,97,100,7,175,179,27,150,136,144,70,168,17,103,105,142,190,188,186,176,42,47,132,166,123,44];False
2479;8244;10723;[4,67,193,56,10,145,91,129,8,84,122,73,174,135,21,99,16,77,112,71,48,18,62,120,24,197,26,9,143,20,3,2,121,160,92,49,130,22,38,34,124,94,75,12,165,153,187,127,39,107,87,76,50,53,93,23,30,134,58,86,69,64,101,151,54,158,199,6,117,98,25,110,81,52,182,28,162,78,60,79,185,148,167,61,41,36,46,131,59,133,96,157,138,178,152,173,66,126,198,159,140,118,109,29,154,156,106,19,108,146,43,128,85,164,111,83,181,82,192,139,33,13,172,195,40,37,15,35,88,1,189,194,31,171,116,57,0,113,196,89,5,141,119,74,183,63,51,48,147,65,102,115,14,45,55,155,184,161,80,114,177,169,191,11,104,180,163,170,95,137,90,125,149,32,68,97,100,7,175,179,27,150,136,144,70,168,17,103,105,142,190,188,186,176,42,47,132,166,123,44];False
2459;8263;10722;[4,67,193,48,10,145,91,129,8,84,122,73,174,135,21,99,1,77,112,71,56,18,62,120,24,197,26,9,143,20,3,1,121,160,92,49,130,22,38,34,124,94,75,12,165,153,187,127,39,107,87,76,50,53,93,23,30,134,58,86,69,64,101,151,54,158,199,6,117,98,25,110,81,52,182,28,162,78,60,79,185,148,167,61,41,36,46,131,59,133,96,157,138,178,152,173,66,126,198,159,140,118,109,29,154,156,106,19,108,146,43,128,85,164,111,83,181,82,192,139,33,13,172,195,40,37,15,35,88,2,189,194,31,171,116,57,0,113,196,89,5,141,119,74,183,63,51,72,147,65,102,115,14,45,55,155,184,161,80,114,177,169,191,11,104,180,163,170,95,137,90,125,149,32,68,97,100,7,175,179,27,150,136,144,70,168,17,103,105,142,190,188,186,176,42,47,132,166,123,44];False
2437;8285;10722;[4,67,193,48,10,145,91,129,8,84,153,73,174,135,21,99,16,77,112,71,56,18,62,120,24,197,26,9,143,20,3,2,121,160,92,49,130,22,38,34,124,94,75,12,165,187,153,127,39,107,87,76,50,53,93,23,30,134,58,86,69,64,101,151,54,158,199,6,117,98,25,110,81,52,182,28,162,78,60,79,185,148,167,61,41,36,46,131,59,133,96,157,138,178,152,173,66,126,198,159,140,118,109,29,154,156,106,19,108,146,43,128,85,164,111,83,181,82,192,139,33,13,172,195,40,37,15,35,88,1,189,194,31,171,116,57,0,113,196,89,5,141,119,74,183,63,51,72,147,65,102,115,14,45,55,155,184,161,80,114,177,169,191,11,104,180,163,170,95,137,90,125,149,32,68,97,100,7,175,179,27,150,136,144,70,168,17,103,105,142,190,188,186,176,42,47,132,166,123,44];False
2451;8270;10721;[4,67,193,48,10,145,91,129,8,84,122,73,174,135,21,99,16,77,112,71,56,18,62,120,24,197,26,9,143,20,3,2,121,160,92,49,130,22,38,34,124,94,75,12,165,153,187,127,39,107,87,76,147,53,93,23,30,134,58,86,69,64,101,151,54,158,199,6,117,98,25,110,81,52,182,28,162,78,60,79,185,148,167,61,41,36,46,131,59,133,96,157,138,178,152,173,66,126,198,159,140,118,109,29,154,156,106,19,108,146,43,128,85,164,111,83,181,82,192,139,33,13,172,195,40,37,15,35,88,1,189,194,31,171,116,57,0,113,196,89,5,141,119,74,183,63,51,72,104,65,102,115,14,45,55,155,184,161,80,114,177,169,191,11,147,180,163,170,95,137,90,125,149,32,68,97,100,7,175,179,27,150,136,144,70,168,17,103,105,142,190,188,186,176,42,47,132,166,123,44];False
2465;8255;10720;[45,67,193,48,10,145,91,129,8,84,122,73,174,135,21,99,16,77,112,71,56,18,62,120,24,197,26,9,143,20,3,2,121,160,92,49,130,22,38,34,124,94,75,12,165,153,187,127,39,107,87,76,50,53,93,23,30,134,58,86,69,64,101,151,54,158,199,6,117,98,25,110,81,52,182,28,162,78,60,79,185,148,167,61,41,36,46,131,59,133,96,157,138,178,152,173,66,126,198,159,140,118,109,29,154,156,106,19,108,146,43,128,85,164,111,83,181,82,192,139,33,13,172,195,40,37,15,35,88,1,189,194,45,171,116,57,0,113,196,89,5,141,119,74,183,63,51,72,147,65,102,115,14,4,55,155,184,161,80,114,177,169,191,11,104,180,163,170,95,137,90,125,149,32,68,97,100,7,175,179,27,150,136,144,70,168,17,103,105,142,190,188,186,176,42,47,132,166,123,44];False
2417;8303;10720;[4,67,193,48,10,145,91,129,8,84,122,73,174,135,21,99,16,77,112,71,56,18,62,120,24,197,26,9,143,20,3,2,121,160,92,49,130,22,38,34,124,94,75,12,165,153,187,127,39,107,87,76,50,53,93,23,110,134,58,86,69,64,101,151,54,158,199,6,117,98,25,30,81,52,182,28,162,78,60,79,185,148,167,61,41,36,46,131,59,133,96,157,138,178,152,173,66,126,30,159,140,118,109,29,154,156,106,19,108,146,43,128,85,164,111,83,181,82,192,139,33,13,172,195,40,37,15,35,88,1,189,194,31,171,116,57,0,113,196,89,5,141,119,74,183,63,51,72,147,65,102,115,14,45,55,155,184,161,80,114,177,169,191,11,104,180,163,170,95,137,90,125,149,32,68,97,100,7,175,179,27,150,136,144,70,168,17,103,105,142,190,188,186,176,42,47,132,166,123,44];False
2499;8220;10719;[4,67,193,48,10,145,91,129,8,84,122,73,174,135,21,99,16,77,112,71,56,18,62,120,24,197,26,9,143,20,3,2,121,160,92,49,130,22,38,34,124,94,75,12,165,153,187,127,39,107,87,76,50,53,93,23,30,134,58,86,69,41,101,151,54,158,199,6,117,98,25,110,81,52,182,28,162,78,60,79,185,148,167,61,37,36,46,131,59,133,96,157,138,178,152,173,66,126,198,159,140,118,109,29,154,156,106,19,108,146,43,128,85,164,111,83,181,82,192,139,33,13,172,195,40,41,15,35,88,1,189,194,31,171,116,57,0,113,196,89,5,141,119,74,183,63,51,72,147,65,102,115,14,45,55,155,184,161,80,114,177,169,191,11,104,180,163,170,95,137,90,125,149,32,68,97,100,7,175,179,27,150,136,144,70,168,17,103,105,142,190,188,186,176,42,47,132,166,123,44];False
2406;8313;10719;[4,67,193,84,10,145,91,129,8,48,122,73,174,135,21,99,16,77,112,71,56,18,62,120,24,197,26,9,143,20,3,2,121,160,92,49,48,22,38,34,124,94,75,12,165,153,187,127,39,107,87,76,50,53,93,23,30,134,58,86,69,64,101,151,54,158,199,6,117,98,25,110,81,52,182,28,162,78,60,79,185,148,167,61,41,36,46,131,59,133,96,157,138,178,152,173,66,126,198,159,140,118,109,29,154,156,106,19,108,146,43,128,85,164,111,83,181,82,192,139,33,13,172,195,40,37,15,35,88,1,189,194,31,171,116,57,0,113,196,89,5,141,119,74,183,63,51,72,147,65,102,115,14,45,55,155,184,161,80,114,177,169,191,11,104,180,163,170,95,137,90,125,149,32,68,97,100,7,175,179,27,150,136,144,70,168,17,103,105,142,190,188,186,176,42,47,132,166,123,44];False
2453;8265;10718;[4,45,193,48,10,145,91,129,8,84,122,73,174,135,21,99,16,77,112,71,56,18,62,120,24,197,26,9,143,20,3,2,121,160,92,49,130,22,38,34,124,94,75,12,165,153,187,127,39,107,87,76,50,53,93,23,30,134,58,86,69,64,101,151,54,158,199,6,117,98,25,110,81,52,182,28,162,78,60,79,185,148,167,61,41,36,46,131,59,133,96,157,138,178,152,173,66,126,198,159,140,118,109,29,154,156,106,19,108,146,43,128,85,164,45,83,181,82,192,139,33,13,172,195,40,37,15,35,88,1,189,194,31,171,116,57,0,113,196,89,5,141,119,74,183,63,51,72,147,65,102,115,14,111,55,155,184,161,80,114,177,169,191,11,104,180,163,170,95,137,90,125,149,32,68,97,100,7,175,179,27,150,136,144,70,168,17,103,105,142,190,188,186,176,42,47,132,166,123,44];False
2488;8229;10717;[4,67,193,48,10,145,91,129,8,84,122,73,174,135,21,99,16,77,112,71,56,18,62,120,24,197,26,9,143,20,3,2,121,160,92,49,130,22,38,34,124,94,75,12,165,153,187,127,39,107,87,76,50,53,93,23,30,134,58,86,69,64,101,151,54,158,199,6,117,98,25,110,81,52,182,139,162,78,60,79,185,148,167,61,41,36,46,131,59,133,96,157,138,178,152,173,66,126,198,159,140,118,109,29,154,156,106,19,108,146,43,128,85,164,111,83,181,82,192,28,33,13,172,195,40,37,15,35,88,139,189,194,31,171,116,57,0,113,196,89,5,141,119,74,183,63,51,72,147,65,102,115,14,45,55,155,184,161,80,114,177,169,191,11,104,180,163,170,95,137,90,125,149,32,68,97,100,7,175,179,27,150,136,144,70,168,17,103,105,142,190,188,186,176,42,47,132,166,123,44];False
2423;8294;10717;[4,67,193,48,10,145,91,129,8,84,122,73,174,135,21,99,16,77,112,71,56,18,62,120,24,197,26,9,143,20,3,2,121,160,92,49,130,22,38,34,124,94,75,12,165,153,187,127,39,107,87,76,50,53,93,23,30,134,58,86,69,64,101,151,54,158,199,6,117,98,25,110,81,52,29,28,162,78,60,79,185,148,167,61,41,36,46,131,59,133,96,157,138,178,152,173,66,126,198,159,140,118,109,182,154,156,106,19,108,146,43,128,85,164,111,83,181,82,192,139,33,13,172,195,40,37,15,35,88,1,189,194,31,171,116,57,0,113,196,89,5,141,119,74,183,63,51,72,147,65,102,115,14,45,55,155,184,161,80,114,177,169,191,11,104,180,163,170,95,137,90,125,29,32,68,97,100,7,175,179,27,150,136,144,70,168,17,103,105,142,190,188,186,176,42,47,132,166,123,44];False
2482;8234;10716;[4,67,193,48,10,145,91,129,8,84,139,73,174,135,21,99,16,77,112,71,56,18,62,120,24,197,26,9,143,20,3,2,121,160,92,49,130,22,38,34,124,94,75,12,165,153,187,127,39,107,87,76,50,53,93,23,30,134,58,86,69,64,101,151,54,158,199,6,117,98,25,110,81,52,182,28,162,78,60,79,185,148,167,61,41,36,46,131,59,133,96,157,138,178,152,173,66,126,198,159,140,118,109,29,154,156,106,19,108,146,43,128,85,164,111,83,181,82,192,65,33,13,172,195,40,37,15,35,88,1,189,194,31,171,116,57,0,113,196,89,5,141,119,74,183,63,51,72,147,139,102,115,14,45,55,155,184,161,80,114,177,169,191,11,104,180,163,170,95,137,90,125,149,32,68,97,100,7,175,179,27,150,136,144,70,168,17,103,105,142,190,188,186,176,42,47,132,166,123,44];False
2450;8266;10716;[4,67,193,48,10,145,91,129,8,84,122,73,174,135,21,99,16,77,112,71,56,18,62,120,24,197,26,9,143,20,3,2,121,160,92,49,130,22,38,34,124,94,75,12,165,153,187,127,39,107,23,76,50,53,93,159,30,134,58,86,69,64,101,151,54,158,199,6,117,98,25,110,81,52,182,28,162,78,60,79,185,148,167,61,41,36,46,131,59,133,96,157,138,178,152,173,66,126,198,23,140,118,109,29,154,156,106,19,108,146,43,128,85,164,111,83,181,82,192,139,33,13,172,195,40,37,15,35,88,1,189,194,31,171,116,57,0,113,196,89,5,141,119,74,183,63,51,72,147,65,102,115,14,45,55,155,184,161,80,114,177,169,191,11,104,180,163,170,95,137,90,125,149,32,68,97,100,7,175,179,27,150,136,144,70,168,17,103,105,142,190,188,186,176,42,47,132,166,123,44];False
2474;8242;10716;[4,67,193,48,10,145,91,129,8,84,122,73,174,135,21,99,16,77,112,71,56,18,62,120,24,197,26,9,143,20,3,2,121,160,92,49,130,22,38,34,124,94,75,181,165,153,187,127,39,107,87,76,181,53,93,23,30,134,58,86,69,64,101,151,54,158,199,6,117,98,25,110,81,52,182,28,162,78,60,79,185,148,167,61,41,36,46,131,59,133,96,157,138,178,152,173,66,126,198,159,140,118,109,29,154,156,106,19,108,146,43,128,85,164,111,83,12,82,192,139,33,13,172,195,40,37,15,35,88,1,189,194,31,171,116,57,0,113,196,89,5,141,119,74,183,63,51,72,147,65,102,115,14,45,55,155,184,161,80,114,177,169,191,11,104,180,163,170,95,137,90,125,149,32,68,97,100,7,175,179,27,150,136,144,70,168,17,103,105,142,190,188,186,176,42,47,132,166,123,44];False
2448;8267;10715;[4,67,193,48,10,145,91,129,8,84,122,73,174,135,21,99,16,77,112,71,56,98,62,120,24,197,26,9,143,20,3,2,121,160,92,49,130,22,38,34,124,94,75,12,165,153,187,127,39,98,87,76,50,53,93,23,30,134,58,86,69,64,101,151,54,158,199,6,117,107,25,110,81,52,182,28,162,78,60,79,185,148,167,61,41,36,46,131,59,133,96,157,138,178,152,173,66,126,198,159,140,118,109,29,154,156,106,19,108,146,43,128,85,164,111,83,181,82,192,139,33,13,172,195,40,37,15,35,88,1,189,194,31,171,116,57,0,113,196,89,5,141,119,74,183,63,51,72,147,65,102,115,14,45,55,155,184,161,80,114,177,169,191,11,104,180,163,170,95,137,90,125,149,32,68,97,100,7,175,179,27,150,136,144,70,168,17,103,105,142,190,188,186,176,42,47,132,166,123,44];False
2481;8233;10714;[4,67,193,48,10,145,91,129,8,84,122,73,174,135,21,99,16,77,186,71,56,18,62,120,24,197,26,9,143,20,3,2,121,160,92,49,130,22,38,34,124,94,75,12,165,153,187,127,39,107,87,76,50,53,93,23,30,134,58,86,69,64,101,151,54,158,199,6,117,98,25,110,81,52,182,28,162,78,60,79,185,148,167,61,41,36,46,131,59,133,96,157,138,112,152,173,66,126,198,159,140,118,109,29,154,156,106,19,108,146,43,128,85,164,111,83,181,82,192,139,33,13,172,195,40,37,15,35,88,1,189,194,31,171,116,57,0,113,196,89,5,141,119,74,183,63,51,72,147,65,102,115,14,45,55,155,184,161,80,114,177,169,191,11,104,180,163,170,95,137,90,125,149,32,68,97,100,7,175,179,27,150,136,144,70,168,17,103,105,142,190,188,112,176,42,47,132,166,123,44];False
2469;8245;10714;[4,67,193,48,10,145,91,129,8,84,122,73,174,135,21,99,16,77,112,71,56,18,62,120,24,197,26,9,143,20,3,2,121,160,92,49,130,22,38,34,124,94,75,12,165,153,187,127,39,107,87,76,50,53,93,23,30,134,58,86,69,64,101,151,54,158,199,6,117,98,25,57,81,52,182,28,162,78,60,79,185,148,167,61,41,36,46,131,59,133,96,157,138,178,152,173,66,126,198,159,140,118,109,29,154,156,106,19,108,146,43,128,85,164,111,83,181,82,192,139,33,13,172,195,40,37,15,35,88,1,189,194,31,171,116,110,0,113,196,89,5,141,119,74,183,63,51,72,147,65,102,115,14,45,55,155,184,161,80,114,177,169,191,11,104,180,163,170,95,137,90,125,149,32,68,97,100,7,175,179,27,150,136,144,70,168,17,103,105,142,190,188,57,176,42,47,132,166,123,44];False
2421;8292;10713;[4,67,193,48,10,145,91,129,8,84,122,73,174,135,21,99,16,77,112,71,56,18,62,120,24,197,26,9,143,20,3,2,121,160,92,49,130,22,38,34,124,94,75,12,165,153,187,191,39,107,87,76,50,53,93,23,30,134,58,86,69,64,101,151,54,158,199,6,117,98,25,110,81,52,182,28,162,78,60,79,185,148,167,61,41,36,46,131,59,133,96,157,138,178,152,173,66,126,198,159,140,118,109,29,154,156,106,19,108,146,43,128,85,164,111,83,181,82,192,139,33,13,172,195,40,37,15,35,88,1,189,194,31,171,116,57,0,113,196,89,5,141,119,74,183,63,51,72,147,65,102,115,14,45,55,155,184,161,80,114,177,169,127,11,104,180,163,170,95,137,90,125,149,32,68,97,100,7,175,179,27,150,136,144,70,168,17,103,191,142,190,188,186,176,42,47,132,166,123,44];False
2456;8256;10712;[4,67,193,48,50,145,91,129,8,84,122,73,174,135,21,99,16,77,112,71,56,18,62,120,24,197,26,9,143,20,3,2,121,160,92,49,130,22,38,34,124,94,75,12,165,153,187,127,39,107,87,76,10,53,93,23,30,134,58,86,69,64,101,151,54,158,199,10,117,98,25,110,81,52,182,28,162,78,60,79,185,148,167,61,41,36,46,131,59,133,96,157,138,178,152,173,66,126,198,159,140,118,109,29,154,156,106,19,108,146,43,128,85,164,111,83,181,82,192,139,33,13,172,195,40,37,15,35,88,1,189,194,31,171,116,57,0,113,196,89,5,141,119,74,183,63,51,72,147,65,102,115,14,45,55,155,184,161,80,114,177,169,191,11,104,180,163,170,95,137,90,125,149,32,68,97,100,7,175,179,27,150,136,144,70,168,17,103,105,142,190,188,186,176,42,47,132,166,123,44];False
2481;8231;10712;[4,67,193,48,10,145,91,129,8,84,122,73,174,135,21,99,16,77,112,71,56,18,62,120,24,197,26,9,143,20,3,2,121,160,92,49,130,22,38,34,124,94,75,12,165,153,187,127,39,107,87,76,50,53,93,23,30,134,58,86,69,64,101,151,54,185,199,6,117,98,25,110,81,52,182,28,162,78,60,79,158,148,167,61,41,36,46,131,59,133,96,157,138,178,152,173,66,126,198,159,140,118,109,29,154,156,106,19,108,146,43,128,85,164,111,83,181,82,192,139,33,13,172,195,40,37,15,35,88,1,189,194,31,171,185,57,0,113,196,89,5,141,119,74,183,63,51,72,147,65,102,115,14,45,55,155,184,161,80,114,177,169,191,11,104,180,163,170,95,137,90,125,149,32,68,97,100,7,175,179,27,150,136,144,70,168,17,103,105,142,190,188,186,176,42,47,132,166,123,44];False
2448;8263;10711;[4,67,193,48,10,145,91,129,8,84,122,73,174,135,21,99,16,77,112,71,56,18,62,120,24,197,26,9,143,20,3,2,121,160,92,49,130,22,38,34,124,94,75,12,165,153,187,127,39,107,87,76,50,53,93,23,30,134,58,86,69,64,101,151,54,51,199,6,117,98,25,110,81,52,182,28,162,78,60,79,185,148,167,61,41,36,46,131,59,133,96,157,138,178,152,173,66,126,198,159,51,118,109,29,154,156,106,19,108,146,43,128,85,164,111,83,181,82,192,139,33,13,172,195,40,37,15,35,88,1,189,194,31,171,116,57,0,113,196,89,5,141,119,74,183,63,140,72,147,65,102,115,14,45,55,155,184,161,80,114,177,169,191,11,104,180,163,170,95,137,90,125,149,32,68,97,100,7,175,179,27,150,136,144,70,168,17,103,105,142,190,188,186,176,42,47,132,166,123,44];False
2409;8302;10711;[4,67,193,48,10,145,91,129,8,84,122,73,174,135,21,99,16,77,112,71,56,18,62,120,24,197,26,9,143,20,3,2,121,160,92,49,130,22,38,34,124,94,75,12,165,153,187,127,39,107,87,76,52,53,93,23,30,134,58,86,69,64,101,151,54,158,199,6,117,98,25,110,81,180,182,28,162,78,60,79,185,148,167,61,41,36,46,131,59,133,96,157,138,178,152,173,66,126,198,159,140,118,109,29,154,156,106,19,108,146,43,128,85,164,111,83,181,82,192,139,33,13,172,195,40,37,15,35,88,1,189,194,31,171,116,57,0,113,196,89,5,141,119,74,183,63,51,72,147,65,102,115,14,45,55,155,184,161,80,114,177,169,191,11,104,52,163,170,95,137,90,125,149,32,68,97,100,7,175,179,27,150,136,144,70,168,17,103,105,142,190,188,186,176,42,47,132,166,123,44];False
2447;8264;10711;[4,67,193,48,10,145,91,108,8,84,122,73,174,135,21,99,16,77,112,71,56,18,62,120,24,197,26,9,143,20,3,2,121,160,92,49,130,22,38,34,124,94,75,12,165,153,187,127,39,107,87,76,50,53,93,23,30,134,58,86,69,64,101,151,54,158,199,6,117,98,25,110,81,52,182,28,162,78,60,79,185,148,167,61,41,36,46,131,59,133,96,157,138,178,152,173,66,126,198,159,140,118,109,29,154,156,106,19,190,146,43,128,85,164,111,83,181,82,192,139,33,13,172,195,40,37,15,35,88,1,189,194,31,171,116,57,0,113,196,89,5,141,119,74,183,63,51,72,147,65,102,115,14,45,55,155,184,161,80,114,177,169,191,11,104,180,163,170,95,137,90,125,149,32,68,97,100,7,175,179,27,150,136,144,70,168,17,103,105,142,108,188,186,176,42,47,132,166,123,44];False
2434;8277;10711;[4,67,193,48,10,145,91,197,8,84,122,73,174,135,21,99,16,77,112,71,56,18,62,120,24,123,26,9,143,20,3,2,121,160,92,49,130,22,38,34,124,94,75,12,165,153,187,127,39,107,87,76,50,53,93,23,30,134,58,86,69,64,101,151,54,158,199,6,117,98,25,110,81,52,182,28,162,78,60,79,185,148,167,61,41,36,46,131,59,133,96,157,138,178,152,173,66,126,198,159,140,118,109,29,154,156,106,19,108,146,43,128,85,164,111,83,181,82,192,139,33,13,172,195,40,37,15,35,88,1,189,194,31,171,116,57,0,113,196,89,5,141,119,74,183,63,51,72,147,65,102,115,14,45,55,155,184,161,80,114,177,169,191,11,104,180,163,170,95,137,90,125,149,32,68,97,100,7,175,179,27,150,136,144,70,168,17,103,105,142,190,188,186,176,42,47,132,166,197,44];False
2494;8216;10710;[4,67,193,48,10,145,91,129,8,84,122,73,174,135,21,99,16,77,112,71,56,18,62,120,24,197,26,9,143,20,3,2,121,160,92,49,130,22,38,34,33,94,75,12,165,153,187,127,39,107,87,76,50,53,93,23,30,134,58,86,69,64,101,151,54,158,199,6,117,98,25,110,81,52,182,28,162,78,60,79,185,148,167,61,41,36,46,131,59,133,96,157,138,178,152,173,66,126,198,159,140,118,109,29,154,156,106,19,108,146,43,128,85,164,111,83,181,82,192,139,124,13,172,195,40,37,15,35,88,1,33,194,31,171,116,57,0,113,196,89,5,141,119,74,183,63,51,72,147,65,102,115,14,45,55,155,184,161,80,114,177,169,191,11,104,180,163,170,95,137,90,125,149,32,68,97,100,7,175,179,27,150,136,144,70,168,17,103,105,142,190,188,186,176,42,47,132,166,123,44];False
2433;8273;10706;[4,67,193,48,10,145,91,129,8,84,122,73,174,135,21,99,16,77,112,71,56,18,62,120,24,2,26,9,143,20,3,100,121,160,92,49,130,22,38,34,124,94,75,12,165,153,187,127,39,107,87,76,50,53,93,23,30,134,58,86,69,64,101,151,54,158,199,6,117,98,25,110,81,52,182,28,162,78,60,79,185,148,167,61,41,36,46,131,59,133,96,157,138,178,152,173,66,126,198,159,140,118,109,29,154,156,106,19,108,146,43,128,85,164,111,83,181,82,192,139,33,13,172,195,40,37,15,35,88,1,189,194,31,171,116,57,0,113,196,89,5,141,119,74,183,63,51,72,147,65,102,115,14,45,55,155,184,161,80,114,177,169,191,11,104,180,163,170,95,137,90,125,149,32,68,97,2,7,175,179,27,150,136,144,70,168,17,103,105,142,190,188,186,176,42,47,132,166,123,44];False
2446;8260;10706;[4,67,193,48,10,145,91,129,8,84,122,73,174,135,21,99,16,77,112,71,56,18,62,120,24,197,26,9,143,20,3,2,121,160,92,49,130,22,38,34,124,94,75,12,165,153,187,127,39,107,87,76,50,53,93,23,30,134,58,86,69,64,101,151,54,158,199,6,117,98,25,110,81,52,182,28,162,78,60,85,185,148,167,61,41,36,46,131,59,133,96,157,138,178,152,173,66,126,198,159,140,118,109,29,154,156,106,19,108,146,43,128,175,164,111,83,181,82,192,139,33,13,172,195,40,37,15,35,88,1,189,194,31,171,116,57,0,113,196,89,5,141,119,74,183,63,51,72,147,65,102,115,14,45,55,155,184,161,80,114,177,169,191,11,104,180,163,170,95,137,90,125,149,32,68,97,100,7,85,179,27,150,136,144,70,168,17,103,105,142,190,188,186,176,42,47,132,166,123,44];False
2433;8271;10704;[4,67,193,48,10,145,91,129,8,84,122,73,174,135,21,99,16,77,112,71,56,18,62,120,24,197,26,9,143,20,3,2,121,160,92,49,130,22,38,34,124,94,75,12,165,153,187,127,39,107,87,76,50,53,93,23,30,134,58,86,69,64,101,151,54,1,199,6,117,98,25,110,81,52,182,28,162,78,60,79,185,148,167,61,41,36,46,131,59,133,96,157,138,178,152,173,66,126,198,159,140,118,109,29,154,156,106,19,108,146,43,128,85,164,111,83,181,82,192,139,33,13,172,195,40,37,15,35,88,158,189,194,31,171,116,57,0,113,196,89,5,141,119,74,183,63,51,72,147,65,102,115,14,45,55,155,184,161,80,114,177,169,191,11,104,180,163,170,95,1,90,125,149,32,68,97,100,7,175,179,27,150,136,144,70,168,17,103,105,142,190,188,186,176,42,47,132,166,123,44];False
2455;8249;10704;[4,67,193,48,10,145,91,129,8,84,122,73,174,135,21,99,16,77,112,71,56,18,62,120,24,197,26,9,143,20,3,2,121,160,92,49,130,22,38,34,124,94,75,12,165,153,187,127,39,107,87,76,50,53,93,23,30,134,58,86,69,64,101,151,54,158,199,6,117,98,25,110,81,52,182,28,162,78,60,79,185,148,167,61,41,36,46,169,59,133,96,157,138,178,152,173,66,126,198,159,140,118,109,29,154,156,106,19,108,146,43,128,85,164,111,83,181,82,192,139,33,13,172,195,40,37,15,35,88,1,189,194,31,171,116,57,0,113,169,89,5,141,119,74,183,63,51,72,147,65,102,115,14,45,55,155,184,161,80,114,177,196,191,11,104,180,163,170,95,137,90,125,149,32,68,97,100,7,175,179,27,150,136,144,70,168,17,103,105,142,190,188,186,176,42,47,132,166,123,44];False
2405;8298;10703;[4,67,193,48,10,145,91,129,8,84,122,73,174,135,21,99,16,77,112,71,56,18,62,120,118,197,26,9,143,20,3,2,121,160,92,49,130,22,38,34,124,94,75,12,165,153,187,127,39,107,87,76,50,53,93,23,30,134,58,86,69,64,101,151,54,158,199,6,117,98,25,110,81,52,182,28,162,78,60,79,185,148,167,61,41,36,46,131,59,133,96,157,138,178,152,173,66,126,198,159,140,24,109,29,154,156,106,19,108,146,43,128,85,24,111,83,181,82,192,139,33,13,172,195,40,37,15,35,88,1,189,194,31,171,116,57,0,113,196,89,5,141,119,74,183,63,51,72,147,65,102,115,14,45,55,155,184,161,80,114,177,169,191,11,104,180,163,170,95,137,90,125,149,32,68,97,100,7,175,179,27,150,136,144,70,168,17,103,105,142,190,188,186,176,42,47,132,166,123,44];False
2442;8261;10703;[4,67,193,48,10,145,91,129,8,84,122,73,174,135,21,99,16,152,112,71,56,18,62,120,24,197,26,9,143,20,3,2,121,160,92,49,130,22,38,34,124,94,152,12,165,153,187,127,39,107,87,76,50,53,93,23,30,134,58,86,69,64,101,151,54,158,199,6,117,98,25,110,81,52,182,28,162,78,60,79,185,148,167,61,41,36,46,131,59,133,96,157,138,178,77,173,66,126,198,159,140,118,109,29,154,156,106,19,108,146,43,128,85,164,111,83,181,82,192,139,33,13,172,195,40,37,15,35,88,1,189,194,31,171,116,57,0,113,196,89,5,141,119,74,183,63,51,72,147,65,102,115,14,45,55,155,184,161,80,114,177,169,191,11,104,180,163,170,95,137,90,125,149,32,68,97,100,7,175,179,27,150,136,144,70,168,17,103,105,142,190,188,186,176,42,47,132,166,123,44];False
2430;8272;10702;[4,67,193,48,10,145,91,129,8,84,122,73,174,135,21,99,16,77,112,71,56,18,62,120,24,197,26,9,143,20,3,2,121,160,92,49,130,22,38,34,124,94,75,12,165,153,187,127,39,107,87,180,50,53,93,23,30,134,58,86,69,64,101,151,54,158,199,6,117,98,25,110,81,52,182,28,162,78,60,79,185,148,167,61,41,36,46,131,59,133,96,157,138,178,152,173,66,126,198,159,140,118,109,29,154,156,106,19,108,146,43,128,85,164,111,83,181,82,192,139,33,13,172,195,40,37,15,35,88,1,189,194,31,171,116,57,0,113,196,89,5,141,180,74,183,63,51,72,147,65,102,115,14,45,55,155,184,161,80,114,177,169,191,11,104,76,163,170,95,137,90,125,149,32,68,97,100,7,175,179,27,150,136,144,70,168,17,103,105,142,190,188,186,176,42,47,132,166,123,44];False
2441;8259;10700;[4,67,193,48,10,145,91,129,8,84,122,73,174,135,21,99,16,77,112,71,56,18,62,120,24,197,26,9,143,20,3,2,121,160,92,49,130,22,38,34,124,94,75,12,165,153,187,127,39,107,87,76,50,53,93,23,30,134,58,32,69,64,101,151,54,158,199,6,117,98,25,110,81,52,182,28,162,78,60,79,185,148,167,61,41,36,46,131,59,133,96,157,138,178,152,173,66,126,198,159,140,118,109,29,154,156,106,19,108,146,43,128,85,164,111,83,181,82,192,139,33,13,172,195,40,37,15,35,88,1,189,194,31,171,116,57,0,113,196,89,5,141,119,74,183,63,51,72,147,65,102,115,14,45,55,155,184,161,80,114,177,169,191,11,104,180,163,170,95,137,90,125,149,86,68,97,100,7,175,179,86,150,136,144,70,168,17,103,105,142,190,188,186,176,42,47,132,166,123,44];False
2466;8234;10700;[4,67,193,44,10,145,91,129,8,84,122,73,174,135,21,99,16,77,112,71,56,18,62,120,24,197,26,9,143,20,3,2,121,160,92,49,130,22,38,34,124,94,75,12,165,153,187,127,39,107,87,76,50,53,93,23,30,134,58,86,69,64,101,151,54,158,199,6,117,98,25,110,81,52,182,28,162,78,60,79,185,148,167,61,41,36,46,131,59,133,96,157,138,178,152,173,66,126,198,159,140,118,109,29,154,156,44,19,108,146,43,128,85,164,111,83,181,82,192,139,33,13,172,195,40,37,15,35,88,1,189,194,31,171,116,57,0,113,196,89,5,141,119,74,183,63,51,72,147,65,102,115,14,45,55,155,184,161,80,114,177,169,191,11,104,180,163,170,95,137,90,125,149,32,68,97,100,7,175,179,27,150,136,144,70,168,17,103,105,142,190,188,186,176,42,47,132,166,123,48];False
2410;8289;10699;[4,67,193,48,10,145,91,129,8,84,122,73,174,135,21,99,16,77,112,71,56,18,62,120,24,197,26,9,143,20,3,2,121,160,92,49,130,22,38,34,155,94,75,12,165,153,187,127,39,107,87,76,50,53,93,23,30,134,58,86,69,64,101,151,54,158,199,6,117,98,25,110,81,52,182,28,162,78,60,79,185,148,167,61,41,36,46,131,59,133,96,157,138,178,152,173,66,126,198,159,140,118,109,29,154,156,106,19,108,146,43,128,85,164,111,83,181,82,124,139,33,13,172,195,40,37,15,35,88,1,189,194,31,171,116,57,0,113,196,89,5,141,119,74,183,63,51,72,147,65,102,115,14,45,55,124,184,161,80,114,177,169,191,11,104,180,163,170,95,137,90,125,149,32,68,97,100,7,175,179,27,150,136,144,70,168,17,103,105,142,190,188,186,176,42,47,132,166,123,44];False
2453;8246;10699;[4,67,193,48,10,145,91,129,8,84,122,73,174,135,21,99,16,77,112,71,56,18,62,120,24,197,26,9,143,20,3,2,121,160,92,49,130,22,38,34,124,94,75,12,165,153,187,127,39,107,87,76,50,53,93,23,30,134,58,86,69,64,101,151,54,158,199,6,117,98,25,110,81,52,182,28,162,78,60,79,185,148,167,61,41,36,46,131,59,133,96,157,138,178,152,173,66,126,198,159,140,118,45,29,154,156,106,19,108,146,43,128,85,164,111,83,181,82,192,139,109,13,172,195,40,37,15,35,88,1,189,194,31,171,116,57,0,113,196,89,5,141,119,74,183,63,51,72,147,65,102,115,14,109,55,155,184,161,80,114,177,169,191,11,104,180,163,170,95,137,90,125,149,32,68,97,100,7,175,179,27,150,136,144,70,168,17,103,105,142,190,188,186,176,42,47,132,166,123,44];False
2468;8228;10696;[4,67,193,48,10,145,91,129,8,84,122,73,174,135,21,99,16,77,112,71,56,18,62,120,24,197,26,9,143,20,3,2,121,160,92,49,130,22,38,34,124,94,75,12,165,153,187,127,39,107,87,76,50,53,93,68,30,134,58,86,69,64,101,151,54,158,199,6,117,98,25,110,81,52,182,28,162,78,60,79,185,148,167,61,41,36,46,131,59,133,96,157,138,178,23,173,66,126,198,159,140,118,109,29,154,156,106,19,108,146,43,128,85,164,111,83,181,82,192,139,33,13,172,195,40,37,15,35,88,1,189,194,31,171,116,57,0,113,196,89,5,141,119,74,183,63,51,72,147,65,102,115,14,45,55,155,184,161,80,114,177,169,191,11,104,180,163,170,95,137,90,125,149,32,23,97,100,7,175,179,27,150,136,144,70,168,17,103,105,142,190,188,186,176,42,47,132,166,123,44];False
2454;8238;10692;[4,67,193,48,10,145,91,129,8,84,122,73,174,135,21,99,16,77,112,71,56,18,62,120,24,197,26,9,143,20,3,2,121,160,92,49,130,22,38,34,124,94,75,12,165,153,187,127,39,107,87,76,50,53,93,23,30,134,58,86,69,64,101,151,54,158,199,6,117,98,25,110,81,52,182,28,162,78,60,79,185,148,167,61,41,36,46,131,59,133,96,157,138,178,152,173,66,126,198,159,140,118,109,29,154,156,106,19,108,146,196,128,85,164,111,83,181,82,192,139,33,13,172,195,40,37,15,35,88,1,189,194,31,171,116,57,0,113,119,89,5,141,196,74,183,63,51,72,147,65,102,115,14,45,55,155,184,161,80,114,177,169,191,11,104,180,163,170,95,137,90,125,149,32,68,97,100,7,175,179,27,150,136,144,70,168,17,103,105,142,190,188,186,176,42,47,132,166,123,44];False
2414;8278;10692;[4,67,193,48,10,145,91,129,8,84,122,73,174,135,21,99,16,77,112,71,56,18,62,120,24,197,26,9,143,20,3,2,121,160,92,49,130,22,38,34,124,94,75,12,165,153,187,127,39,107,87,76,50,53,93,23,30,134,58,86,69,64,101,151,54,158,199,6,117,98,25,110,81,52,182,28,162,78,60,79,185,148,167,61,41,36,46,131,59,173,96,157,138,178,152,133,66,126,198,159,140,118,109,29,154,173,106,19,108,146,43,128,85,164,111,83,181,82,192,139,33,13,172,195,40,37,15,35,88,1,189,194,31,171,116,57,0,113,196,89,5,141,119,74,183,63,51,72,147,65,102,115,14,45,55,155,184,161,80,114,177,169,191,11,104,180,163,170,95,137,90,125,149,32,68,97,100,7,175,179,27,150,136,144,70,168,17,103,105,142,190,188,186,176,42,47,132,166,123,44];False
2464;8227;10691;[4,67,193,48,10,145,91,129,8,84,122,73,174,135,21,99,16,77,112,71,56,18,62,120,24,197,26,9,143,20,3,2,121,160,92,49,130,22,38,34,124,94,75,12,165,153,187,127,39,107,87,76,50,53,93,23,30,134,58,86,69,64,101,151,54,158,199,6,117,98,25,110,81,52,182,28,162,78,60,79,185,148,167,61,41,36,46,131,59,133,96,157,138,178,152,173,66,126,198,159,140,118,109,29,154,156,106,19,108,146,43,128,85,116,111,83,181,82,192,139,33,13,172,195,40,37,15,35,88,1,189,194,31,171,137,57,0,113,196,89,5,141,119,74,183,63,51,72,147,65,102,115,14,45,55,155,184,161,80,114,177,169,191,11,104,180,163,170,95,116,90,125,149,32,68,97,100,7,175,179,27,150,136,144,70,168,17,103,105,142,190,188,186,176,42,47,132,166,123,44];False
2301;8387;10688;[4,67,193,48,10,145,91,129,8,84,122,73,174,135,21,47,16,77,112,71,56,18,62,120,24,197,26,9,143,20,3,2,121,160,92,49,130,22,38,34,124,94,75,12,165,153,187,127,39,107,47,76,50,53,93,23,30,134,58,86,69,64,101,151,54,158,199,6,117,98,25,110,81,52,182,28,162,78,60,79,185,148,167,61,41,36,46,131,59,133,96,157,138,178,152,173,66,126,198,159,140,118,109,29,154,156,106,19,108,146,43,128,85,164,111,83,181,82,192,139,33,13,172,195,40,37,15,35,88,1,189,194,31,171,116,57,0,113,196,89,5,141,119,74,183,63,51,72,147,65,102,115,14,45,55,155,184,161,80,114,177,169,191,11,104,180,163,170,95,137,90,125,149,32,68,97,100,7,175,179,27,150,136,144,70,168,17,103,105,142,190,188,186,176,42,87,132,166,123,44];False
2433;8253;10686;[4,67,193,48,10,145,91,129,111,84,122,73,174,135,21,99,16,77,112,71,56,18,62,120,24,197,26,9,143,20,3,2,121,160,92,49,130,22,38,34,124,94,75,12,165,153,187,127,39,107,87,76,50,53,93,23,30,134,58,86,69,64,101,151,54,158,199,6,117,98,25,110,81,52,182,28,162,78,60,79,185,148,167,61,41,36,46,131,59,133,96,157,138,178,152,173,66,126,198,159,140,118,109,29,154,156,106,19,108,146,43,128,85,164,8,83,181,82,192,139,33,13,172,195,40,37,15,35,88,1,189,194,31,171,116,57,0,113,196,89,5,141,119,74,183,63,51,72,147,65,102,115,14,45,55,8,184,161,80,114,177,169,191,11,104,180,163,170,95,137,90,125,149,32,68,97,100,7,175,179,27,150,136,144,70,168,17,103,105,142,190,188,186,176,42,47,132,166,123,44];False
2427;8259;10686;[4,67,193,48,10,145,162,129,8,84,122,73,174,135,21,99,16,77,112,71,56,18,62,120,24,197,26,9,143,20,3,2,121,160,92,49,130,22,38,34,124,94,75,12,165,153,187,127,39,107,87,76,50,53,93,23,30,134,58,86,69,64,101,151,54,158,199,6,117,98,25,110,81,52,182,28,105,78,60,79,185,148,167,61,41,36,46,131,59,133,96,157,138,178,152,173,66,126,198,159,140,118,109,29,154,156,106,19,108,146,43,128,85,164,111,83,181,82,192,139,33,13,172,195,40,37,15,35,88,1,189,194,31,171,116,57,0,113,196,89,5,141,119,74,183,63,51,72,147,65,102,115,14,45,55,155,184,161,80,114,177,169,191,11,104,180,163,170,95,137,90,125,149,32,68,97,100,7,175,179,27,150,136,144,70,168,17,103,162,142,190,188,186,176,42,47,132,166,123,44];False
2405;8281;10686;[4,67,193,48,10,145,91,129,8,84,122,73,174,135,21,99,16,77,112,71,56,18,62,120,24,197,26,9,143,20,3,2,121,160,92,49,130,22,38,34,124,94,75,12,165,153,187,127,39,107,87,76,50,53,93,23,30,134,58,86,69,64,101,151,54,158,199,6,117,98,25,110,81,52,182,28,162,78,60,79,185,148,167,61,33,36,46,131,59,133,96,157,138,178,152,173,66,126,198,159,140,118,109,29,154,156,106,19,108,146,43,128,85,164,111,83,181,82,192,139,171,13,172,195,40,37,15,35,88,1,189,194,31,33,116,57,0,113,196,89,5,141,119,74,183,63,51,72,147,65,102,115,14,45,55,155,184,161,80,114,177,169,191,11,104,180,163,170,95,137,90,125,149,32,68,97,100,7,175,179,27,150,136,144,70,168,17,103,105,142,190,188,186,176,42,47,132,166,123,44];False
2410;8275;10685;[4,67,193,48,10,145,91,129,8,84,122,73,174,135,21,99,16,77,112,71,56,18,62,120,24,197,26,9,143,20,3,2,121,160,92,49,130,22,38,34,124,94,75,12,165,153,187,127,39,107,87,76,50,53,93,23,30,134,58,86,69,64,101,151,54,158,199,6,117,98,25,110,81,52,182,28,162,78,60,79,185,144,167,61,41,36,46,131,59,133,96,157,138,178,152,173,66,126,198,159,140,118,109,29,154,156,106,19,108,146,43,128,85,164,111,83,181,82,192,139,33,13,172,195,40,37,15,35,88,1,189,194,31,171,116,57,0,113,196,89,5,141,119,74,183,63,51,72,147,65,102,115,14,45,55,155,184,161,80,114,177,169,191,11,144,180,163,170,95,137,90,125,149,32,68,97,100,7,175,179,27,150,136,104,70,168,17,103,105,142,190,188,186,176,42,47,132,166,123,44];False
2441;8243;10684;[4,67,193,48,10,145,91,129,8,84,122,73,174,135,21,99,16,37,112,71,56,18,62,120,24,197,26,9,143,20,3,2,121,160,92,49,130,22,38,34,124,94,75,12,165,153,187,127,39,107,87,76,50,53,93,23,30,134,58,86,69,64,101,151,54,158,199,6,117,98,25,110,81,52,182,28,162,78,60,79,185,148,167,61,41,36,46,131,59,133,96,157,138,178,152,173,66,126,198,159,140,118,109,29,154,156,106,19,108,146,43,128,85,164,111,83,181,82,192,139,33,13,172,195,40,68,15,35,88,1,189,194,31,171,116,57,0,113,196,89,5,141,119,74,183,63,51,72,147,65,102,115,14,45,55,155,184,161,80,114,177,169,191,11,104,180,163,170,95,137,90,125,149,32,37,97,100,7,175,179,27,150,136,144,70,168,17,103,105,142,190,188,186,176,42,47,132,166,123,44];False
2359;8322;10681;[4,67,193,48,10,145,91,129,8,84,122,73,174,135,21,99,16,77,112,71,56,18,62,120,24,197,26,9,143,20,3,2,121,160,92,49,130,22,38,34,124,94,75,12,165,153,187,19,39,107,87,76,50,53,93,23,30,134,58,86,69,64,101,151,54,158,199,6,117,98,25,110,81,52,182,28,162,78,60,79,185,148,167,61,41,36,46,131,59,133,96,157,138,178,152,173,66,126,198,159,140,118,109,29,154,156,106,83,108,146,43,128,85,164,111,19,181,82,192,139,33,13,172,195,40,37,15,35,88,1,189,194,31,171,116,57,0,113,196,89,5,141,119,74,183,63,51,72,147,65,102,115,14,45,55,155,184,161,80,114,177,169,191,11,104,180,163,170,95,137,90,125,149,32,68,97,100,7,175,179,27,150,136,144,70,168,17,103,105,142,190,188,186,176,42,47,132,166,123,44];False
2423;8257;10680;[4,67,193,48,10,145,91,129,8,84,122,73,174,135,21,99,16,77,112,71,56,18,62,120,24,197,26,9,143,20,3,2,121,160,92,49,130,22,38,34,124,94,75,12,165,153,187,127,39,188,87,76,50,53,93,23,30,134,58,86,69,64,101,151,54,158,199,6,117,98,25,110,81,52,182,28,162,107,60,79,185,148,167,61,41,36,46,131,59,133,96,157,138,178,152,173,66,126,198,159,140,118,109,29,154,156,106,19,108,146,43,128,85,164,111,83,181,82,192,139,33,13,172,195,40,37,15,35,88,1,189,194,31,171,116,57,0,113,196,89,5,141,119,74,183,63,51,72,147,65,102,115,14,45,55,155,184,161,80,114,177,169,191,11,104,180,163,170,95,137,90,125,149,32,68,97,100,7,175,179,27,150,136,144,70,168,17,103,105,142,190,107,186,176,42,47,132,166,123,44];False
2390;8288;10678;[4,67,193,48,10,148,91,129,8,84,122,73,174,135,21,99,16,77,112,71,56,18,62,120,24,197,26,9,143,20,3,2,121,160,92,49,130,22,38,34,124,94,75,12,165,153,187,127,39,107,87,76,50,53,93,23,30,134,58,86,69,64,101,151,54,158,199,6,117,98,25,110,81,52,182,28,162,78,60,79,185,145,167,61,41,36,46,131,59,133,96,157,138,178,152,173,66,126,198,159,140,118,109,29,154,156,106,19,108,146,43,128,85,164,111,83,181,82,192,139,33,13,172,195,40,37,15,35,88,1,189,194,31,171,116,57,0,113,196,89,5,141,119,74,183,63,51,72,147,65,102,115,14,45,55,155,184,145,80,114,177,169,191,11,104,180,163,170,95,137,90,125,149,32,68,97,100,7,175,179,27,150,136,144,70,168,17,103,105,142,190,188,186,176,42,47,132,166,123,44];False
2391;8285;10676;[4,67,193,48,10,145,91,129,8,84,122,148,174,135,21,99,16,77,112,71,56,18,62,120,24,197,26,9,143,20,3,2,121,160,92,49,130,22,38,34,124,94,75,12,165,153,187,127,39,107,87,76,50,53,93,23,30,134,58,86,69,64,101,151,54,158,199,6,117,98,25,110,81,52,182,28,162,78,60,79,185,5,167,61,41,36,46,131,59,133,96,157,138,178,152,173,66,126,198,159,140,118,109,29,154,156,106,19,108,146,43,128,85,164,111,83,181,82,192,139,33,13,172,195,40,37,15,35,88,1,189,194,31,171,116,57,0,113,196,89,148,141,119,74,183,63,51,72,147,65,102,115,14,45,55,155,184,161,80,114,177,169,191,11,104,180,163,170,95,137,90,125,149,32,68,97,100,7,175,179,27,150,136,144,70,168,17,103,105,142,190,188,186,176,42,47,132,166,123,44];False
2371;8303;10674;[4,67,193,48,10,145,91,129,8,84,122,73,174,135,21,99,16,94,112,71,56,18,62,120,24,197,26,9,143,20,3,2,121,160,92,49,130,22,38,34,124,25,75,12,165,153,187,127,39,107,87,76,50,53,93,23,30,134,58,86,69,64,101,151,54,158,199,6,117,98,94,110,81,52,182,28,162,78,60,79,185,148,167,61,41,36,46,131,59,133,96,157,138,178,152,173,66,126,198,159,140,118,109,29,154,156,106,19,108,146,43,128,85,164,111,83,181,82,192,139,33,13,172,195,40,37,15,35,88,1,189,194,31,171,116,57,0,113,196,89,5,141,119,74,183,63,51,72,147,65,102,115,14,45,55,155,184,161,80,114,177,169,191,11,104,180,163,170,95,137,90,125,149,32,68,97,100,7,175,179,27,150,136,144,70,168,17,103,105,142,190,188,186,176,42,47,132,166,123,44];False
2361;8312;10673;[4,67,193,48,10,145,91,129,8,84,122,73,174,135,21,99,16,77,112,71,56,18,62,120,24,197,97,9,143,20,3,2,121,160,92,49,130,22,38,34,124,94,75,12,165,153,187,127,39,107,87,76,50,53,26,23,30,134,58,86,69,64,101,151,54,158,199,6,117,98,25,110,81,52,182,28,162,78,60,79,185,148,167,61,41,36,46,131,59,133,96,157,138,178,152,173,66,126,198,159,140,118,109,29,154,156,106,19,108,146,43,128,85,164,111,83,181,82,192,139,33,13,172,195,40,37,15,35,88,1,189,194,31,171,116,57,0,113,196,89,5,141,119,74,183,63,51,72,147,65,102,115,14,45,55,155,184,161,80,114,177,169,191,11,104,180,163,170,95,137,90,125,149,32,68,26,100,7,175,179,27,150,136,144,70,168,17,103,105,142,190,188,186,176,42,47,132,166,123,44];False
2403;8269;10672;[4,67,193,48,10,145,91,129,8,84,122,73,174,135,21,99,16,77,112,40,56,18,62,120,24,197,26,9,143,20,3,2,121,160,92,49,130,22,38,34,124,94,75,12,165,153,187,127,39,107,87,76,50,53,93,23,30,134,58,86,69,64,101,151,54,158,199,6,71,98,25,110,81,52,182,28,162,78,60,79,185,148,167,61,41,36,46,131,59,133,96,157,138,178,152,173,66,126,198,159,140,118,109,29,154,156,106,19,108,146,43,128,85,164,111,83,181,82,192,139,33,13,172,195,71,37,15,35,88,1,189,194,31,171,116,57,0,113,196,89,5,141,119,74,183,63,51,72,147,65,102,115,14,45,55,155,184,161,80,114,177,169,191,11,104,180,163,170,95,137,90,125,149,32,68,97,100,7,175,179,27,150,136,144,70,168,17,103,105,142,190,188,186,176,42,47,132,166,123,44];False
2379;8293;10672;[4,67,193,48,10,145,91,129,8,84,122,73,174,135,21,99,16,77,112,71,56,18,62,120,24,197,26,9,143,20,3,2,121,160,92,115,130,22,38,34,124,94,75,12,165,153,187,127,39,107,87,76,50,49,93,23,30,134,58,86,69,64,101,151,54,158,199,6,117,98,25,110,81,52,182,28,162,78,60,79,185,148,167,61,41,36,46,131,59,133,96,157,138,178,152,173,66,126,198,159,140,118,109,29,154,156,106,19,108,146,43,128,85,164,111,83,181,82,192,139,33,13,172,195,40,37,15,35,88,1,189,194,31,171,116,57,0,113,196,89,5,141,119,74,183,63,51,72,147,65,102,49,14,45,55,155,184,161,80,114,177,169,191,11,104,180,163,170,95,137,90,125,149,32,68,97,100,7,175,179,27,150,136,144,70,168,17,103,105,142,190,188,186,176,42,47,132,166,123,44];False
2413;8256;10669;[4,67,193,48,10,145,91,129,8,84,122,73,174,135,21,99,16,77,112,71,56,18,62,120,24,197,26,9,143,20,3,2,121,160,92,49,130,22,38,34,124,178,75,12,165,153,187,127,39,107,87,76,50,53,93,23,30,134,58,86,69,64,101,151,54,158,199,6,117,98,25,110,81,52,182,28,162,78,60,79,185,148,167,61,41,36,46,131,59,133,96,157,138,94,152,173,66,126,198,159,140,118,109,29,154,156,106,19,108,146,43,128,85,164,111,83,181,82,192,139,33,13,172,195,40,37,15,35,88,1,189,194,31,171,116,57,0,113,196,89,5,141,119,74,183,63,51,72,147,65,102,115,14,45,55,155,184,161,80,114,177,169,191,11,104,180,163,170,95,137,90,125,178,32,68,97,100,7,175,179,27,150,136,144,70,168,17,103,105,142,190,188,186,176,42,47,132,166,123,44];False
2409;8259;10668;[4,67,193,48,10,145,91,129,8,84,122,73,174,135,21,99,16,77,112,71,56,18,62,120,24,197,26,9,143,20,3,2,121,160,92,49,130,22,38,34,124,94,75,12,165,153,187,127,39,107,87,76,50,53,93,23,30,134,58,86,69,64,101,151,54,158,199,6,117,98,25,110,81,52,182,28,162,78,60,79,185,148,167,61,41,36,46,131,59,133,96,157,138,178,152,173,155,126,198,159,140,118,109,29,154,156,106,19,108,146,43,128,85,164,111,83,181,82,192,139,33,13,172,195,40,37,15,35,88,1,189,194,31,171,116,57,0,113,196,89,5,141,119,74,183,63,51,72,147,65,102,115,14,45,55,66,184,161,80,114,177,169,191,11,104,180,163,170,95,137,90,125,149,32,68,97,100,7,175,179,27,150,136,155,70,168,17,103,105,142,190,188,186,176,42,47,132,166,123,44];False
2399;8268;10667;[4,67,193,84,10,145,91,129,8,48,122,73,174,135,21,99,16,77,112,71,56,18,62,120,24,197,26,9,143,20,3,2,121,160,92,49,130,22,38,34,124,94,75,12,165,153,187,127,39,107,87,76,50,53,93,23,30,134,58,86,69,64,101,151,54,158,199,6,117,98,25,110,81,52,182,28,162,78,60,79,185,148,167,61,41,36,46,131,59,133,96,157,138,178,152,173,66,126,198,159,140,118,109,29,154,156,106,19,108,146,43,128,85,164,111,83,181,82,192,139,33,13,172,195,40,37,15,35,88,1,189,194,31,171,116,57,0,113,196,89,5,141,119,74,183,63,51,72,147,65,102,115,14,45,55,155,184,161,80,114,177,169,191,11,48,180,163,170,95,137,90,125,149,32,68,97,100,7,175,179,27,150,136,144,70,168,17,103,105,142,190,188,186,176,42,47,132,166,123,44];False
2419;8248;10667;[4,67,193,48,10,145,91,129,8,84,122,73,174,135,21,99,16,77,112,71,56,18,62,120,24,197,26,9,143,20,3,2,121,160,92,49,130,22,38,34,124,94,75,12,165,153,187,127,39,107,87,76,50,53,93,23,30,134,58,86,69,64,101,151,54,158,199,6,117,98,25,110,81,52,182,28,162,78,60,79,185,148,167,61,41,36,46,131,59,133,96,157,138,178,152,173,66,126,198,159,140,118,109,29,154,156,106,19,108,146,43,128,85,164,111,195,181,82,192,139,33,13,172,42,40,37,15,35,88,1,189,194,31,171,116,57,0,113,196,89,5,141,119,74,183,63,51,72,147,65,102,115,14,45,55,155,184,161,80,114,177,169,191,11,104,180,163,170,95,137,90,125,149,32,68,97,100,7,175,179,27,150,136,144,70,168,17,103,105,142,190,188,186,176,195,47,132,166,123,44];False
2425;8242;10667;[4,67,193,48,10,145,91,129,8,84,122,73,174,135,21,99,16,77,112,71,56,18,62,120,24,197,26,9,143,20,3,2,121,160,92,49,130,22,38,34,124,94,75,12,165,153,187,127,39,107,87,76,50,53,93,23,30,134,58,86,69,64,101,151,54,158,199,45,117,98,25,110,81,52,182,28,162,78,60,79,185,148,167,61,41,36,46,131,59,133,96,157,138,178,152,173,66,126,198,159,140,118,109,29,154,156,106,19,108,146,43,128,85,164,111,83,181,82,192,139,33,13,172,195,40,37,15,35,88,1,189,194,31,171,116,57,0,113,196,89,5,141,119,74,183,63,51,72,147,65,102,115,45,14,55,155,184,161,80,114,177,169,191,11,104,180,163,170,95,137,90,125,149,32,68,97,100,7,175,179,27,150,136,144,70,168,17,103,105,142,190,188,186,176,42,47,132,166,123,44];False
2379;8287;10666;[4,67,193,48,10,145,91,129,8,138,122,73,174,135,21,99,16,77,112,71,56,18,62,120,24,197,26,9,143,20,3,2,121,160,92,49,130,22,38,34,124,94,75,12,165,153,187,127,39,107,87,76,50,53,93,23,30,134,58,86,69,64,101,151,54,158,199,6,117,98,25,110,81,52,182,28,162,78,60,79,185,148,167,61,41,36,46,131,59,133,96,157,84,178,152,173,66,126,198,159,140,118,109,29,154,156,106,19,108,146,43,128,85,164,111,83,181,82,192,139,33,13,172,195,40,37,15,35,88,1,189,194,31,171,116,57,0,113,196,89,5,84,119,74,183,63,51,72,147,65,102,115,14,45,55,155,184,161,80,114,177,169,191,11,104,180,163,170,95,137,90,125,149,32,68,97,100,7,175,179,27,150,136,144,70,168,17,103,105,142,190,188,186,176,42,47,132,166,123,44];False
2406;8260;10666;[4,67,193,48,10,145,91,129,8,84,122,73,174,135,21,99,16,77,112,71,56,18,62,120,24,197,26,9,143,55,3,2,121,160,92,49,130,22,38,34,124,94,75,12,165,153,187,127,39,107,87,76,50,53,93,23,30,134,58,86,69,64,101,151,54,158,199,6,117,98,25,110,81,52,182,28,162,78,60,79,185,148,167,61,41,36,46,131,59,133,96,157,138,178,152,173,66,126,198,159,140,118,109,29,154,156,106,19,108,146,43,128,85,164,111,83,181,82,192,139,33,13,172,195,40,37,15,35,88,1,189,194,31,171,116,57,0,113,20,89,5,141,119,74,183,63,51,72,147,65,102,115,14,45,20,155,184,161,80,114,177,169,191,11,104,180,163,170,95,137,90,125,149,32,68,97,100,7,175,179,27,150,136,144,70,168,17,103,105,142,190,188,186,176,42,47,132,166,123,44];False
2412;8248;10660;[4,67,193,48,10,145,91,129,8,84,122,73,174,135,21,99,16,77,112,71,56,18,62,120,24,197,26,9,61,20,3,2,121,160,92,49,130,22,38,34,124,94,75,12,165,153,187,127,39,107,87,76,50,53,93,23,30,134,58,86,69,64,101,151,54,158,199,6,117,98,25,110,81,52,182,28,143,78,60,79,185,148,167,143,41,36,46,131,59,133,96,157,138,178,152,173,66,126,198,159,140,118,109,29,154,156,106,19,108,146,43,128,85,164,111,83,181,82,192,139,33,13,172,195,40,37,15,35,88,1,189,194,31,171,116,57,0,113,196,89,5,141,119,74,183,63,51,72,147,65,102,115,14,45,55,155,184,161,80,114,177,169,191,11,104,180,163,170,95,137,90,125,149,32,68,97,100,7,175,179,27,150,136,144,70,168,17,103,105,142,190,188,186,176,42,47,132,166,123,44];False
2429;8231;10660;[4,67,193,48,10,145,91,129,8,84,122,73,174,135,21,99,16,77,112,71,56,18,62,120,24,197,26,9,143,20,3,2,121,160,92,49,130,22,38,34,124,94,75,12,165,153,187,127,39,107,87,76,50,53,93,23,30,134,58,86,69,64,101,151,54,158,199,6,117,98,25,110,81,52,182,28,14,78,60,79,185,148,167,61,41,36,46,131,59,133,96,157,138,178,152,173,66,126,198,159,140,118,109,29,154,156,106,19,108,146,43,128,85,164,111,83,181,82,192,139,33,13,172,195,40,37,15,35,88,1,189,194,31,171,116,57,0,113,196,89,5,141,119,74,183,63,51,72,147,65,14,115,102,45,55,155,184,161,80,114,177,169,191,11,104,180,163,170,95,137,90,125,149,32,68,97,100,7,175,179,27,150,136,144,70,168,17,103,105,142,190,188,186,176,42,47,132,166,123,44];False
2404;8254;10658;[4,67,193,48,10,145,91,129,8,84,122,73,174,135,21,99,16,77,112,71,56,18,62,120,24,197,26,9,143,20,3,2,121,160,92,49,130,22,38,34,124,94,75,12,165,153,187,127,39,107,87,76,50,53,93,23,30,134,58,86,69,64,101,151,54,158,199,6,117,98,25,110,81,52,182,28,162,78,60,79,185,148,31,61,41,36,46,131,59,133,96,157,138,178,152,173,66,126,198,159,140,118,109,29,154,156,106,19,108,146,43,128,85,164,111,83,181,82,192,139,33,13,172,195,40,37,15,35,88,1,189,194,167,171,116,57,0,113,196,89,5,141,119,74,183,63,51,72,147,65,102,115,14,45,55,155,184,161,80,114,177,169,191,11,104,180,163,170,95,137,90,125,149,32,68,97,100,7,175,179,27,150,136,144,31,168,17,103,105,142,190,188,186,176,42,47,132,166,123,44];False
2355;8302;10657;[180,67,193,48,10,145,91,129,8,84,122,73,174,135,21,99,16,77,112,71,56,18,62,120,24,197,26,9,143,20,3,2,121,160,92,49,130,22,38,34,124,94,75,12,165,153,187,127,180,107,87,76,50,53,93,23,30,134,58,86,69,64,101,151,54,158,199,6,117,98,25,110,81,52,182,28,162,78,60,79,185,148,167,61,41,36,46,131,59,133,96,157,138,178,152,173,66,126,198,159,140,118,109,29,154,156,106,19,108,146,43,128,85,164,111,83,181,82,192,139,33,13,172,195,40,37,15,35,88,1,189,194,31,171,116,57,0,113,196,89,5,141,119,74,183,63,51,72,147,65,102,115,14,45,55,155,184,161,80,114,177,169,191,11,104,39,163,170,95,137,90,125,149,32,68,97,100,7,175,179,27,150,136,144,70,168,17,103,105,142,190,188,186,176,42,47,132,166,123,44];False
2385;8271;10656;[4,67,193,48,10,145,91,129,8,84,122,73,174,135,21,99,72,77,112,71,56,18,62,120,24,197,26,9,143,20,3,2,121,160,92,49,130,22,38,34,124,94,75,12,165,153,187,127,39,107,87,76,50,53,93,23,30,134,58,86,69,64,101,151,54,158,199,6,117,98,25,110,81,52,182,28,162,78,60,79,185,148,167,61,41,36,46,131,59,133,96,157,138,178,152,173,66,126,198,159,140,118,109,29,154,156,106,19,108,146,43,128,85,164,111,83,181,82,192,139,33,13,172,195,40,37,15,35,88,1,189,194,31,171,116,57,0,113,196,89,5,141,119,74,183,63,51,184,147,65,102,115,14,45,55,155,72,161,80,114,177,169,191,11,104,180,163,170,95,137,90,125,149,32,68,97,100,7,175,179,27,150,136,144,70,168,17,103,105,142,190,188,186,176,42,47,132,166,123,44];False
2408;8248;10656;[4,67,193,48,10,145,91,129,8,84,122,73,174,135,21,99,16,77,112,71,56,18,62,120,24,197,26,9,143,20,3,2,121,160,92,49,130,22,38,34,124,94,75,12,165,153,187,127,39,107,87,76,50,53,93,23,30,134,58,86,69,64,101,151,54,158,199,6,117,98,25,110,81,52,182,28,162,78,60,79,185,148,167,61,41,36,46,131,59,133,96,157,138,178,152,173,66,126,198,159,140,118,109,29,154,156,106,19,108,146,43,128,85,164,111,83,181,82,192,139,33,13,172,195,40,37,15,35,88,1,189,194,31,171,116,57,0,113,196,89,5,141,175,74,183,63,51,72,147,65,102,115,14,45,55,155,184,161,80,114,177,169,191,11,104,180,163,170,95,137,90,125,149,32,68,97,100,7,132,179,27,150,136,144,70,168,17,103,105,142,190,188,186,176,42,47,175,166,123,44];False
2392;8264;10656;[4,67,193,48,10,145,91,129,8,84,122,73,174,135,21,99,16,77,112,71,56,18,62,120,24,197,26,9,143,20,3,2,121,160,92,49,130,22,38,34,124,102,75,12,165,153,187,127,39,107,87,76,50,53,93,23,30,134,58,86,69,64,101,151,54,158,199,6,117,98,25,110,81,52,182,28,162,78,60,79,185,148,167,61,41,36,46,131,59,133,96,157,138,178,152,173,66,126,198,159,140,118,109,29,154,156,106,19,108,146,43,128,94,164,111,83,181,82,192,139,33,13,172,195,40,37,15,35,88,1,189,194,31,171,116,57,0,113,196,89,5,141,119,74,183,63,51,72,147,65,94,115,14,45,55,155,184,161,80,114,177,169,191,11,104,180,163,170,95,137,90,125,149,32,68,97,100,7,175,179,27,150,136,144,70,168,17,103,105,142,190,188,186,176,42,47,132,166,123,44];False
2414;8241;10655;[19,67,193,48,10,145,91,129,8,84,122,73,174,135,21,99,16,77,112,71,56,18,62,120,24,197,26,9,143,20,3,2,121,160,92,49,130,22,38,34,124,94,75,19,165,153,187,127,39,107,87,76,50,53,93,23,30,134,58,86,69,64,101,151,54,158,199,6,117,98,25,110,81,52,182,28,162,78,60,79,185,148,167,61,41,36,46,131,59,133,96,157,138,178,152,173,66,126,198,159,140,118,109,29,154,156,106,4,108,146,43,128,85,164,111,83,181,82,192,139,33,13,172,195,40,37,15,35,88,1,189,194,31,171,116,57,0,113,196,89,5,141,119,74,183,63,51,72,147,65,102,115,14,45,55,155,184,161,80,114,177,169,191,11,104,180,163,170,95,137,90,125,149,32,68,97,100,7,175,179,27,150,136,144,70,168,17,103,105,142,190,188,186,176,42,47,132,166,123,44];False
2383;8272;10655;[4,67,193,48,10,145,91,129,8,84,12,73,174,135,21,99,16,77,112,71,56,18,62,120,24,197,26,9,143,20,3,2,121,160,92,49,130,22,38,34,124,94,75,172,165,153,187,127,39,107,87,76,50,53,93,23,30,134,58,86,69,64,101,151,54,158,199,6,117,98,25,110,81,52,182,28,162,78,60,79,185,148,167,61,41,36,46,131,59,133,96,157,138,178,152,173,66,126,198,159,140,118,109,29,154,156,106,19,108,146,43,128,85,164,111,83,181,82,192,139,33,13,12,195,40,37,15,35,88,1,189,194,31,171,116,57,0,113,196,89,5,141,119,74,183,63,51,72,147,65,102,115,14,45,55,155,184,161,80,114,177,169,191,11,104,180,163,170,95,137,90,125,149,32,68,97,100,7,175,179,27,150,136,144,70,168,17,103,105,142,190,188,186,176,42,47,132,166,123,44];False
2384;8267;10651;[4,67,193,48,10,145,91,129,8,84,122,73,174,135,21,99,16,77,112,71,56,18,62,120,24,197,26,9,143,20,3,2,121,160,92,49,130,22,38,34,124,94,75,12,165,153,187,127,39,107,87,76,50,53,93,23,30,134,58,86,69,64,101,151,54,158,199,6,117,98,25,110,81,52,182,28,162,78,60,79,185,148,167,61,41,36,46,131,194,133,96,157,138,178,152,173,66,126,198,159,140,118,109,29,154,156,106,19,108,146,43,128,85,164,111,83,181,82,192,139,33,13,172,195,40,37,15,35,88,1,189,168,31,171,116,57,0,113,196,89,5,141,119,74,183,63,51,72,147,65,102,115,14,45,55,155,184,161,80,114,177,169,191,11,104,180,163,170,95,137,90,125,149,32,68,97,100,7,175,179,27,150,136,144,70,194,17,103,105,142,190,188,186,176,42,47,132,166,123,44];False
2441;8206;10647;[4,67,193,48,10,145,91,129,8,84,122,73,174,135,21,99,16,77,112,71,56,18,62,120,24,197,26,9,143,20,3,2,121,160,92,49,130,22,38,34,124,94,75,12,165,153,187,127,39,107,87,76,50,53,93,23,30,134,58,86,69,64,101,151,54,11,199,6,117,98,25,110,81,52,182,28,162,78,60,79,185,148,167,61,41,36,46,131,59,133,96,157,138,178,152,173,66,126,198,159,140,118,109,29,154,156,106,19,108,146,43,128,85,164,111,83,181,82,192,139,33,13,172,195,40,37,15,11,88,1,189,194,31,171,116,57,0,113,196,89,5,141,119,74,183,63,51,72,147,65,102,115,14,45,55,155,184,161,80,114,177,169,191,35,104,180,163,170,95,137,90,125,149,32,68,97,100,7,175,179,27,150,136,144,70,168,17,103,105,142,190,188,186,176,42,47,132,166,123,44];False
2346;8294;10640;[4,67,193,48,10,145,91,129,8,84,122,73,174,135,21,99,16,77,112,71,56,18,62,120,24,197,26,9,143,20,3,2,121,160,92,49,130,22,38,34,124,94,75,12,165,153,187,127,39,107,103,76,50,53,93,23,30,134,58,86,69,64,101,151,54,158,199,6,117,98,25,110,81,52,182,28,162,78,60,79,185,148,167,61,41,36,46,131,59,133,96,157,138,178,152,173,66,126,198,159,140,118,109,29,154,156,106,19,108,146,43,128,85,164,111,83,181,82,192,139,33,13,172,195,40,37,15,35,88,1,189,194,31,171,116,57,0,113,196,89,5,141,119,74,183,63,51,72,147,65,102,115,14,45,55,155,184,161,80,114,177,169,191,11,104,180,163,170,95,137,90,125,149,32,68,97,100,7,175,179,27,150,136,144,103,168,17,87,105,142,190,188,186,176,42,47,132,166,123,44];False
2335;8298;10633;[4,67,193,48,10,145,91,129,8,84,122,73,174,135,21,99,16,128,112,71,56,18,62,120,24,197,26,9,143,20,3,2,121,160,92,49,130,22,38,34,124,94,75,12,165,153,187,127,39,128,87,76,50,53,93,23,30,134,58,86,69,64,101,151,54,158,199,6,117,98,25,110,81,52,182,28,162,78,60,79,185,148,167,61,41,36,46,131,59,133,96,157,138,178,152,173,66,126,198,159,140,118,109,29,154,156,106,19,108,146,43,77,85,164,111,83,181,82,192,139,33,13,172,195,40,37,15,35,88,1,189,194,31,171,116,57,0,113,196,89,5,141,119,74,183,63,51,72,147,65,102,115,14,45,55,155,184,161,80,114,177,169,191,11,104,180,163,170,95,137,90,125,149,32,68,97,100,7,175,179,27,150,136,144,70,168,17,103,105,142,190,188,186,176,42,47,132,166,123,44];False
2383;8249;10632;[4,67,193,118,10,145,91,129,8,84,122,73,174,135,21,99,16,77,112,71,56,18,62,120,24,197,26,9,143,20,3,2,121,160,92,49,130,22,38,34,124,94,75,12,165,153,187,127,39,107,87,76,50,53,93,23,30,134,58,86,69,64,101,151,54,158,199,6,117,98,25,110,81,52,182,28,162,78,60,79,185,148,167,61,41,36,46,131,59,133,96,157,138,178,152,173,66,126,198,159,140,48,109,29,154,156,106,19,108,146,43,128,85,164,111,83,181,82,192,139,33,13,172,195,40,37,15,35,88,1,189,194,31,171,116,57,0,113,196,89,5,141,119,74,118,63,51,72,147,65,102,115,14,45,55,155,184,161,80,114,177,169,191,11,104,180,163,170,95,137,90,125,149,32,68,97,100,7,175,179,27,150,136,144,70,168,17,103,105,142,190,188,186,176,42,47,132,166,123,44];False
2400;8232;10632;[4,67,193,48,10,145,91,129,8,84,122,73,174,135,21,99,16,77,112,71,56,18,62,120,24,197,26,9,143,20,3,2,121,160,92,49,130,22,38,34,124,94,75,12,165,153,187,127,39,107,87,76,50,53,93,23,30,134,58,86,69,64,101,151,54,158,199,6,117,110,25,98,81,52,182,28,162,78,60,79,185,148,167,61,41,36,46,98,59,133,96,157,138,178,152,173,66,126,198,159,140,118,109,29,154,156,106,19,108,146,43,128,85,164,111,83,181,82,192,139,33,13,172,195,40,37,15,35,88,1,189,194,31,171,116,57,0,113,196,89,5,141,119,74,183,63,51,72,147,65,102,115,14,45,55,155,184,161,80,114,177,169,191,11,104,180,163,170,95,137,90,125,149,32,68,97,100,7,175,179,27,150,136,144,70,168,17,103,105,142,190,188,186,176,42,47,132,166,123,44];True
2338;8284;10622;[4,67,193,48,10,108,91,129,8,84,122,73,174,135,21,99,16,77,112,71,56,18,62,120,24,197,26,9,143,20,3,2,121,160,92,49,130,22,38,34,124,94,75,12,165,153,187,127,39,107,87,76,50,53,93,23,30,134,58,86,69,64,101,151,54,158,199,6,117,98,25,110,81,52,182,28,162,78,60,79,108,148,167,61,41,36,46,131,59,133,96,157,138,178,152,173,66,126,198,159,140,118,109,29,154,156,106,19,145,146,43,128,85,164,111,83,181,82,192,139,33,13,172,195,40,37,15,35,88,1,189,194,31,171,116,57,0,113,196,89,5,141,119,74,183,63,51,72,147,65,102,115,14,45,55,155,184,161,80,114,177,169,191,11,104,180,163,170,95,137,90,125,149,32,68,97,100,7,175,179,27,150,136,144,70,168,17,103,105,142,190,188,186,176,42,47,132,166,123,44];False
2379;8237;10616;[4,67,193,48,10,145,91,129,8,84,122,73,174,135,21,99,16,77,112,71,56,18,131,120,24,197,26,9,143,20,3,2,121,160,92,49,130,22,38,34,124,94,75,12,165,153,187,127,39,107,87,76,50,53,93,23,30,134,58,86,69,64,101,151,54,158,199,6,117,98,25,110,81,52,182,28,162,78,60,79,185,148,167,61,41,36,46,125,59,133,96,157,138,178,152,173,66,126,198,159,140,118,109,29,154,156,106,19,108,146,43,128,85,164,111,83,181,82,192,139,33,13,172,195,40,37,15,35,88,1,189,194,31,171,116,57,0,113,196,89,5,141,119,74,183,63,51,72,147,65,102,115,14,45,55,155,184,161,80,114,177,169,191,11,104,180,163,170,95,137,90,131,149,32,68,97,100,7,175,179,27,150,136,144,70,168,17,103,105,142,190,188,186,176,42,47,132,166,123,44];True
2417;8199;10616;[4,67,193,48,10,145,91,129,8,84,122,73,174,135,21,99,16,77,112,71,56,18,42,120,24,197,26,9,143,20,3,2,121,160,92,49,130,22,38,34,124,94,75,12,165,153,187,127,39,107,87,76,50,53,93,23,30,134,58,86,62,64,101,151,54,158,199,6,117,98,25,110,81,52,182,28,162,78,60,79,185,148,167,61,41,36,46,131,59,133,96,157,138,178,152,173,66,126,198,159,140,118,109,29,154,156,106,19,108,146,43,128,85,164,111,83,181,82,192,139,33,13,172,195,40,37,15,35,88,1,189,194,31,171,116,57,0,113,196,89,5,141,119,74,183,63,51,72,147,65,102,115,14,45,55,155,184,161,80,114,177,169,191,11,104,180,163,170,95,137,90,125,149,32,68,97,100,7,175,179,27,150,136,144,70,168,17,103,105,142,190,188,186,176,62,47,132,166,123,44];True
2423;8191;10614;[4,67,193,48,10,145,91,129,8,84,122,73,174,135,21,99,16,77,112,71,56,18,69,120,24,197,26,9,143,20,3,2,121,160,92,49,130,22,38,34,124,94,75,69,165,153,187,127,39,107,87,76,50,53,93,23,30,134,58,86,12,64,101,151,54,158,199,6,117,98,25,110,81,52,182,28,162,78,60,79,185,148,167,61,41,36,46,131,59,133,96,157,138,178,152,173,66,126,198,159,140,118,109,29,154,156,106,19,108,146,43,128,85,164,111,83,181,82,192,139,33,13,172,195,40,37,15,35,88,1,189,194,31,171,116,57,0,113,196,89,5,141,119,74,183,63,51,72,147,65,102,115,14,45,55,155,184,161,80,114,177,169,191,11,104,180,163,170,95,137,90,125,149,32,68,97,100,7,175,179,27,150,136,144,70,168,17,103,105,142,190,188,186,176,42,47,132,166,123,44];True
2349;8250;10599;[4,67,193,48,10,145,91,129,8,84,122,184,174,135,21,99,16,77,112,71,56,18,62,120,24,197,26,9,143,20,3,2,121,160,92,49,130,22,38,34,124,94,75,12,165,153,187,127,39,107,87,76,50,53,93,23,30,134,58,86,69,64,101,151,54,158,199,6,117,98,25,110,81,52,182,28,162,78,60,79,185,148,167,61,41,36,46,131,59,133,96,157,138,178,152,173,66,126,198,159,140,118,109,29,154,156,106,19,108,146,43,128,85,164,111,83,181,82,192,139,33,13,172,195,40,37,15,35,88,1,189,194,31,171,116,57,0,113,196,89,5,141,119,74,183,63,51,72,147,65,184,115,14,45,55,155,102,161,80,114,177,169,191,11,104,180,163,170,95,137,90,125,149,32,68,97,100,7,175,179,27,150,136,144,70,168,17,103,105,142,190,188,186,176,42,47,132,166,123,44];False
2317;8280;10597;[4,67,193,48,10,145,91,129,8,84,122,73,174,135,21,99,16,77,112,71,56,18,62,120,24,197,26,9,143,20,3,2,121,160,92,49,130,22,38,34,124,94,75,12,165,153,187,127,39,107,87,96,50,53,93,23,30,134,58,86,69,64,101,151,54,158,199,6,117,98,25,110,81,52,182,28,162,78,60,79,185,148,167,61,41,36,46,131,59,133,76,157,138,178,152,173,66,126,198,159,140,118,109,29,154,156,106,19,108,146,43,128,85,164,111,83,181,82,192,139,33,13,172,195,40,37,15,35,88,1,189,194,31,171,116,57,0,113,196,89,5,141,119,74,183,63,51,72,147,65,102,115,14,45,55,155,184,161,80,114,177,96,191,11,104,180,163,170,95,137,90,125,149,32,68,97,100,7,175,179,27,150,136,144,70,168,17,103,105,142,190,188,186,176,42,47,132,166,123,44];False
2325;8271;10596;[4,67,193,48,10,145,91,129,8,84,122,73,174,135,21,99,16,77,112,71,56,18,62,120,24,197,26,9,143,20,3,2,121,160,92,49,130,22,38,34,124,94,75,12,165,153,187,127,39,107,87,76,50,53,93,23,30,134,58,86,69,64,101,151,54,158,199,6,117,98,25,110,81,52,182,28,162,78,60,79,185,148,167,61,41,36,46,131,59,133,96,157,138,178,152,173,66,126,198,159,140,102,109,29,154,156,106,118,108,146,43,128,85,164,111,83,181,82,192,139,33,13,172,195,40,37,15,35,88,1,189,194,31,171,116,57,0,113,196,89,5,141,119,74,183,63,51,72,147,65,118,115,14,45,55,155,184,161,80,114,177,169,191,11,104,180,163,170,95,137,90,125,149,32,68,97,100,7,175,179,27,150,136,144,70,168,17,103,105,142,190,188,186,176,42,47,132,166,123,44];False
2332;8245;10577;[4,67,193,48,10,145,91,129,8,84,122,73,174,135,21,99,16,77,112,71,56,18,62,120,24,197,26,9,143,20,3,2,121,160,92,49,130,22,38,34,124,94,75,12,165,153,187,127,39,107,87,76,50,53,93,23,30,134,58,86,69,64,101,151,54,158,199,6,117,98,25,110,81,52,182,28,162,78,60,79,185,148,167,61,41,36,46,131,59,133,96,157,138,178,152,173,66,126,198,159,140,118,109,29,154,156,106,19,108,55,43,128,85,164,111,83,181,82,192,139,33,13,172,195,40,37,15,35,88,1,189,194,31,171,116,57,0,113,196,89,5,141,119,74,183,63,51,72,147,65,102,115,14,45,104,155,184,161,80,114,177,169,191,11,55,180,163,170,95,137,90,125,149,32,68,97,100,7,175,179,27,150,136,144,70,168,17,103,105,142,190,188,186,176,42,47,132,166,123,44];False
2320;8247;10567;[4,67,193,48,10,145,91,129,8,84,122,73,174,135,21,99,16,77,112,71,56,18,62,120,24,197,26,9,143,20,3,2,121,160,92,49,130,22,38,34,124,94,75,12,165,153,187,127,39,107,87,76,50,53,93,23,30,134,58,86,69,64,101,151,54,158,199,6,117,98,25,110,81,52,182,28,162,78,60,79,185,148,167,61,176,36,46,131,59,133,96,157,138,178,152,173,66,126,198,159,140,118,109,29,154,156,106,19,108,146,43,128,85,164,111,83,181,82,176,139,33,13,172,195,40,37,15,35,88,1,189,194,31,171,116,57,0,113,196,89,5,141,119,74,183,63,51,72,147,65,102,115,14,45,55,155,184,161,80,114,177,169,191,11,104,180,163,170,95,137,90,125,149,32,68,97,100,7,175,179,27,150,136,144,70,168,17,103,105,142,190,188,186,192,42,47,132,166,123,44];False
2307;8252;10559;[142,67,193,48,10,145,91,129,8,84,122,73,174,135,21,99,16,4,112,71,56,18,62,120,24,197,26,9,143,20,3,2,121,160,92,49,130,22,38,34,124,94,75,12,165,153,187,127,39,107,87,76,50,53,93,23,30,134,58,86,69,64,101,151,54,158,199,6,117,98,25,110,81,52,182,28,162,78,60,79,185,148,167,61,41,36,46,131,59,133,96,157,138,178,152,173,66,126,198,159,140,118,109,29,154,156,106,19,108,146,43,128,85,164,111,83,181,82,192,139,33,13,172,195,40,37,15,35,88,1,189,194,31,171,116,57,0,113,196,89,5,141,119,74,183,63,51,72,147,65,102,115,14,45,55,155,184,161,80,114,177,169,191,11,104,180,163,170,95,137,90,125,149,32,68,97,100,7,175,179,27,150,136,144,70,168,17,103,105,4,190,188,186,176,42,47,132,166,123,44];False
2257;8239;10496;[4,67,193,48,10,145,91,129,8,84,122,73,174,135,21,99,16,77,112,71,56,18,62,120,24,197,26,9,143,20,3,2,121,160,92,49,130,22,38,34,124,94,75,12,165,153,187,127,39,107,87,76,50,53,93,23,30,134,58,86,69,64,101,151,54,158,199,6,117,98,25,110,81,52,182,28,162,78,60,79,185,148,167,61,41,36,46,131,59,133,96,157,138,178,152,173,66,126,198,159,140,118,109,29,154,156,106,19,108,146,43,128,85,164,111,83,181,82,192,139,33,13,172,195,40,37,15,35,88,1,189,194,31,171,116,57,0,113,196,89,5,141,119,74,183,63,51,72,147,65,102,115,14,45,55,155,184,161,80,114,177,169,191,11,104,180,163,170,95,137,90,125,149,32,68,97,100,7,175,179,27,150,136,144,70,168,17,103,105,142,190,188,186,176,42,47,132,166,123,44];True
