utilA;utilB;utilSum;contract;pareto
10491;9657;20148;[0,1,2,3,4,5,6,7,8,9,10,11,12,13,14,15,16,17,18,19,20,21,22,23,56,25,26,27,28,29,30,31,32,33,34,35,36,37,38,39,40,41,42,43,44,45,46,47,48,49,50,51,52,53,54,55,24,57,58,59,60,61,62,63,64,65,66,67,68,69,70,71,72,73,74,75,76,77,78,79,80,81,82,83,84,85,86,87,88,89,90,91,92,168,94,95,96,97,98,99,100,101,102,103,104,105,106,107,108,109,110,111,112,113,114,115,116,117,118,119,120,121,122,123,124,125,126,127,128,129,130,131,132,133,134,135,136,137,138,139,140,141,142,143,144,145,146,147,148,149,150,151,152,153,154,155,156,157,158,159,160,161,162,163,164,165,166,167,93,169,170,171,172,173,174,175,176,177,178,179,180,181,182,183,184,185,186,187,188,189,190,191,192,193,194,195,196,197,198,199,];False
10362;9675;20037;[0,1,2,3,4,5,6,7,8,9,10,11,12,13,14,15,16,17,18,19,20,21,22,23,24,25,26,27,28,29,30,31,32,33,34,35,36,37,38,39,40,41,42,43,44,45,46,47,48,49,50,51,52,53,54,55,56,57,58,59,60,61,62,63,64,65,66,67,68,69,70,71,72,73,74,75,76,77,78,79,80,81,82,83,84,85,86,87,88,89,90,91,92,93,94,95,96,97,98,99,100,101,102,103,104,105,106,107,108,109,110,111,112,113,114,115,116,117,118,119,120,121,122,123,124,125,126,127,128,129,130,131,132,133,134,135,136,137,138,139,140,141,142,143,144,145,146,147,148,149,150,151,152,153,154,155,156,157,158,159,160,161,162,163,164,165,166,167,168,169,170,171,172,173,174,175,176,177,178,179,180,181,182,183,184,185,186,187,188,189,190,191,192,193,194,195,196,197,198,199,];False
10392;9633;20025;[0,1,2,3,4,5,6,7,8,9,10,11,12,13,14,15,16,17,18,19,20,21,22,23,24,25,26,27,28,29,30,31,32,33,34,35,36,37,38,39,40,41,42,43,44,45,46,47,48,49,50,51,52,53,54,55,56,57,58,59,60,61,62,63,64,65,66,67,68,69,70,71,72,73,74,75,76,77,78,79,80,81,82,83,84,85,86,87,88,89,90,91,92,168,94,95,96,97,98,99,100,101,102,103,104,105,106,107,108,109,110,111,112,113,114,115,116,117,118,119,120,121,122,123,124,125,126,127,128,129,130,131,132,133,134,135,136,137,138,139,140,141,142,143,144,145,146,147,148,149,150,151,152,153,154,155,156,157,158,159,160,161,162,163,164,165,166,167,93,169,170,171,172,173,174,175,176,177,178,179,180,181,182,183,184,185,186,187,188,189,190,191,192,193,194,195,196,197,198,199,];False
10397;9612;20009;[0,1,2,3,4,5,6,7,8,9,10,11,12,13,14,15,16,17,18,19,20,21,22,23,24,25,26,27,28,29,30,31,32,33,34,35,36,37,38,39,40,41,42,43,44,45,46,47,48,49,50,51,52,53,54,55,56,57,58,59,60,61,62,63,64,65,66,67,68,69,70,71,72,73,74,75,76,77,78,79,80,81,82,83,84,85,86,87,88,89,90,91,92,168,94,95,96,97,98,99,100,101,102,103,104,105,106,107,108,109,110,111,112,113,114,115,116,117,118,119,120,121,122,123,124,125,126,127,128,129,130,131,132,133,134,135,136,137,138,139,140,141,142,143,144,145,146,147,148,149,150,151,152,153,154,155,156,157,158,159,160,161,162,163,164,165,166,167,93,169,170,171,172,173,174,175,176,177,178,179,180,181,182,183,195,185,186,187,188,189,190,191,192,193,194,184,196,197,198,199,];False
10316;9630;19946;[0,1,2,3,4,5,6,7,8,9,10,11,12,13,14,15,16,17,18,19,20,21,22,23,24,25,26,27,28,29,30,31,32,33,34,35,36,37,38,39,40,41,42,73,44,45,46,47,48,49,50,86,52,53,54,55,56,57,58,59,60,61,62,63,64,65,66,67,68,69,70,71,72,43,74,75,76,77,78,79,80,81,82,83,84,85,51,87,88,89,90,91,92,168,94,95,96,97,98,99,100,101,102,103,104,105,106,107,108,109,110,111,112,113,114,115,116,117,118,119,120,121,122,123,124,125,126,127,128,129,130,131,132,133,134,135,136,137,138,139,140,141,142,143,144,145,146,147,148,149,150,151,152,153,154,155,156,157,158,159,160,161,162,163,164,165,166,167,93,169,170,171,172,173,174,175,176,177,178,179,180,181,182,183,195,185,186,187,188,189,190,191,192,193,194,184,196,197,198,199,];False
10290;9627;19917;[0,1,2,3,4,5,6,7,8,11,10,9,12,13,14,15,16,17,18,19,20,21,22,23,24,25,26,27,28,29,30,31,32,33,34,35,36,37,38,39,40,41,42,43,44,45,46,47,48,49,50,86,52,53,54,55,56,57,58,59,60,61,62,63,64,65,66,67,68,69,70,71,72,73,74,75,76,77,78,79,80,81,82,83,84,85,51,87,88,89,90,91,92,168,94,95,96,97,98,99,100,101,102,103,104,105,106,107,108,109,110,111,112,113,114,115,116,117,118,119,120,121,122,123,124,125,126,127,128,129,130,131,132,133,134,135,136,137,138,139,140,141,142,143,144,145,146,147,148,149,150,151,152,153,154,155,156,157,158,159,160,161,162,163,164,165,166,167,93,169,170,171,172,173,174,175,176,177,178,179,180,181,182,183,195,185,186,187,188,189,190,191,192,193,194,184,196,197,198,199,];False
10443;9471;19914;[0,1,2,3,72,5,6,61,38,199,10,11,12,13,14,15,16,17,18,196,20,21,101,23,24,25,26,27,28,29,30,31,32,33,34,35,36,37,8,39,40,41,118,122,44,45,46,47,48,49,50,86,52,53,54,55,56,57,58,59,60,7,62,63,64,65,66,67,68,69,70,71,4,73,74,75,76,77,78,79,80,81,82,83,84,85,51,87,88,89,90,191,92,168,94,95,96,97,98,99,100,22,102,103,197,105,106,107,108,109,110,111,112,113,114,115,116,117,42,119,120,121,43,123,124,125,126,127,128,129,130,131,132,133,134,135,136,137,138,139,140,141,142,143,144,145,146,147,148,149,150,151,152,153,154,155,156,157,158,159,160,161,162,163,164,165,166,167,93,169,170,171,172,173,174,175,176,177,178,179,180,181,182,183,195,185,186,187,188,189,190,91,192,193,194,184,19,104,198,9,];False
10297;9613;19910;[0,1,2,3,4,5,6,7,8,9,10,11,12,13,14,15,16,17,18,19,20,21,22,23,24,25,26,27,28,29,30,31,32,33,34,35,36,37,38,39,40,41,42,43,44,45,46,47,48,49,50,86,52,53,54,55,56,57,58,59,60,61,62,63,64,65,66,67,68,69,70,71,72,73,74,75,76,77,78,79,80,81,82,83,84,85,51,87,88,89,90,91,92,168,94,95,96,97,98,99,100,101,102,103,104,105,106,107,108,109,110,111,112,113,114,115,116,117,118,119,120,121,122,123,124,125,126,127,128,129,130,131,132,133,134,135,136,137,138,139,140,141,142,143,144,145,146,147,148,149,150,151,170,153,154,155,156,157,158,159,160,161,162,163,164,165,166,167,93,169,152,171,172,173,174,175,176,177,178,179,180,181,182,183,195,185,186,187,188,189,190,191,192,193,194,184,196,197,198,199,];False
10284;9594;19878;[0,1,2,3,4,5,6,7,8,9,10,11,12,13,14,15,16,17,18,19,20,21,22,23,24,25,26,27,28,29,30,31,32,33,34,35,36,37,38,39,40,41,42,43,44,45,46,47,48,49,50,86,52,53,54,55,56,57,58,59,60,61,62,63,64,65,66,67,68,69,70,71,72,73,74,75,76,77,78,79,80,81,82,83,84,85,51,87,88,89,90,91,92,168,94,95,96,97,98,99,100,101,102,103,104,105,106,107,108,109,110,111,112,113,114,115,116,117,118,119,120,121,122,123,124,125,126,127,128,129,130,131,132,133,134,135,136,137,138,139,140,141,142,143,144,145,146,147,148,149,150,151,152,153,154,155,156,157,158,159,160,161,162,163,164,165,166,167,93,169,170,171,172,173,174,175,176,177,178,179,180,181,182,183,195,185,186,187,188,189,190,191,192,193,194,184,196,197,198,199,];False
10413;9455;19868;[0,1,2,3,72,5,6,61,38,199,10,11,12,13,14,15,16,17,18,196,20,21,22,23,24,25,26,27,28,29,30,31,32,33,34,35,36,37,8,39,40,41,118,122,44,45,46,47,48,49,50,86,52,53,54,55,56,57,58,59,60,7,62,63,64,65,66,67,68,69,70,71,4,73,74,75,76,77,78,79,80,81,82,83,84,85,138,87,88,89,90,191,92,168,94,95,96,97,98,99,100,101,102,103,197,105,106,107,108,109,110,111,112,113,114,115,116,117,42,119,120,121,43,123,124,125,126,127,128,129,130,131,132,133,134,135,136,137,51,139,140,141,142,143,144,145,146,147,148,149,150,151,152,153,154,155,156,157,158,159,160,161,162,163,164,165,166,167,93,169,170,171,172,173,174,175,176,177,178,179,180,181,182,183,195,185,186,187,188,189,190,91,192,193,194,184,19,104,198,9,];False
10218;9572;19790;[0,1,2,3,4,5,6,61,8,9,10,11,12,13,14,15,16,17,18,19,20,21,22,23,24,25,26,27,28,29,30,31,32,33,34,35,36,37,38,39,40,41,42,43,44,45,46,47,48,49,50,86,52,53,54,55,56,57,58,59,60,7,62,63,64,65,66,67,68,69,70,71,72,73,74,75,76,77,78,79,80,81,82,83,84,85,51,87,88,89,90,91,92,168,94,95,96,97,98,99,100,101,102,103,104,105,106,107,108,109,110,111,112,113,114,115,116,117,118,119,120,121,122,123,124,125,126,127,128,129,130,131,132,133,134,135,136,137,138,139,140,141,142,143,144,145,146,147,148,149,150,151,152,153,154,155,156,157,158,159,160,161,162,163,164,165,166,167,93,169,170,171,172,173,174,175,176,177,178,179,180,181,182,183,195,185,186,187,188,189,190,191,192,193,194,184,196,197,198,199,];False
10209;9580;19789;[0,1,2,3,4,5,6,61,8,9,10,11,12,13,14,15,16,17,18,19,20,21,22,23,24,25,26,27,28,29,30,31,32,33,34,35,36,37,38,39,40,41,42,43,44,45,46,47,48,49,50,86,52,53,54,55,56,57,58,59,60,7,62,63,64,65,66,67,180,69,70,71,72,73,74,75,76,77,78,79,80,81,82,83,84,85,51,87,88,89,90,91,92,168,94,95,96,97,98,99,100,101,102,103,104,105,106,107,108,109,110,111,112,113,114,115,116,117,118,119,120,121,122,123,124,125,126,127,128,129,130,131,132,133,134,135,136,137,138,139,140,141,142,143,144,145,146,147,148,149,150,151,152,153,154,155,156,157,158,159,160,161,162,163,164,165,166,167,93,169,170,171,172,173,174,175,176,177,178,179,68,181,182,183,195,185,186,187,188,189,190,191,192,193,194,184,196,197,198,199,];False
10341;9446;19787;[0,1,2,3,72,5,6,61,38,199,10,11,12,13,14,15,16,17,18,196,20,21,22,23,24,25,26,27,28,29,30,31,32,33,34,35,36,37,8,39,40,41,118,122,44,45,46,47,48,49,50,86,52,53,54,55,56,57,58,59,60,7,62,63,64,65,66,67,68,69,70,71,4,73,74,75,76,77,78,79,80,81,82,83,84,85,51,87,88,89,90,191,92,168,94,95,96,97,98,99,100,101,102,103,197,105,106,107,108,109,110,111,112,113,114,115,116,117,42,119,120,121,43,123,124,125,126,127,128,129,130,131,132,133,134,135,136,137,138,139,140,141,142,143,144,145,146,147,148,149,150,151,152,153,154,155,156,157,158,159,160,161,162,163,164,165,166,167,93,169,170,171,172,173,174,175,176,177,178,179,180,181,182,183,195,185,186,187,188,189,190,91,192,193,194,184,19,104,198,9,];False
10257;9515;19772;[0,1,2,3,4,5,6,61,8,199,10,11,12,13,14,15,16,17,18,19,20,21,22,23,24,25,26,27,28,29,30,31,32,33,34,35,36,37,38,39,40,41,118,122,44,45,46,47,48,49,50,86,52,53,54,55,56,57,58,59,60,7,62,63,64,65,66,67,68,69,70,71,72,73,74,75,76,77,78,79,80,81,82,128,84,85,51,87,88,89,90,91,92,168,94,95,96,97,98,99,100,101,102,103,197,105,106,107,108,109,110,111,112,113,114,115,116,117,42,119,120,121,43,123,124,125,126,127,83,129,130,131,132,133,134,135,136,137,138,139,140,141,142,143,144,145,146,147,148,149,150,151,152,153,154,155,156,157,158,159,160,161,162,163,164,165,166,167,93,169,170,171,172,173,174,175,176,177,178,179,180,181,182,183,195,185,186,187,188,189,190,191,192,193,194,184,196,104,198,9,];False
10229;9538;19767;[0,1,2,3,4,5,6,61,8,199,10,11,12,13,14,15,16,17,18,19,20,21,22,23,24,25,26,27,28,29,30,31,32,33,34,35,36,37,38,39,40,41,118,122,44,45,46,47,48,49,50,86,52,53,54,55,56,57,58,59,60,7,62,63,64,65,66,67,68,69,70,71,72,73,74,75,76,77,78,79,80,81,82,83,84,85,51,87,88,89,90,91,92,168,94,95,96,97,98,99,100,101,102,103,197,105,127,107,108,109,110,111,112,113,114,115,116,117,42,119,120,121,43,123,124,125,126,106,128,129,130,131,132,133,134,135,136,137,138,139,140,141,142,143,144,145,146,147,148,149,150,151,152,153,154,155,156,157,158,159,160,161,162,163,164,165,166,167,93,169,170,171,172,173,174,175,176,177,178,179,180,181,182,183,195,185,186,187,188,189,190,191,192,193,194,184,196,104,198,9,];False
10317;9448;19765;[0,1,2,3,72,5,6,61,8,199,10,11,12,13,14,15,16,17,18,196,20,21,22,23,24,25,26,27,28,29,30,31,32,33,34,35,36,37,38,39,40,41,118,122,44,45,46,47,48,49,50,86,52,53,54,55,56,57,58,59,60,7,62,63,64,65,66,67,68,69,70,71,4,73,74,75,76,77,78,79,80,81,82,83,84,85,51,87,88,89,90,191,92,168,94,95,96,97,98,99,100,101,102,103,197,105,106,107,108,109,110,111,112,113,114,115,116,117,42,119,120,121,43,123,124,125,126,127,128,129,130,131,132,133,134,135,136,137,138,139,140,141,142,143,144,145,146,147,148,149,150,151,152,153,154,155,156,157,158,159,160,161,162,163,164,165,166,167,93,169,170,171,172,173,174,175,176,177,178,179,180,181,182,183,195,185,186,187,188,189,190,91,192,193,194,184,19,104,198,9,];False
10266;9498;19764;[0,1,2,3,4,5,6,61,8,199,10,11,12,13,14,15,16,17,83,19,20,21,22,23,24,25,26,27,28,29,30,31,32,33,34,35,36,37,38,39,40,41,118,122,44,45,46,47,48,49,50,86,52,53,54,55,56,57,58,59,60,7,62,63,64,65,66,67,68,69,70,71,72,73,74,75,76,77,78,79,80,81,82,18,84,85,51,87,88,89,90,91,92,168,94,95,96,97,98,99,100,101,102,103,197,105,106,107,108,109,110,111,112,113,114,115,116,117,42,119,120,121,43,123,124,125,126,127,128,129,130,131,132,133,134,135,136,137,138,139,140,141,142,143,144,145,146,147,148,149,150,151,152,153,154,155,156,157,158,159,160,161,162,163,164,165,166,167,93,169,170,171,172,173,174,175,176,177,178,179,180,181,182,183,195,185,186,187,188,189,190,191,192,193,194,184,196,104,198,9,];False
10186;9567;19753;[0,1,2,3,4,5,6,61,8,199,10,11,12,13,14,15,16,17,18,19,20,21,22,23,24,25,26,27,28,29,30,31,32,33,34,35,36,37,38,39,40,41,42,43,44,45,46,47,48,49,50,86,52,53,54,55,56,57,58,59,60,7,62,63,64,65,66,67,68,69,70,71,72,73,74,75,76,77,78,79,80,81,82,83,84,85,51,87,88,89,90,91,92,168,94,95,96,97,98,99,100,101,102,103,104,105,106,107,108,109,110,111,112,113,114,115,116,117,118,119,120,121,122,123,124,125,126,127,128,129,130,131,132,133,134,135,136,137,138,139,140,141,142,143,144,145,146,147,148,149,150,151,152,153,154,155,156,157,158,159,160,161,162,163,164,165,166,167,93,169,170,171,172,173,174,175,176,177,178,179,180,181,182,183,195,185,186,187,188,189,190,191,192,193,194,184,196,197,198,9,];False
10272;9472;19744;[0,1,2,3,4,5,6,61,8,199,10,11,12,13,14,15,16,17,18,196,20,21,22,23,24,25,26,27,28,29,30,31,32,33,34,35,36,37,38,39,40,41,118,122,44,45,46,47,48,49,50,86,52,53,54,55,56,57,58,59,60,7,62,63,64,65,66,67,68,69,70,71,72,73,74,75,76,77,78,79,80,81,82,83,84,85,51,87,88,89,90,91,92,168,94,95,96,97,98,99,100,101,102,103,197,105,106,107,108,109,110,111,112,113,114,115,116,117,42,119,120,121,43,123,124,125,126,127,128,129,130,131,132,133,134,135,136,137,138,139,140,141,142,143,144,145,146,147,148,149,150,151,152,153,154,155,156,157,158,159,160,161,162,163,164,165,166,167,93,169,170,171,172,173,174,175,176,177,178,179,180,181,182,183,195,185,186,187,188,189,190,191,192,193,194,184,19,104,198,9,];False
10289;9443;19732;[0,1,2,3,72,5,6,61,38,199,10,11,12,13,14,15,16,17,18,196,20,21,22,23,24,25,26,27,28,29,30,31,32,33,34,35,36,37,8,39,40,41,118,122,44,45,46,47,48,49,50,86,52,53,54,55,56,57,58,59,60,7,62,63,64,65,66,67,68,69,70,71,4,73,74,75,76,77,78,79,80,81,82,83,84,85,51,87,88,89,90,191,92,168,94,95,96,97,98,99,100,101,102,103,197,105,106,107,108,109,110,111,112,113,114,115,116,117,42,119,120,121,43,123,124,125,126,127,128,129,153,131,132,133,134,135,136,137,138,139,140,141,142,143,144,145,146,147,148,149,150,151,152,130,154,155,156,157,158,159,160,161,162,163,164,165,166,167,93,169,170,171,172,173,174,175,176,177,178,179,180,181,182,183,195,185,186,187,188,189,190,91,192,193,194,184,19,104,198,9,];False
10252;9472;19724;[0,1,2,3,72,5,6,61,8,199,10,11,12,13,14,15,16,17,18,196,20,21,22,23,24,25,26,27,28,29,30,31,32,33,34,35,36,37,38,39,40,41,118,122,44,45,46,47,48,49,50,86,52,53,54,55,56,57,58,59,60,7,62,63,64,65,66,67,68,69,70,71,4,73,74,75,76,77,78,79,80,81,82,83,84,85,51,87,88,89,90,91,92,168,94,95,96,97,98,99,100,101,102,103,197,105,106,107,108,109,110,111,112,113,114,115,116,117,42,119,120,121,43,123,124,125,126,127,128,129,130,131,132,133,134,135,136,137,138,139,140,141,142,143,144,145,146,147,148,149,150,151,152,153,154,155,156,157,158,159,160,161,162,163,164,165,166,167,93,169,170,171,172,173,174,175,176,177,178,179,180,181,182,183,195,185,186,187,188,189,190,191,192,193,194,184,19,104,198,9,];False
10154;9559;19713;[0,1,2,3,4,5,6,61,8,199,10,11,12,13,14,15,16,17,18,19,20,21,22,23,24,25,26,27,28,29,30,31,32,33,34,35,36,37,38,39,40,41,42,122,44,45,46,47,48,49,50,86,52,53,54,55,56,57,58,59,60,7,62,63,64,65,66,67,68,69,70,71,72,73,74,75,76,77,78,79,80,81,82,83,84,85,51,87,88,89,90,91,92,168,94,95,96,97,98,99,100,101,102,103,104,105,106,107,108,109,110,111,112,113,114,115,116,117,118,119,120,121,43,123,124,125,126,127,128,129,130,131,132,133,134,135,136,137,138,139,140,141,142,143,144,145,146,147,148,149,150,151,152,153,154,155,156,157,158,159,160,161,162,163,164,165,166,167,93,169,170,171,172,173,174,175,176,177,178,179,180,181,182,183,195,185,186,187,188,189,190,191,192,193,194,184,196,197,198,9,];False
10233;9475;19708;[0,1,2,3,72,5,6,61,38,199,10,11,12,13,14,15,16,17,18,196,20,21,22,23,24,25,26,27,28,29,30,31,32,147,34,35,36,37,8,39,40,41,118,122,44,45,46,47,48,49,50,86,52,53,54,55,56,59,58,57,60,7,62,63,64,65,66,67,68,69,70,71,4,73,74,75,76,77,78,79,80,81,82,83,84,85,51,87,88,89,90,191,92,168,94,95,96,97,98,99,100,101,102,103,197,105,106,107,108,109,110,111,112,113,114,115,116,117,42,119,120,121,43,123,124,125,126,127,128,129,153,131,132,133,134,135,136,137,138,139,140,141,142,143,144,145,146,33,148,149,150,151,152,130,154,155,156,157,158,159,160,161,162,163,164,165,166,167,93,169,170,171,172,173,174,175,176,177,178,179,180,181,182,183,195,185,186,187,188,189,190,91,192,193,194,184,19,104,198,9,];False
10236;9467;19703;[0,1,2,3,72,5,6,61,38,199,10,11,12,13,14,15,16,17,18,196,20,21,22,23,24,25,26,27,28,29,30,31,32,33,34,35,36,37,8,39,40,41,118,122,44,45,46,47,48,49,50,86,52,53,54,55,56,57,58,59,60,7,62,63,64,65,66,67,68,69,70,71,4,73,74,75,76,77,78,79,80,81,82,83,84,85,51,87,88,89,90,191,92,168,94,95,96,97,98,99,166,101,102,103,197,105,106,107,108,109,110,111,112,113,114,115,116,117,42,119,120,121,43,123,124,125,126,127,128,129,153,131,132,133,134,135,136,137,138,139,140,141,142,143,144,145,146,147,148,149,150,151,152,130,154,155,156,157,158,159,160,161,162,163,164,165,100,167,93,169,170,171,172,173,174,175,176,177,178,179,180,181,182,183,195,185,186,187,188,189,190,91,192,193,194,184,19,104,198,9,];False
10191;9498;19689;[0,1,2,3,4,5,6,61,8,199,10,11,12,13,14,15,16,17,18,19,20,21,22,23,24,25,26,27,28,29,30,31,32,33,34,35,36,37,38,39,40,41,118,122,44,45,46,47,48,49,50,86,52,53,54,55,180,57,58,59,60,7,62,63,64,65,66,67,68,69,70,71,72,73,74,75,76,77,78,79,80,81,82,83,84,85,51,87,88,89,90,91,92,168,94,95,96,97,98,99,100,101,102,103,197,105,106,107,108,109,110,111,112,113,114,115,116,117,42,119,120,121,43,123,124,125,126,127,128,129,130,131,132,133,134,135,136,137,138,139,140,141,142,143,144,145,146,147,148,149,150,151,152,153,154,155,156,157,158,159,160,161,162,163,164,165,166,167,93,169,170,171,172,173,174,175,176,177,178,179,56,181,182,183,195,185,186,187,188,189,190,191,192,193,194,184,196,104,198,9,];False
10184;9498;19682;[0,1,2,3,4,5,6,61,8,199,10,11,12,13,14,15,16,17,18,19,20,21,22,23,24,25,26,27,28,29,30,31,32,33,34,35,36,37,38,39,40,41,118,122,44,45,46,47,48,49,50,86,52,53,54,55,56,57,58,59,60,7,62,63,64,65,66,67,68,69,70,71,72,73,74,75,76,77,78,79,80,81,82,83,84,85,51,87,88,89,90,91,92,168,94,95,96,97,98,99,100,101,102,103,197,105,106,107,108,109,110,111,112,113,114,115,116,117,42,119,120,121,43,123,124,125,126,127,128,129,130,131,132,133,134,135,136,137,138,139,140,141,142,143,144,145,146,147,148,149,150,151,152,153,154,155,156,157,158,159,160,161,162,163,164,165,166,167,93,169,170,171,172,173,174,175,176,177,178,179,180,181,182,183,195,185,186,187,188,189,190,191,192,193,194,184,196,104,198,9,];False
10217;9432;19649;[0,1,2,3,72,5,6,61,38,199,10,11,12,13,14,15,16,17,18,196,20,21,22,23,24,25,26,27,28,29,30,31,32,33,34,35,36,37,8,39,40,41,118,122,44,45,46,47,48,49,50,86,52,53,54,55,56,59,58,57,60,7,62,63,64,65,66,67,68,69,70,71,4,73,74,75,76,77,78,79,80,81,82,83,84,85,51,87,88,89,90,191,92,168,94,95,96,97,98,99,100,101,102,103,197,105,106,107,108,109,110,111,112,113,114,115,116,117,42,119,120,121,43,123,124,125,126,127,128,129,153,131,132,133,134,135,136,137,138,139,140,141,142,143,144,145,146,147,148,149,150,151,152,130,154,155,156,157,158,159,160,161,162,163,164,165,166,167,93,169,170,171,172,173,174,175,176,177,178,179,180,181,182,183,195,185,186,187,188,189,190,91,192,193,194,184,19,104,198,9,];False
10088;9551;19639;[0,1,2,3,4,5,6,61,8,199,10,11,12,13,14,15,16,17,18,19,20,21,22,23,24,25,26,27,28,29,30,31,32,33,34,35,36,37,38,39,40,41,42,122,44,45,46,47,48,49,50,86,52,53,54,55,56,57,58,59,60,7,62,63,64,65,66,67,68,69,70,71,72,73,74,75,76,77,78,79,80,81,82,83,84,85,51,87,88,89,90,91,92,168,94,95,96,97,98,99,100,101,102,103,197,105,106,107,108,109,110,111,112,113,114,115,116,117,118,119,120,121,43,123,124,125,126,127,128,129,130,131,132,133,134,135,136,137,138,139,140,141,142,143,144,145,146,147,148,149,150,151,152,153,154,155,156,157,158,159,160,161,162,163,164,165,166,167,93,169,170,171,172,173,174,175,176,177,178,179,180,181,182,183,195,185,186,187,188,189,190,191,192,193,194,184,196,104,198,9,];False
10156;9456;19612;[0,1,2,3,72,5,6,61,38,199,10,11,12,13,14,15,16,17,18,196,20,21,22,23,24,25,26,27,28,29,30,31,32,33,34,35,36,37,8,39,40,41,118,122,44,45,46,47,48,49,50,86,52,53,54,55,56,59,58,57,60,7,62,63,64,65,66,67,68,69,70,71,4,73,74,75,76,77,78,79,80,81,82,83,84,85,51,87,88,89,90,191,92,168,94,95,96,97,98,99,100,101,102,139,197,105,106,107,108,109,110,111,112,113,114,115,116,117,42,119,120,121,43,123,124,125,126,127,128,129,153,131,132,133,134,135,136,137,138,103,140,141,142,143,144,145,146,147,148,149,150,151,152,130,154,155,156,157,158,159,160,161,162,163,164,165,166,167,93,169,170,171,172,173,174,175,176,177,178,179,180,181,182,183,195,185,186,187,188,189,190,91,192,193,194,184,19,104,198,9,];False
10084;9441;19525;[0,1,2,3,72,5,6,61,38,199,10,11,12,13,14,15,16,17,18,196,20,21,22,23,24,25,26,27,28,29,30,31,32,33,34,35,36,37,8,39,40,41,118,122,44,45,46,47,48,49,50,86,52,53,54,55,56,59,58,57,60,7,62,63,64,65,66,67,68,69,70,71,4,73,74,75,76,77,78,79,80,81,82,83,84,85,51,87,88,89,90,191,161,168,94,95,96,97,98,99,100,101,102,103,197,105,106,107,108,109,110,111,112,113,114,115,116,117,42,119,120,121,43,123,124,125,126,127,128,129,153,131,132,133,134,135,136,137,138,139,140,141,142,143,144,145,146,147,148,149,150,151,152,130,154,155,156,157,158,159,160,92,162,163,164,165,166,167,93,169,170,171,172,173,174,175,176,177,178,179,180,181,182,183,195,185,186,187,188,189,190,91,192,193,194,184,19,104,198,9,];False
10054;9461;19515;[0,1,2,3,72,120,6,61,38,199,10,11,12,13,14,15,16,17,18,196,20,21,22,23,24,25,26,27,28,29,30,31,32,33,34,35,36,37,8,39,40,41,118,122,44,45,46,47,48,49,50,86,52,53,54,55,56,59,58,57,60,7,62,63,64,65,66,67,68,69,70,71,4,73,74,75,76,77,150,79,80,81,82,83,84,85,51,87,88,89,90,191,161,168,94,95,96,97,98,99,100,101,102,103,197,105,106,107,108,109,110,111,112,113,114,115,116,117,42,119,5,121,43,123,124,125,126,127,128,129,153,131,132,133,134,135,136,137,138,139,140,141,142,143,144,145,146,147,148,149,78,151,152,130,154,155,156,157,158,159,160,92,162,163,164,165,166,167,93,169,170,171,172,173,174,175,176,177,178,179,180,181,182,183,195,185,186,187,188,189,190,91,192,193,194,184,19,104,198,9,];False
10046;9427;19473;[0,1,2,3,72,5,6,61,38,199,10,11,12,13,14,15,16,17,18,196,20,21,22,23,24,25,26,27,28,29,30,31,32,33,34,35,36,37,8,39,40,41,118,122,44,45,46,47,48,49,50,86,52,53,54,55,56,59,58,57,60,7,62,63,64,65,66,67,68,69,70,71,4,73,74,75,76,77,150,79,80,81,82,83,84,85,51,87,88,89,90,191,161,168,94,95,96,97,98,99,100,101,102,103,197,105,106,107,108,109,110,111,112,113,114,115,116,117,42,119,120,121,43,123,124,125,126,127,128,129,153,131,132,133,134,135,136,137,138,139,140,141,142,143,144,145,146,147,148,149,78,151,152,130,154,155,156,157,158,159,160,92,162,163,164,165,166,167,93,169,170,171,172,173,174,175,176,177,178,179,180,181,182,183,195,185,186,187,188,189,190,91,192,193,194,184,19,104,198,9,];False
9931;9424;19355;[0,1,2,3,72,5,6,61,38,199,10,11,12,181,14,15,16,156,18,196,20,21,22,146,24,25,26,27,28,29,30,31,32,33,34,35,36,37,8,39,40,41,118,122,44,45,46,47,48,49,50,86,52,53,54,55,56,59,58,57,60,7,62,63,64,65,66,67,68,69,70,71,4,73,74,75,76,77,150,79,80,81,82,83,84,85,51,87,88,89,90,191,161,168,94,95,96,97,98,99,100,101,102,103,197,105,106,107,108,109,110,111,112,113,114,115,116,123,42,119,120,121,43,117,124,125,126,127,128,129,153,131,132,133,134,135,136,137,138,139,140,141,142,143,144,145,23,147,148,149,78,151,152,130,154,155,17,157,158,159,160,92,162,163,164,165,166,167,93,169,170,171,172,173,174,175,176,177,178,179,180,13,182,183,195,185,186,187,188,189,190,91,192,193,194,184,19,104,198,9,];False
9916;9435;19351;[0,1,2,3,155,5,6,61,38,199,10,11,12,181,14,15,16,156,18,196,20,21,22,23,24,25,26,27,28,29,30,31,32,33,34,35,36,37,8,39,40,41,118,122,44,45,46,47,48,49,50,86,52,53,54,55,56,59,58,57,60,7,62,63,64,65,66,67,68,69,70,71,4,73,74,75,76,77,150,79,80,81,82,83,84,85,51,87,88,89,90,191,161,168,94,95,96,97,98,99,100,101,102,103,197,105,106,107,108,109,110,111,112,113,114,115,116,123,42,119,120,121,43,117,124,125,126,127,128,129,153,131,132,133,134,135,136,137,138,139,140,141,142,143,144,145,146,147,148,149,78,151,152,130,154,72,17,157,158,159,160,92,162,163,164,165,166,167,93,169,170,171,172,173,174,175,176,177,178,179,180,13,182,183,195,185,186,187,188,189,190,91,192,193,194,184,19,104,198,9,];False
9917;9416;19333;[0,1,2,3,72,5,6,61,38,199,10,11,12,13,14,15,16,17,18,196,20,21,22,23,24,25,26,27,28,29,30,31,32,33,34,35,36,37,8,39,40,41,118,122,44,45,46,47,48,49,50,86,52,53,54,55,56,59,58,57,60,7,62,63,64,65,66,67,68,69,70,71,4,73,74,75,76,77,150,79,80,81,82,83,84,85,51,87,88,89,90,191,161,168,94,95,96,97,98,99,100,101,102,103,197,105,106,107,108,109,110,111,112,113,114,115,116,123,42,119,120,121,43,117,124,125,126,127,128,129,153,131,132,133,134,135,136,137,138,139,140,141,142,143,144,145,146,147,148,149,78,151,152,130,154,155,156,157,158,159,160,92,162,163,164,165,166,167,93,169,170,171,172,173,174,175,176,177,178,179,180,181,182,183,195,185,186,187,188,189,190,91,192,193,194,184,19,104,198,9,];False
9891;9415;19306;[0,1,2,3,72,5,6,61,38,199,10,11,12,181,14,15,16,156,18,196,20,21,22,23,24,25,26,27,28,29,30,31,32,33,34,35,36,37,8,39,40,41,118,122,44,45,46,47,48,49,50,86,52,53,54,55,56,59,58,57,60,7,62,63,64,65,66,67,68,69,70,71,4,73,74,75,76,77,150,79,80,81,82,83,84,85,51,87,88,89,90,191,161,168,94,95,96,97,98,99,100,101,102,103,197,105,106,107,108,109,110,111,112,113,114,115,116,123,42,119,120,121,43,117,124,127,126,125,128,129,153,131,132,133,134,135,136,137,138,139,140,141,142,143,144,145,146,147,148,149,78,151,152,130,154,155,17,157,158,159,160,92,162,163,164,165,166,167,93,169,170,171,172,173,174,175,176,177,178,179,180,13,182,183,195,185,186,187,188,189,190,91,192,193,194,184,19,104,198,9,];False
9907;9392;19299;[0,1,2,3,72,5,6,61,38,199,10,11,12,181,14,15,16,17,18,196,20,21,22,23,24,25,26,27,28,29,30,31,32,33,34,35,36,37,8,39,40,41,118,122,44,45,46,47,48,49,50,86,52,53,54,55,56,59,58,57,60,7,62,63,64,65,66,67,68,69,70,71,4,73,74,75,76,77,150,79,80,81,82,83,84,85,51,87,88,89,90,191,161,168,94,95,96,97,98,99,100,101,102,103,197,105,106,107,108,109,110,111,112,113,114,115,116,123,42,119,120,121,43,117,124,125,126,127,128,129,153,131,132,133,134,135,136,137,138,139,140,141,142,143,144,145,146,147,148,149,78,151,152,130,154,155,156,157,158,159,160,92,162,163,164,165,166,167,93,169,170,171,172,173,174,175,176,177,178,179,180,13,182,183,195,185,186,187,188,189,190,91,192,193,194,184,19,104,198,9,];False
9890;9387;19277;[0,1,2,3,72,5,6,61,38,199,10,11,12,181,14,15,16,156,18,196,20,21,22,23,24,25,26,27,28,29,30,31,32,33,34,35,36,37,8,39,40,41,118,122,44,45,46,47,48,49,50,86,52,53,54,55,56,59,58,57,60,7,62,63,64,65,66,67,68,69,70,71,4,73,74,75,76,77,150,79,80,81,82,83,84,85,51,87,88,89,90,191,161,168,94,95,96,97,98,99,100,101,102,103,197,105,106,107,108,109,110,111,112,113,114,115,182,123,42,119,120,121,43,117,124,125,126,127,128,129,153,131,132,133,134,135,136,137,138,139,140,141,142,143,144,145,146,147,148,149,78,151,152,130,154,155,17,157,158,159,160,92,162,163,164,165,166,167,93,169,170,171,172,173,174,175,176,177,178,179,180,13,116,183,195,185,186,187,188,189,190,91,192,193,194,184,19,104,198,9,];False
9875;9386;19261;[0,1,2,3,72,5,6,61,38,199,10,11,12,181,14,15,16,156,18,196,20,21,22,23,24,25,26,27,28,29,30,31,32,33,34,35,36,37,8,39,40,41,118,122,44,45,46,47,48,49,50,86,52,53,54,55,56,59,58,57,60,7,62,63,64,65,66,67,68,69,70,71,4,73,74,75,76,77,150,79,80,81,82,83,84,85,51,87,88,89,90,191,161,168,126,95,96,97,98,99,100,101,102,103,197,105,106,107,108,109,110,111,112,113,114,115,116,123,42,119,120,121,43,117,124,125,94,127,128,129,153,131,132,133,134,135,136,137,138,139,140,141,142,143,144,145,146,147,148,149,78,151,152,130,154,155,17,157,158,159,160,92,162,163,164,165,166,167,93,169,170,171,172,173,174,175,176,177,178,179,180,13,182,183,195,185,186,187,188,189,190,91,192,193,194,184,19,104,198,9,];False
9882;9378;19260;[0,1,2,3,72,5,6,61,38,199,10,11,12,181,14,15,16,156,18,84,20,21,22,23,24,25,26,27,28,29,30,31,32,33,34,35,36,37,8,39,40,41,118,122,44,45,46,47,48,49,50,86,52,53,54,55,56,59,58,57,60,7,62,63,64,65,66,67,68,69,70,71,4,73,74,75,76,77,150,79,80,81,82,83,196,85,51,87,88,89,90,191,161,168,94,95,96,97,98,99,100,101,102,103,197,105,106,107,108,109,110,111,112,113,114,115,116,123,42,119,120,121,43,117,124,125,126,127,128,129,153,131,132,133,134,135,136,137,138,139,140,141,142,143,144,145,146,147,148,149,78,151,152,130,154,155,17,157,158,159,160,92,162,163,164,165,166,167,93,169,170,171,172,173,174,175,176,177,178,179,180,13,182,183,195,185,186,187,188,189,190,91,192,193,194,184,19,104,198,9,];False
9959;9291;19250;[0,1,2,25,72,5,6,61,38,199,10,11,12,181,14,15,16,156,18,196,20,21,22,23,24,3,26,27,28,29,30,79,32,33,34,35,36,37,8,64,13,41,118,122,44,45,46,47,68,119,50,86,52,53,54,55,56,59,58,57,60,7,62,63,40,65,66,67,48,69,70,71,4,73,74,75,76,77,150,31,80,81,82,83,84,85,89,87,88,51,90,191,161,168,94,95,96,97,103,99,100,101,102,98,197,105,106,107,108,109,110,111,112,113,114,173,116,49,42,123,120,121,43,117,124,125,126,127,128,129,153,131,132,133,134,135,136,137,138,139,140,141,142,143,144,145,146,147,148,149,78,151,152,130,154,155,17,157,158,159,160,92,162,163,164,165,166,167,93,169,170,171,172,115,174,175,176,177,178,179,180,39,182,183,195,185,186,187,188,189,190,91,192,193,194,184,19,104,198,9,];False
9843;9381;19224;[0,1,2,3,72,5,6,61,38,199,10,11,12,181,14,15,16,156,18,196,20,21,22,23,24,25,26,27,28,29,30,31,32,33,34,35,36,37,8,39,40,41,118,122,44,45,46,47,48,49,50,86,52,53,54,55,56,59,58,57,60,7,62,63,64,65,66,67,68,69,70,71,4,73,74,75,76,77,150,79,80,81,82,83,84,85,51,87,88,89,90,191,161,168,94,95,96,97,98,99,100,101,102,103,197,105,106,107,108,109,110,111,112,113,114,115,116,123,42,119,120,121,43,117,124,125,126,127,128,129,153,131,132,133,134,135,136,137,138,139,140,141,142,143,144,145,146,147,148,149,78,151,152,130,154,155,17,157,158,159,160,92,162,163,164,165,166,167,93,169,170,171,172,173,174,175,176,177,178,179,180,13,182,183,195,185,186,187,188,189,190,91,192,193,194,184,19,104,198,9,];False
9872;9242;19114;[0,1,2,3,72,5,6,61,38,199,10,11,12,181,14,15,16,156,18,196,20,21,22,23,24,25,26,27,28,29,30,79,32,33,34,35,36,37,8,39,40,41,118,122,44,45,46,47,68,123,50,86,52,53,54,55,56,59,58,57,60,7,62,63,64,65,66,67,48,69,70,71,82,73,74,75,76,77,150,31,80,81,4,83,84,85,51,87,88,89,90,191,161,168,94,95,96,97,103,99,100,101,102,98,197,105,106,107,108,109,110,111,112,113,114,173,116,49,42,119,120,121,43,117,124,125,126,127,128,129,153,131,132,133,134,135,136,137,138,139,140,141,142,143,144,145,146,147,148,149,78,151,152,130,154,155,17,157,158,159,160,92,162,163,164,165,166,167,93,169,170,171,172,115,174,175,176,177,178,179,180,13,182,183,195,185,186,187,188,189,190,91,192,193,194,184,19,104,198,9,];False
9725;9317;19042;[0,1,2,3,72,5,6,61,38,199,10,11,12,181,14,15,16,156,18,196,20,21,22,23,24,25,26,27,28,29,30,31,32,33,34,35,36,37,8,39,40,41,118,122,44,45,46,47,48,123,50,86,52,53,54,55,56,59,58,57,60,7,62,63,64,65,66,67,68,69,70,71,4,73,74,75,76,77,150,79,80,81,82,83,84,85,51,87,88,89,90,191,161,168,94,95,96,97,98,99,100,101,102,103,197,105,106,107,108,109,110,111,112,113,114,115,116,49,42,119,120,121,43,117,124,125,126,127,128,129,153,131,132,133,134,135,136,137,138,139,140,141,142,143,144,145,146,147,148,149,78,151,152,130,154,155,17,157,158,159,160,92,162,163,164,165,166,167,93,169,170,171,172,173,174,175,176,177,178,179,180,13,182,183,195,185,186,187,188,189,190,91,192,193,194,184,19,104,198,9,];False
9843;9192;19035;[0,1,2,25,189,5,6,61,38,199,10,11,12,181,14,15,16,156,18,196,20,21,22,23,24,3,26,27,28,29,30,79,32,33,34,35,36,37,8,64,13,41,118,122,44,45,46,47,68,123,50,86,52,53,54,55,56,59,58,57,60,7,62,63,40,65,66,67,48,69,70,71,4,73,74,75,76,77,150,31,80,81,82,83,84,85,89,87,88,51,90,191,142,168,94,95,96,97,134,99,100,101,102,98,197,105,106,107,108,109,110,111,112,113,114,173,116,49,42,119,120,121,43,117,124,125,126,127,128,129,153,131,132,133,103,135,136,137,138,139,140,141,161,143,144,145,146,147,148,149,78,151,152,130,154,162,17,157,158,159,160,92,155,163,164,165,166,167,93,169,170,171,172,115,174,175,176,177,178,179,180,39,182,183,195,185,186,187,188,72,190,91,192,193,194,184,19,104,198,9,];False
9780;9240;19020;[0,1,2,25,72,5,6,61,38,199,10,11,12,181,14,15,16,156,18,196,20,21,22,23,24,3,26,27,28,29,30,79,32,33,34,35,36,37,8,64,13,41,118,122,44,45,46,47,68,123,50,86,52,53,54,55,56,59,58,57,60,7,62,63,40,65,66,67,48,69,70,71,4,73,74,75,76,77,150,31,80,81,82,83,84,85,89,87,88,51,90,191,142,168,94,95,96,97,103,99,100,101,102,98,197,105,106,107,108,109,110,111,112,113,114,173,116,49,42,119,120,121,43,117,124,125,126,182,128,129,153,131,132,133,134,135,136,137,138,139,140,141,161,143,144,145,146,147,148,149,78,151,152,130,154,155,17,157,158,159,160,92,162,163,164,165,166,167,93,169,170,171,172,115,174,175,176,177,178,179,180,39,127,183,195,185,186,187,188,189,190,91,192,193,194,184,19,104,198,9,];False
9774;9244;19018;[0,1,2,25,72,5,6,61,38,199,10,11,12,181,14,15,16,156,18,196,20,21,22,23,24,3,26,27,28,29,30,79,32,33,34,35,36,37,8,64,13,41,118,122,44,45,46,47,68,123,50,86,52,53,54,55,56,59,58,57,60,7,62,63,40,65,66,67,48,69,70,71,4,73,74,75,76,77,150,31,80,81,82,83,84,85,89,87,88,51,90,191,142,168,94,95,96,97,103,99,100,101,102,98,197,105,106,107,185,109,110,111,112,113,114,173,116,49,42,119,120,121,43,117,124,125,126,127,128,129,153,131,132,133,134,135,136,137,138,139,140,141,161,143,144,145,146,147,148,149,78,151,152,130,154,155,17,157,158,159,160,92,162,163,164,165,166,167,93,169,170,171,172,115,174,175,176,177,178,179,180,39,182,183,195,108,186,187,188,189,190,91,192,193,194,184,19,104,198,9,];False
9769;9245;19014;[0,1,2,25,72,5,6,61,38,199,10,11,12,181,14,15,16,156,18,196,20,21,22,23,24,3,26,27,28,29,30,79,32,33,34,35,36,37,8,64,13,41,118,122,44,45,46,47,68,123,50,86,52,53,54,55,56,59,58,144,60,7,62,63,40,65,66,67,48,69,70,71,4,73,74,75,76,77,150,31,80,81,82,83,84,85,89,87,88,51,90,191,142,168,94,95,96,97,103,99,100,101,102,98,197,105,106,107,108,109,110,111,112,113,114,173,116,49,42,119,120,121,43,117,124,125,126,127,128,129,153,131,132,133,134,135,136,137,138,139,140,141,161,143,57,145,146,147,148,149,78,151,152,130,154,155,17,157,158,159,160,92,162,163,164,165,166,167,93,169,170,171,172,115,174,175,176,177,178,179,180,39,182,183,195,185,186,187,188,189,190,91,192,193,194,184,19,104,198,9,];False
9807;9183;18990;[0,1,2,25,72,5,6,61,38,199,10,11,12,181,14,15,16,156,18,196,20,21,22,23,24,3,26,27,28,29,83,79,32,33,34,35,36,37,8,64,13,41,118,122,44,45,46,47,68,123,50,86,52,53,54,55,56,59,58,57,60,7,62,63,40,65,66,67,48,69,70,71,4,73,74,75,76,77,150,31,80,81,82,30,84,85,89,87,88,51,90,191,142,168,94,95,96,97,103,99,100,101,102,98,197,105,106,107,108,109,110,111,112,113,114,173,116,49,42,119,120,121,43,117,124,125,126,127,128,129,153,131,132,133,134,135,136,137,138,139,140,141,161,143,144,145,146,147,148,149,78,151,152,130,154,155,17,157,158,159,160,92,162,163,164,165,166,167,93,169,170,171,172,115,174,175,176,177,178,179,180,39,182,183,195,185,186,187,188,189,190,91,192,193,194,184,19,104,198,9,];False
9682;9300;18982;[0,1,2,3,72,5,6,61,38,199,10,11,12,181,14,15,16,156,18,196,20,21,22,23,24,25,26,27,28,29,30,31,32,33,34,35,36,37,8,39,40,41,118,122,44,45,46,47,68,123,50,86,52,53,54,55,56,59,58,57,60,7,62,63,64,65,66,67,48,69,70,71,4,73,74,75,76,77,150,79,80,81,82,83,84,85,51,87,88,89,90,191,161,168,94,95,96,97,98,99,100,101,102,103,197,105,106,107,108,109,110,111,112,113,114,115,116,49,42,119,120,121,43,117,124,125,126,127,128,129,153,131,132,133,134,135,136,137,138,139,140,141,142,143,144,145,146,147,148,149,78,151,152,130,154,155,17,157,158,159,160,92,162,163,164,165,166,167,93,169,170,171,172,173,174,175,176,177,178,179,180,13,182,183,195,185,186,187,188,189,190,91,192,193,194,184,19,104,198,9,];False
9735;9238;18973;[0,1,2,3,72,5,6,61,38,199,10,11,12,181,14,15,16,156,18,196,20,21,22,23,24,25,26,27,28,29,30,79,32,33,34,35,36,37,8,64,40,41,118,122,44,45,46,47,68,123,50,86,52,53,54,55,56,59,58,57,60,7,62,63,39,65,66,67,48,69,70,71,4,73,74,75,76,77,150,31,80,81,82,83,84,85,51,87,88,89,90,191,161,168,94,95,96,97,103,99,100,101,102,98,197,105,106,107,108,109,110,111,112,113,114,173,116,49,42,119,120,121,43,117,124,125,126,127,128,129,153,131,132,133,134,135,136,137,138,139,140,141,142,143,144,145,146,147,148,149,78,151,152,130,154,155,17,157,158,159,160,92,162,163,164,165,166,167,93,169,170,171,172,115,174,175,176,177,178,179,180,13,182,183,195,185,186,187,188,189,190,91,192,193,194,184,19,104,198,9,];False
9588;9376;18964;[0,1,2,3,72,5,6,61,38,199,10,11,12,181,14,15,16,156,18,196,20,21,22,23,24,25,26,27,28,29,30,31,32,33,34,35,36,37,8,39,40,41,118,122,44,45,46,47,68,123,50,86,52,53,54,55,56,59,58,57,60,7,62,63,64,65,66,67,48,69,70,71,4,73,74,75,76,77,150,79,80,81,82,83,84,85,51,87,88,89,90,191,161,168,94,95,96,97,98,99,100,101,102,103,197,105,106,107,108,109,110,104,112,113,114,115,116,49,42,119,120,121,43,117,124,125,126,127,128,129,153,131,132,133,134,135,136,137,138,139,140,141,142,143,144,145,146,147,148,149,78,151,152,130,154,155,17,157,158,159,160,92,162,163,164,165,166,167,93,169,170,171,172,173,174,175,176,177,178,179,180,13,182,183,195,185,186,187,188,189,190,91,192,193,194,184,19,111,198,9,];False
9823;9138;18961;[0,1,2,25,189,5,6,61,38,199,10,11,12,181,14,15,16,156,18,196,20,21,22,23,24,3,26,27,28,29,30,79,32,33,34,35,36,37,8,64,13,41,118,122,44,45,46,47,68,123,50,91,52,53,54,55,56,59,58,57,60,7,62,63,40,65,66,67,48,69,70,71,4,73,74,75,112,77,150,31,80,81,82,83,84,85,89,87,88,51,90,191,142,168,94,95,96,97,134,99,100,101,102,98,197,105,106,107,108,109,110,111,76,113,114,173,116,49,42,119,120,121,43,117,124,125,126,127,128,129,153,131,132,133,103,92,136,137,138,139,140,141,161,143,144,145,146,147,148,149,78,151,152,130,154,155,17,157,158,159,160,135,162,163,164,165,166,167,93,169,170,171,172,115,174,175,176,177,178,179,180,39,182,183,195,185,186,187,188,72,190,86,192,193,19,184,194,104,198,9,];False
9718;9243;18961;[0,1,2,3,72,5,6,61,38,199,10,11,12,181,14,15,16,156,18,196,20,21,22,23,24,25,26,27,28,29,30,79,32,33,34,35,36,37,8,39,40,41,118,122,44,45,46,47,68,123,50,86,52,53,54,55,56,59,58,57,60,7,62,63,64,65,66,67,48,69,70,71,4,73,74,75,76,77,150,31,80,81,82,83,84,85,51,87,88,89,90,191,161,168,94,95,96,97,103,99,100,101,102,98,197,105,106,107,108,109,110,111,112,113,114,173,116,49,42,119,120,121,43,117,124,125,126,127,128,129,153,131,132,133,134,135,136,137,138,139,140,141,142,143,144,145,146,147,148,149,78,151,152,130,154,155,17,157,158,159,160,92,162,163,164,165,166,167,93,169,170,171,172,115,174,175,176,177,178,179,180,13,182,183,195,185,186,187,188,189,190,91,192,193,194,184,19,104,198,9,];False
9626;9333;18959;[0,1,2,3,72,5,6,61,38,199,10,11,12,181,14,15,16,156,18,196,20,21,22,23,24,25,26,27,28,29,30,31,32,33,34,35,36,37,8,39,40,41,118,122,44,45,46,47,68,123,50,86,52,53,54,55,56,59,58,57,60,7,62,63,64,65,66,67,48,69,70,71,4,73,74,75,76,77,150,79,80,81,82,83,84,85,51,87,88,89,90,191,161,168,94,95,96,97,98,99,100,101,102,103,197,105,106,107,108,109,110,111,112,113,114,115,116,49,42,119,120,121,43,117,124,125,126,127,128,129,153,131,132,133,134,135,136,137,138,19,140,141,142,143,144,145,146,147,148,149,78,151,152,130,154,155,17,157,158,159,160,92,162,163,164,165,166,167,93,169,170,171,172,173,174,175,176,177,178,179,180,13,182,183,195,185,186,187,188,189,190,91,192,193,194,184,139,104,198,9,];False
9696;9251;18947;[0,1,2,3,72,5,6,61,38,199,10,11,12,181,14,15,16,156,18,196,20,21,22,23,24,25,26,27,28,29,30,79,32,33,34,35,36,37,8,134,40,41,118,122,44,45,46,47,68,123,50,86,52,53,54,55,56,59,58,57,60,7,62,63,39,65,66,67,48,69,70,71,4,73,74,75,76,77,150,31,80,81,82,83,84,85,51,87,88,89,90,191,161,168,94,95,96,97,103,99,100,101,102,98,197,105,106,107,108,109,110,111,112,113,114,173,116,49,42,119,120,121,43,117,124,125,126,127,128,129,153,131,132,133,64,135,136,137,138,139,140,141,142,143,144,145,146,147,148,149,78,151,152,130,154,155,17,157,158,159,160,92,162,163,164,165,166,167,93,169,170,171,172,115,174,175,176,177,178,179,180,13,182,183,195,185,186,187,188,189,190,91,192,193,194,184,19,104,198,9,];False
9654;9292;18946;[0,1,2,3,72,5,6,61,38,199,10,11,12,181,14,15,16,156,18,196,20,21,22,23,24,25,26,27,28,29,30,31,32,33,34,35,36,37,8,39,40,41,118,122,44,45,46,47,68,123,50,86,52,53,54,55,56,59,58,57,60,7,62,63,64,65,66,67,48,69,70,71,4,73,74,75,76,77,150,79,80,81,82,83,84,85,51,87,88,89,90,191,161,168,94,95,96,97,98,99,100,101,102,103,197,105,106,107,108,109,110,111,112,113,114,173,116,49,42,119,120,121,43,117,124,125,126,127,128,129,153,131,132,133,134,135,136,137,138,139,140,141,142,143,144,145,146,147,148,149,78,151,152,130,154,155,17,157,158,159,160,92,162,163,164,165,166,167,93,169,170,171,172,115,174,175,176,177,178,179,180,13,182,183,195,185,186,187,188,189,190,91,192,193,194,184,19,104,198,9,];False
9729;9215;18944;[0,1,2,25,72,5,6,61,38,199,10,11,12,181,14,15,16,156,18,196,20,21,22,23,24,3,26,27,28,29,30,79,32,33,34,35,36,37,8,64,13,41,118,122,44,45,46,47,68,123,50,86,52,53,54,55,56,59,58,57,60,7,62,63,40,65,66,67,48,69,70,71,4,73,74,75,76,77,150,31,80,81,82,83,84,85,89,87,88,51,90,191,161,120,94,95,96,97,103,99,100,101,102,98,197,105,106,107,108,109,110,111,112,113,114,173,116,49,42,119,168,121,43,117,124,125,126,127,128,129,153,131,132,133,134,135,136,137,138,139,140,141,142,143,144,145,146,147,148,149,78,151,152,130,154,155,17,157,158,159,160,92,162,163,164,165,166,167,93,169,170,171,172,115,174,175,176,177,178,179,180,39,182,183,195,185,186,187,188,189,190,91,192,193,194,184,19,104,198,9,];False
9754;9187;18941;[0,1,2,25,72,5,6,61,38,199,10,11,12,181,14,15,16,156,18,196,20,21,22,23,24,3,26,27,28,29,30,79,32,33,34,35,36,37,8,64,13,41,118,122,44,45,46,47,68,123,50,86,52,53,54,55,56,59,58,57,60,7,62,63,40,65,66,67,48,69,70,71,4,73,74,75,76,77,150,31,80,81,82,83,84,85,89,87,88,51,90,191,142,168,94,95,96,97,103,99,100,101,102,98,197,105,106,107,108,109,110,111,112,113,114,173,116,49,42,119,120,121,43,117,124,125,126,127,128,129,153,131,132,133,134,135,136,137,138,139,140,141,161,143,144,145,146,147,148,149,78,151,152,130,154,155,17,157,158,159,160,92,162,163,164,165,166,167,93,169,170,171,172,115,174,175,176,177,178,179,180,39,182,183,195,185,186,187,188,189,190,91,192,193,194,184,19,104,198,9,];False
9744;9190;18934;[0,1,2,25,72,5,6,61,38,199,10,11,12,181,14,15,16,156,18,196,20,21,22,23,24,3,26,27,28,29,30,79,32,33,34,35,36,37,8,64,13,41,118,122,44,45,46,47,68,123,50,86,52,53,54,55,56,59,58,57,60,7,62,63,40,65,66,67,48,69,70,71,4,73,74,75,76,77,150,31,80,81,82,83,84,85,89,87,88,51,90,191,161,168,94,95,96,97,103,99,100,101,102,98,197,105,106,107,108,109,110,111,112,113,114,173,116,49,42,119,120,121,43,117,124,125,126,127,128,129,153,131,132,133,134,135,136,137,138,139,140,141,142,143,144,145,146,147,148,149,78,151,152,130,154,155,17,157,158,159,160,92,162,163,164,165,166,167,93,169,170,171,172,115,174,175,176,177,178,179,180,39,182,183,195,185,186,187,188,189,190,91,192,193,194,184,19,104,198,9,];False
9698;9236;18934;[0,1,2,25,72,5,6,61,38,199,10,11,12,181,14,15,16,156,18,196,20,21,22,23,24,3,26,27,28,29,30,79,32,33,34,35,36,37,8,64,13,41,118,122,44,45,46,47,68,123,50,86,52,53,54,55,56,59,58,57,60,7,62,63,39,65,66,67,48,69,70,71,4,73,74,75,76,77,150,31,80,81,82,83,84,85,51,87,88,89,90,191,161,168,94,95,96,97,103,99,100,101,102,98,197,105,106,107,108,109,110,111,112,113,114,173,116,49,42,119,120,121,43,117,124,125,126,127,128,129,153,131,132,133,134,135,136,137,138,139,140,141,142,143,144,145,146,147,148,149,78,151,152,130,154,155,17,157,158,159,160,92,162,163,164,165,166,167,93,169,170,171,172,115,174,175,176,177,178,179,180,40,182,183,195,185,186,187,188,189,190,91,192,193,194,184,19,104,198,9,];False
9679;9240;18919;[0,1,2,3,72,5,6,61,38,199,10,11,12,181,14,15,16,156,18,196,20,21,22,23,24,25,26,27,28,29,30,79,32,33,34,35,36,37,8,64,13,41,118,122,44,45,46,47,68,123,50,86,52,53,54,55,56,59,58,57,60,7,62,63,39,65,66,67,48,69,70,71,4,73,74,75,76,77,150,31,80,81,82,83,84,85,51,87,88,89,90,191,161,168,94,95,96,97,103,99,100,101,102,98,197,105,106,107,108,109,110,111,112,113,114,173,116,49,42,119,120,121,43,117,124,125,126,127,128,129,153,131,132,133,134,135,136,137,138,139,140,141,142,143,144,145,146,147,148,149,78,151,152,130,154,155,17,157,158,159,160,92,162,163,164,165,166,167,93,169,170,171,172,115,174,175,176,177,178,179,180,40,182,183,195,185,186,187,188,189,190,91,192,193,194,184,19,104,198,9,];False
9697;9221;18918;[0,1,2,25,72,5,6,61,38,199,10,11,12,181,14,15,16,156,18,196,20,21,22,23,24,3,26,27,28,29,30,79,32,33,34,35,36,37,8,64,13,41,118,122,44,45,46,47,68,123,50,86,52,53,54,55,56,59,58,57,60,7,62,63,40,65,66,67,48,69,70,71,4,73,74,75,76,77,150,31,80,81,82,83,84,85,51,87,88,89,90,191,161,168,94,95,96,97,103,99,100,101,102,98,197,105,106,107,108,109,110,111,112,113,114,173,116,49,42,119,120,121,43,117,124,125,126,127,128,129,153,131,132,133,134,135,136,137,138,139,140,141,142,143,144,145,146,147,148,149,78,151,152,130,154,155,17,157,158,159,160,92,162,163,164,165,166,167,93,169,170,171,172,115,174,175,176,177,178,179,180,39,182,183,195,185,186,187,188,189,190,91,192,193,194,184,19,104,198,9,];False
9602;9295;18897;[0,1,2,3,72,5,6,61,38,199,10,11,12,181,14,15,127,156,18,196,20,21,22,23,24,25,26,27,28,29,30,79,32,33,34,35,36,37,8,39,40,41,118,122,44,45,46,47,68,123,50,86,52,53,54,55,56,59,58,57,60,7,62,63,64,65,66,67,48,69,70,71,4,73,74,75,76,77,150,31,80,81,82,83,84,85,51,87,88,89,90,191,161,168,94,95,96,97,103,99,100,101,102,98,197,105,106,107,108,109,110,111,112,113,114,173,116,49,42,119,120,121,43,117,124,125,126,16,128,129,153,131,132,133,134,135,136,137,138,139,140,141,142,143,144,145,146,147,148,149,78,151,152,130,154,155,17,157,158,159,160,92,162,163,164,165,166,167,93,169,170,171,172,115,174,175,176,177,178,179,180,13,182,183,195,185,186,187,188,189,190,91,192,193,194,184,19,104,198,9,];False
9585;9303;18888;[0,1,2,3,72,5,6,61,38,199,10,11,12,181,14,15,16,156,18,196,20,21,22,23,24,25,26,27,28,29,30,79,32,33,77,35,36,37,8,39,40,41,118,122,44,45,46,47,68,123,50,86,52,53,54,55,56,59,58,57,60,7,62,63,64,65,66,67,48,69,70,71,4,73,74,75,76,34,150,31,80,81,82,83,84,85,51,87,88,89,90,191,161,168,94,95,96,97,98,99,100,101,102,103,197,105,106,107,108,109,110,111,112,113,114,173,116,49,42,119,120,121,43,117,124,125,126,127,128,129,153,131,132,133,134,135,136,137,138,139,140,141,142,143,144,145,146,147,148,149,78,151,152,130,154,155,17,157,158,159,160,92,162,163,164,165,166,167,93,169,170,171,172,115,174,175,176,177,178,179,180,13,182,183,195,185,186,187,188,189,190,91,192,193,194,184,19,104,198,9,];False
9730;9155;18885;[0,1,2,25,189,5,6,61,38,199,10,11,12,181,14,15,16,156,18,196,20,21,22,23,24,3,26,27,28,29,30,79,32,33,34,35,36,37,8,64,13,41,118,122,44,45,46,47,68,123,50,86,52,53,54,55,56,59,58,57,60,7,62,63,40,65,66,67,48,69,70,71,4,73,74,75,112,77,150,31,80,81,82,83,84,85,89,87,88,51,183,191,142,168,94,95,96,97,134,99,100,101,102,98,197,105,106,107,108,109,110,111,76,113,114,173,116,49,42,119,120,121,43,117,124,125,126,127,128,129,153,131,132,133,103,92,136,137,138,139,140,141,161,143,144,145,146,147,148,149,78,151,152,130,154,155,17,157,158,159,160,135,162,163,164,165,166,167,93,169,170,171,172,115,174,175,176,177,178,179,180,39,182,90,195,185,186,187,188,72,190,91,192,193,19,184,194,104,198,9,];False
9705;9172;18877;[0,1,2,25,189,5,6,61,38,199,10,11,12,181,14,15,16,156,18,196,20,21,22,23,24,3,26,27,28,29,30,79,32,33,34,35,36,37,8,64,13,41,118,122,44,45,46,47,68,123,50,86,52,53,54,55,56,59,58,57,60,7,62,63,40,65,66,67,48,69,70,71,4,73,74,75,76,77,150,31,80,81,82,83,84,85,89,87,88,51,90,191,142,168,94,95,96,97,103,99,100,101,102,98,197,105,106,107,108,109,110,111,112,113,114,173,116,49,42,119,120,121,43,117,124,125,126,127,128,129,153,131,132,133,134,135,136,137,138,139,140,141,161,143,144,145,146,147,148,149,78,151,152,130,154,155,17,157,158,159,160,92,162,163,164,165,166,167,93,169,170,171,172,115,174,175,176,177,178,179,180,39,182,183,195,185,186,187,188,72,190,91,192,193,194,184,19,104,198,9,];False
9725;9150;18875;[0,1,2,25,189,5,6,61,38,199,10,11,12,181,14,15,16,156,18,196,20,21,22,23,24,3,26,27,28,29,30,79,32,33,34,35,36,37,8,64,13,41,118,122,44,45,46,47,68,123,50,86,52,53,54,55,56,59,58,57,60,7,62,63,40,65,66,67,48,69,70,71,4,73,74,75,76,77,150,31,80,81,82,83,84,85,89,87,88,51,90,191,142,168,94,95,96,97,134,99,100,101,102,98,197,105,106,107,108,109,110,111,112,113,114,173,116,49,42,119,120,121,43,117,124,125,126,127,128,129,153,131,132,133,103,135,136,137,138,139,140,141,161,143,144,145,146,147,148,149,78,151,152,130,154,155,17,157,158,159,160,92,162,163,164,165,166,167,93,169,170,171,172,115,174,175,176,177,178,179,180,39,182,183,195,185,186,187,188,72,190,91,192,193,19,184,194,104,198,9,];False
9683;9190;18873;[0,1,2,25,189,5,6,61,38,199,10,11,12,181,14,15,16,156,18,196,20,21,22,23,24,3,26,27,28,29,30,79,32,33,34,35,36,37,8,64,13,41,118,122,44,45,46,47,68,85,50,86,52,53,54,55,56,59,58,57,60,7,62,63,40,65,66,67,48,69,70,71,4,73,74,114,112,77,150,31,80,81,82,83,84,123,89,87,88,51,90,191,142,168,94,95,96,97,134,99,100,101,102,98,197,105,106,107,108,148,110,111,76,113,75,173,116,49,42,119,120,121,43,117,124,125,126,127,128,129,153,131,132,133,103,92,136,137,138,139,140,141,161,143,144,145,146,147,109,149,78,151,152,130,154,155,17,157,158,159,160,135,162,163,164,165,166,167,93,169,170,171,172,115,174,175,176,177,178,179,180,39,182,183,195,185,186,187,188,72,190,91,192,193,19,184,194,104,198,9,];False
9734;9136;18870;[0,1,2,25,189,5,6,61,38,199,10,11,12,181,14,15,16,156,18,196,20,21,22,23,24,3,26,27,28,29,85,79,32,33,34,35,36,37,8,64,13,41,118,122,44,45,46,47,68,123,50,86,52,53,54,55,56,59,58,57,60,7,62,63,40,65,66,67,48,69,70,71,4,73,74,114,112,77,150,31,80,81,82,83,84,30,89,87,88,51,90,191,142,168,94,95,96,97,134,99,100,101,102,98,197,105,106,107,108,148,110,111,76,113,75,173,116,49,42,119,120,121,43,117,124,125,126,127,128,129,153,131,132,133,103,92,136,137,138,139,140,141,161,143,144,145,146,147,109,149,78,151,152,130,154,155,17,157,158,159,160,135,162,163,164,165,166,167,93,169,170,171,172,115,174,175,176,177,178,179,180,39,182,183,195,185,186,187,188,72,190,91,192,193,19,184,194,104,198,9,];False
9614;9255;18869;[0,1,2,3,72,5,6,61,38,199,10,11,12,181,14,15,16,156,18,196,20,21,22,23,24,25,26,27,28,29,30,79,32,33,34,35,36,37,8,39,40,41,118,122,44,45,46,47,68,123,50,86,52,53,54,55,56,59,58,57,60,7,62,63,64,65,66,67,48,69,70,71,4,73,74,75,76,77,150,31,80,81,82,83,84,85,51,87,88,89,90,191,161,168,94,95,96,97,98,99,100,101,102,103,197,105,106,107,108,109,110,111,112,113,114,173,116,49,42,119,120,121,43,117,124,125,126,127,128,129,153,131,132,133,134,135,136,137,138,139,140,141,142,143,144,145,146,147,148,149,78,151,152,130,154,155,17,157,158,159,160,92,162,163,164,165,166,167,93,169,170,171,172,115,174,175,176,177,178,179,180,13,182,183,195,185,186,187,188,189,190,91,192,193,194,184,19,104,198,9,];False
9654;9210;18864;[0,1,2,25,189,5,6,61,38,199,10,11,12,181,14,15,16,98,18,196,20,21,22,23,24,3,26,27,28,29,30,79,32,33,34,35,36,37,8,64,13,41,118,122,44,45,46,47,68,123,50,86,52,53,54,55,56,59,58,57,60,7,62,63,40,65,66,67,48,69,70,71,4,73,74,75,76,77,150,31,80,81,82,83,84,85,89,87,88,51,90,191,142,168,94,95,96,97,103,99,100,101,102,156,197,105,106,107,108,109,110,111,112,113,114,173,116,49,42,119,120,121,43,117,124,125,126,127,128,129,153,131,132,133,134,135,136,137,138,139,140,141,161,143,144,145,146,147,148,149,78,151,152,130,154,155,17,157,158,159,160,92,162,163,164,165,166,167,93,169,170,171,172,115,174,175,176,177,178,179,180,39,182,183,195,185,186,187,188,72,190,91,192,193,194,184,19,104,198,9,];False
9698;9163;18861;[0,1,2,25,189,5,6,61,38,199,10,11,12,181,14,15,16,156,18,196,20,21,22,23,24,3,26,27,28,29,30,79,32,33,34,35,36,37,8,64,13,41,118,122,44,45,46,47,68,123,50,86,52,53,54,55,56,59,58,57,60,7,62,63,40,65,66,67,48,69,70,71,4,73,74,75,76,77,150,31,80,81,82,83,84,85,89,87,88,51,90,191,142,168,94,95,96,97,134,99,100,101,102,98,197,105,106,107,108,109,110,111,112,113,114,173,116,49,42,119,120,121,43,117,124,125,126,127,128,129,153,131,132,133,103,135,136,137,138,139,140,141,161,143,144,145,146,147,148,149,78,151,152,130,154,155,17,157,158,159,160,92,162,163,164,165,166,167,93,169,170,171,172,115,174,175,176,177,178,179,180,39,182,183,195,185,186,187,188,72,190,91,192,193,194,184,19,104,198,9,];False
9678;9182;18860;[0,1,2,25,189,5,6,61,38,199,10,11,12,181,14,15,16,156,18,196,20,21,22,23,24,3,26,27,28,29,30,79,32,33,34,35,36,37,8,64,13,41,118,122,44,45,46,47,68,123,50,86,52,53,54,55,56,59,58,57,60,7,62,63,40,65,66,67,48,117,70,71,4,73,74,75,76,77,150,31,80,81,82,83,84,85,89,87,88,51,90,191,142,168,94,95,96,97,103,99,100,101,102,98,197,105,106,107,108,109,110,111,112,113,114,173,116,49,42,119,120,121,43,69,124,125,126,127,128,129,153,131,132,133,134,135,136,137,138,139,140,141,161,143,144,145,146,147,148,149,78,151,152,130,154,155,17,157,158,159,160,92,162,163,164,165,166,167,93,169,170,171,172,115,174,175,176,177,178,179,180,39,182,183,195,185,186,187,188,72,190,91,192,193,194,184,19,104,198,9,];False
9698;9147;18845;[0,1,2,25,189,5,6,61,38,199,10,11,12,181,14,15,16,156,18,196,20,21,22,23,24,198,26,27,28,29,30,79,32,33,34,35,36,37,8,64,13,41,118,122,44,45,46,47,68,123,50,86,52,53,54,55,56,59,58,57,60,7,62,63,40,65,66,67,48,69,70,71,4,73,74,75,112,77,150,31,80,81,82,83,84,85,89,87,88,51,90,191,142,168,94,95,96,97,134,99,100,101,102,98,197,105,106,107,108,109,110,111,76,113,114,173,116,49,42,119,120,121,43,117,124,125,126,127,128,129,153,131,132,133,103,92,136,137,138,139,140,141,161,143,144,145,146,147,148,149,78,151,152,130,154,155,17,157,158,159,160,135,162,163,164,165,166,167,93,169,170,171,172,115,174,175,176,177,178,179,180,39,182,183,195,185,186,187,188,72,190,91,192,193,19,184,194,104,3,9,];False
9671;9170;18841;[0,1,2,25,189,5,6,61,38,199,10,11,12,181,14,15,16,156,18,196,20,21,22,23,24,3,26,27,28,29,30,79,32,33,34,35,36,37,8,64,13,41,118,122,44,45,46,47,68,123,50,86,52,53,54,55,56,59,58,57,60,7,62,63,40,65,66,67,48,69,70,71,4,49,74,114,112,77,150,31,80,81,82,83,84,85,89,87,88,51,90,191,142,168,94,95,96,97,134,99,100,101,102,98,197,105,106,107,108,109,110,111,76,113,75,173,116,73,42,119,120,121,43,117,124,125,126,127,128,129,153,131,132,133,103,92,136,137,138,139,140,141,161,143,144,145,146,147,148,149,78,151,152,130,154,155,17,157,158,159,160,135,162,163,164,165,166,167,93,169,170,171,172,115,174,175,176,177,178,179,180,39,182,183,195,185,186,187,188,72,190,91,192,193,19,184,194,104,198,9,];False
9686;9153;18839;[0,1,2,25,189,5,6,61,38,199,10,11,12,181,14,15,16,156,18,196,20,21,22,23,24,3,26,27,28,29,30,79,32,33,34,35,36,37,8,64,13,41,118,122,44,45,46,47,68,123,50,86,52,53,54,55,56,59,58,57,60,7,62,63,40,65,66,67,48,69,70,71,4,73,74,75,112,77,150,31,80,81,82,83,84,85,89,87,88,51,90,191,142,168,94,95,96,97,134,99,100,101,102,98,197,105,106,107,108,109,110,111,76,113,114,173,116,49,42,119,120,121,43,117,124,125,126,127,128,129,153,131,132,133,103,135,136,137,138,139,140,141,161,143,144,145,146,147,148,149,78,151,152,130,154,155,17,157,158,159,160,92,162,163,164,165,166,167,93,169,170,171,172,115,174,175,176,177,178,179,180,39,182,183,195,185,186,187,188,72,190,91,192,193,19,184,194,104,198,9,];False
9701;9135;18836;[0,1,2,25,189,5,6,61,38,199,10,11,12,181,14,15,16,156,18,196,20,21,22,23,24,3,26,27,28,29,30,79,32,33,34,35,36,37,8,64,13,41,118,122,44,45,46,47,68,123,50,86,52,53,54,55,56,59,58,57,60,7,62,63,40,65,66,67,48,69,70,71,4,73,74,75,112,77,150,31,80,81,82,83,84,85,89,87,88,51,90,191,142,168,94,95,96,97,134,99,100,101,102,98,197,105,106,107,108,109,110,111,76,113,114,173,116,49,42,119,120,121,43,117,124,125,126,127,128,129,153,131,132,133,103,92,136,137,138,139,140,141,161,143,144,145,146,147,148,149,78,151,152,130,154,155,17,157,158,159,160,135,162,163,164,165,166,167,93,169,170,171,172,115,174,175,176,177,178,179,180,39,182,183,195,185,186,187,188,72,190,91,192,193,19,184,194,104,198,9,];False
9653;9163;18816;[0,1,2,25,189,5,6,61,38,199,10,11,12,181,129,15,16,156,18,196,20,21,22,23,24,3,26,27,28,29,30,79,32,33,34,35,36,37,8,64,13,41,118,122,44,45,46,47,68,123,50,86,52,53,54,55,56,59,58,57,60,7,62,63,40,65,66,67,48,69,70,71,4,73,74,75,112,77,150,31,80,81,82,83,84,85,89,87,88,51,90,191,142,168,94,95,96,97,134,99,100,101,102,98,197,105,106,107,108,109,110,111,76,113,114,173,116,49,42,119,120,121,43,117,124,125,126,127,128,14,153,131,132,133,103,92,136,137,138,139,140,141,161,143,144,145,146,147,148,149,78,151,152,130,154,155,17,157,158,159,160,135,162,163,164,165,166,167,93,169,170,171,172,115,174,175,176,177,178,179,180,39,182,183,195,185,186,187,188,72,190,91,192,193,19,184,194,104,198,9,];False
9687;9114;18801;[0,1,2,25,189,5,6,61,38,199,10,11,12,181,14,15,16,156,18,196,20,21,22,23,24,3,26,27,28,29,30,79,32,33,34,35,36,37,8,64,13,41,118,122,44,45,46,47,68,123,50,86,52,53,54,55,56,59,58,57,60,7,62,63,40,65,66,67,48,69,70,71,4,73,74,114,112,77,150,31,80,81,82,83,84,85,89,87,88,51,90,191,142,168,94,95,96,97,134,99,100,101,102,98,197,105,106,107,108,109,110,111,76,113,75,173,116,49,42,119,120,121,43,117,124,125,126,127,128,129,153,131,132,133,103,92,136,137,138,139,140,141,161,143,144,145,146,147,148,149,78,151,152,130,154,155,17,157,158,159,160,135,162,163,164,165,166,167,93,169,170,171,172,115,174,175,176,177,178,179,180,39,182,183,195,185,186,187,188,72,190,91,192,193,19,184,194,104,198,9,];False
9737;9031;18768;[0,1,2,25,189,5,6,61,38,199,10,11,12,181,192,15,16,156,18,196,20,21,22,23,24,3,26,183,28,29,30,79,32,33,34,35,36,37,8,64,13,198,118,122,44,45,46,47,68,123,50,86,52,53,54,55,56,59,58,57,60,7,62,63,40,65,66,67,48,174,70,71,4,73,74,114,112,77,150,31,80,81,82,83,84,85,89,87,88,51,90,191,142,168,94,95,96,97,121,99,100,101,102,98,197,105,163,107,108,148,110,111,76,113,75,173,116,49,42,119,120,134,43,117,124,125,126,127,128,129,153,131,132,133,103,92,136,137,157,139,140,141,161,143,144,145,146,147,109,149,78,151,152,130,154,155,17,138,158,159,160,135,162,106,164,165,166,167,93,169,170,171,172,115,69,175,176,177,178,179,180,39,182,27,195,185,186,187,188,72,190,91,14,193,19,184,194,104,41,9,];False
9611;9155;18766;[0,1,2,25,189,5,6,61,38,199,10,11,12,181,14,15,16,156,18,196,20,21,22,23,24,3,26,27,28,29,30,79,32,33,34,35,36,37,8,64,13,41,118,122,44,45,46,47,68,123,50,86,52,53,54,55,56,59,58,57,60,7,62,63,40,65,66,67,48,69,70,71,4,73,74,75,112,77,150,31,80,81,82,83,84,85,89,87,88,51,90,191,142,168,94,95,96,97,134,99,100,101,102,98,197,169,106,107,108,109,110,111,76,113,114,173,116,49,42,119,120,121,43,117,124,125,126,127,128,129,153,131,132,133,103,92,136,137,138,139,140,141,161,143,144,145,146,147,148,149,78,151,152,130,154,155,17,157,158,159,160,135,162,163,164,165,166,167,93,105,170,171,172,115,174,175,176,177,178,179,180,39,182,183,195,185,186,187,188,72,190,91,192,193,19,184,194,104,198,9,];False
9648;9111;18759;[0,1,2,25,189,5,6,61,38,199,10,11,12,181,14,15,16,156,18,196,20,21,22,23,24,3,26,27,28,29,30,79,32,33,34,35,36,37,8,64,13,41,118,122,44,45,46,47,68,123,50,86,52,53,54,55,56,59,58,57,60,7,62,63,40,65,66,67,48,69,70,71,4,73,74,114,112,77,150,31,80,81,82,83,84,85,89,87,88,51,90,191,142,168,94,95,96,97,134,99,100,101,102,98,197,105,106,107,108,148,110,111,76,113,75,173,116,49,42,119,120,121,43,117,124,125,126,127,128,129,153,131,132,133,103,92,136,137,138,139,140,141,161,143,144,145,146,147,109,149,78,151,152,130,154,155,17,157,158,159,160,135,162,163,164,165,166,167,93,169,170,171,172,115,174,175,176,177,178,179,180,39,182,183,195,185,186,187,188,72,190,91,192,193,19,184,194,104,198,9,];False
9657;9085;18742;[0,1,73,25,189,5,6,61,38,199,10,11,12,181,14,15,16,156,18,196,20,21,22,23,24,3,26,183,28,29,30,79,32,33,34,35,36,37,8,64,13,198,118,122,44,45,46,47,68,123,50,86,52,53,54,55,56,59,58,57,60,7,62,63,40,65,66,67,48,174,70,71,4,2,74,114,112,77,150,31,80,81,82,83,84,85,89,87,88,51,90,191,142,168,94,95,96,97,121,99,100,101,102,98,197,105,163,107,108,148,110,111,76,113,75,173,116,49,42,119,120,134,43,117,124,125,126,127,128,129,153,131,132,133,103,92,136,137,157,139,140,141,161,143,144,145,146,147,109,149,78,151,152,130,154,155,17,138,158,159,160,135,162,106,164,165,166,167,93,169,170,171,172,115,69,175,176,177,178,179,180,39,182,27,195,185,186,187,188,72,190,91,192,193,19,184,194,104,41,9,];False
9709;9029;18738;[0,1,2,25,189,5,6,61,38,199,10,11,12,181,14,15,16,156,18,196,20,21,22,23,24,3,26,183,28,29,30,79,32,33,34,35,36,37,8,64,13,198,118,122,44,45,46,47,68,123,50,86,52,53,54,55,56,59,58,57,60,7,62,63,40,77,66,67,48,174,70,71,4,73,74,114,112,65,150,31,80,81,82,83,84,85,89,87,88,51,90,191,142,168,94,95,96,97,121,99,100,101,102,98,197,105,163,107,108,148,110,111,76,113,75,173,116,49,42,119,120,134,43,117,124,125,126,127,128,129,153,131,132,133,103,92,136,137,157,139,140,141,161,143,144,145,146,147,109,149,78,151,152,130,154,155,17,138,158,159,160,135,162,106,164,165,166,167,93,169,170,171,172,115,69,175,176,177,178,179,180,39,182,27,195,185,186,187,188,72,190,91,192,193,19,184,194,104,41,9,];False
9715;9016;18731;[0,1,2,25,189,5,6,61,38,199,10,11,12,181,14,15,16,156,18,196,20,21,22,23,24,3,26,183,28,29,30,79,55,33,34,35,36,37,8,64,13,198,118,122,44,45,46,47,68,123,50,86,52,53,54,32,56,59,58,57,60,7,62,63,40,65,66,67,48,174,70,71,4,73,74,114,112,77,150,31,80,81,82,83,84,85,89,87,88,51,90,191,142,168,94,95,96,97,121,99,100,101,102,98,197,105,163,107,108,148,110,111,76,113,75,173,116,49,42,119,120,134,43,117,124,125,126,127,128,129,153,131,132,133,103,92,136,137,157,139,140,141,161,143,144,145,146,147,109,149,78,151,152,130,154,155,17,138,158,159,160,135,162,106,164,165,166,167,93,169,170,171,172,115,69,175,176,177,178,179,180,39,182,27,195,185,186,187,188,72,190,91,192,193,19,184,194,104,41,9,];False
9673;9031;18704;[0,1,2,25,189,5,6,61,38,199,10,11,12,181,14,15,16,156,18,196,20,21,22,23,24,3,26,183,28,29,30,79,32,33,34,35,36,37,8,64,13,198,118,122,44,45,46,47,68,123,50,86,135,53,54,55,56,59,58,57,60,7,62,63,40,65,66,67,48,174,70,71,4,73,74,114,112,77,150,31,80,81,82,83,84,85,89,87,88,51,90,191,142,168,94,95,96,97,121,99,100,101,102,98,197,105,163,107,108,148,110,111,76,113,75,173,116,49,42,119,120,134,43,117,124,125,126,127,128,129,153,131,132,133,103,92,136,137,157,139,140,141,161,143,144,145,146,147,109,149,78,151,152,130,154,155,17,138,158,159,160,52,162,106,164,165,166,167,93,169,170,171,172,115,69,175,176,177,178,179,180,39,182,27,195,185,186,187,188,72,190,91,192,193,19,184,194,104,41,9,];False
9550;9127;18677;[0,1,2,25,189,5,6,61,38,199,10,11,12,181,14,15,16,156,18,196,20,21,22,23,24,3,26,27,28,29,30,79,32,33,34,35,36,37,8,64,13,41,118,122,44,45,46,47,68,123,50,86,52,53,54,55,56,59,58,57,60,7,62,63,40,65,66,67,48,69,70,71,4,73,74,114,112,77,150,31,80,81,82,83,84,85,89,87,88,51,90,191,142,168,94,95,96,97,134,99,100,101,102,98,197,105,106,107,108,109,110,111,76,113,75,173,116,49,42,119,120,121,43,117,124,125,126,127,128,129,153,131,132,133,103,92,136,137,138,139,194,141,161,143,144,145,146,147,148,149,78,151,152,130,154,155,17,157,158,159,160,135,162,163,164,165,166,167,93,169,170,171,172,115,174,175,176,177,178,179,180,39,182,183,195,185,186,187,188,72,190,91,192,193,19,184,140,104,198,9,];False
9582;9078;18660;[0,1,2,25,189,5,6,61,38,199,10,11,12,181,14,15,16,156,18,196,20,21,22,23,24,3,26,27,28,29,30,79,32,33,34,35,36,37,8,64,13,198,118,122,44,45,46,47,68,123,50,86,52,53,54,55,56,59,58,102,60,7,62,63,40,65,66,67,48,174,70,71,4,73,74,114,112,77,150,31,80,81,82,83,84,85,89,87,88,51,90,191,142,168,94,95,96,97,134,99,100,101,57,98,197,105,106,107,108,148,110,111,76,113,75,173,116,49,42,119,120,121,43,117,124,125,126,127,128,129,153,131,132,133,103,92,136,137,138,139,140,141,161,143,144,145,146,147,109,149,78,151,152,130,154,155,17,157,158,159,160,135,162,163,164,165,166,167,93,169,170,171,172,115,69,175,176,177,178,179,180,39,182,183,195,185,186,187,188,72,190,91,192,193,19,184,194,104,41,9,];False
9626;9007;18633;[0,1,2,25,189,5,6,61,38,199,10,11,12,181,14,15,16,156,18,196,20,21,22,23,24,3,26,183,28,29,30,79,32,33,34,35,36,37,8,64,13,198,118,122,44,45,46,47,68,123,50,86,52,53,54,55,56,59,58,57,60,7,62,63,40,65,66,67,48,174,70,71,4,73,74,114,112,77,150,31,80,81,82,83,84,85,89,87,88,51,90,191,142,168,94,95,96,97,121,99,100,101,102,98,197,105,163,107,108,148,110,111,76,113,75,173,116,49,42,119,120,134,43,117,124,125,126,127,128,129,153,131,132,133,103,92,136,137,157,139,140,141,161,143,144,145,146,147,109,149,78,151,152,130,154,155,17,138,158,159,160,135,162,106,164,165,166,167,93,169,170,171,172,115,69,175,176,177,178,179,180,39,182,27,195,185,186,187,188,72,190,91,192,193,19,184,194,104,41,9,];False
9541;9078;18619;[0,1,2,25,189,5,6,61,38,199,10,11,12,181,14,15,16,156,18,196,20,21,22,23,24,3,26,27,28,29,30,79,32,33,34,35,36,37,8,64,13,41,118,122,44,45,46,47,68,123,50,86,52,53,54,55,56,59,58,57,60,7,62,63,40,65,66,67,48,174,70,71,4,73,74,114,112,77,150,31,80,81,82,83,84,85,89,87,88,51,90,191,142,168,94,95,96,97,134,99,100,101,102,98,197,105,106,107,108,148,110,111,76,113,75,173,116,49,42,119,120,121,43,117,124,125,126,127,128,129,153,131,132,133,103,92,136,137,138,139,140,141,161,143,144,145,146,147,109,149,78,151,152,130,154,155,17,157,158,159,160,135,162,163,164,165,166,167,93,169,170,171,172,115,69,175,176,177,178,179,180,39,182,183,195,185,186,187,188,72,190,91,192,193,19,184,194,104,198,9,];False
9526;9074;18600;[0,1,2,25,189,5,6,61,38,199,10,11,12,181,14,15,16,156,18,196,20,21,22,23,24,3,26,183,28,29,30,92,32,33,34,35,36,37,8,64,13,198,118,122,44,45,46,47,68,123,50,86,52,53,54,55,56,59,58,57,60,7,62,63,40,65,66,67,48,174,70,71,4,73,74,114,112,77,150,31,80,81,82,83,84,85,89,87,88,51,90,191,142,168,94,95,96,97,121,99,100,101,102,98,197,105,163,107,108,148,110,111,76,113,75,173,116,49,42,119,120,134,43,117,124,125,126,127,128,129,153,131,132,133,103,79,136,137,157,139,140,141,161,143,144,145,146,147,109,149,78,151,152,130,154,155,17,138,158,159,160,135,162,106,164,165,166,167,93,169,170,171,172,115,69,175,176,177,178,179,180,39,182,27,195,185,186,187,188,72,190,91,192,193,19,184,194,104,41,9,];False
9592;9008;18600;[0,1,2,25,189,5,6,61,38,199,10,11,12,181,14,15,16,156,18,196,20,21,22,23,24,3,26,183,28,29,30,115,32,33,34,35,36,37,8,64,13,198,118,122,44,45,46,47,68,123,50,86,52,53,54,55,56,59,58,57,60,7,62,63,40,65,66,67,48,174,9,71,4,73,74,114,112,77,150,31,80,81,82,83,84,85,89,87,88,51,90,191,142,168,94,95,96,97,121,99,100,101,102,98,197,105,163,107,108,148,110,111,76,113,75,173,116,49,42,119,120,134,43,117,124,125,126,127,128,129,153,131,132,133,103,92,136,137,157,139,140,141,161,143,144,145,146,147,109,149,78,151,152,130,154,155,17,138,158,159,160,135,162,106,164,165,166,167,93,169,170,171,172,79,69,175,176,177,178,179,180,39,182,27,195,185,186,187,188,72,190,91,192,193,19,184,194,104,41,70,];False
9597;9003;18600;[0,1,2,25,189,5,6,61,38,199,10,11,12,181,14,15,16,156,18,196,20,21,22,23,24,3,26,183,28,29,30,115,32,33,34,35,36,37,8,64,13,198,118,122,44,45,46,47,68,123,50,86,52,53,54,55,56,117,58,57,60,7,62,63,40,65,66,67,48,174,70,71,4,73,74,114,112,77,150,31,80,81,82,83,84,85,89,87,88,51,90,191,142,168,94,95,96,97,121,99,100,101,102,98,197,105,163,107,108,148,110,111,76,113,75,173,116,49,42,119,120,134,43,59,124,125,126,127,128,129,153,131,132,133,103,92,136,137,157,139,140,141,161,143,144,145,146,147,109,149,78,151,152,130,154,155,17,138,158,159,160,135,162,106,164,165,166,167,93,169,170,171,172,79,69,175,176,177,178,179,180,39,182,27,195,185,186,187,188,72,190,91,192,193,19,184,194,104,41,9,];False
9493;9106;18599;[0,1,2,25,189,5,6,61,38,199,10,11,12,181,14,15,16,156,18,196,20,21,22,23,24,3,26,183,28,29,30,79,32,33,34,35,36,37,8,64,13,198,68,122,44,45,46,47,118,123,50,86,52,53,54,55,56,59,58,57,60,7,62,63,40,65,66,67,48,174,70,71,4,73,74,114,112,77,150,31,80,81,82,83,84,85,89,87,88,51,90,191,142,168,94,95,96,97,134,99,100,101,102,98,197,105,106,107,108,148,110,111,76,113,75,173,116,49,42,119,120,121,43,117,124,125,126,127,128,129,153,131,132,133,103,92,136,137,138,139,140,141,161,143,144,145,146,147,109,149,78,151,152,130,154,155,17,157,158,159,160,135,162,163,164,165,166,167,93,169,170,171,172,115,69,175,176,177,178,179,180,39,182,27,195,185,186,187,188,72,190,91,192,193,19,184,194,104,41,9,];False
9513;9079;18592;[0,1,2,25,189,5,6,61,38,199,10,11,12,181,14,15,16,156,18,196,20,21,22,23,24,3,26,27,28,29,30,79,32,33,34,35,36,37,8,64,13,198,118,122,44,45,46,47,68,123,50,86,52,53,54,55,56,59,58,57,60,7,62,63,40,65,66,67,48,174,70,71,4,73,74,114,112,77,150,31,80,81,82,83,84,85,89,87,88,51,90,191,142,168,94,95,96,97,134,99,100,101,102,98,197,105,106,107,108,148,110,111,76,113,75,173,116,49,42,119,120,121,43,117,124,125,126,127,128,129,153,131,132,133,103,92,136,137,138,139,140,141,161,143,144,145,146,147,109,149,78,151,152,130,154,155,17,157,158,159,160,135,162,163,164,165,166,167,93,169,170,171,172,115,69,175,176,177,178,179,180,39,182,183,195,185,186,187,188,72,190,91,192,193,19,184,194,104,41,9,];False
9562;9023;18585;[0,1,2,25,189,5,6,61,38,199,10,11,12,181,14,15,16,156,18,196,20,21,22,23,24,3,26,183,28,29,30,79,32,33,34,35,36,37,8,64,13,198,118,122,44,45,46,47,68,123,50,86,52,53,54,55,56,59,58,57,60,7,62,63,40,65,66,67,48,174,70,71,4,73,74,114,112,77,150,31,80,81,82,83,84,85,89,87,88,51,90,191,142,168,94,95,96,97,121,99,100,101,102,98,197,105,106,107,108,148,110,111,76,113,75,173,116,49,42,119,120,134,43,117,124,125,126,127,128,129,153,131,132,133,103,92,136,137,157,139,140,141,161,143,144,145,146,147,109,149,78,151,152,130,154,155,17,138,158,159,160,135,162,163,164,165,166,167,93,169,170,171,172,115,69,175,176,177,178,179,180,39,182,27,195,185,186,187,188,72,190,91,192,193,19,184,194,104,41,9,];False
9558;9018;18576;[0,1,2,25,189,5,6,61,38,199,10,11,12,181,14,15,16,156,18,196,20,21,22,23,24,3,26,183,28,29,30,115,32,33,34,35,36,37,8,64,13,198,118,122,44,45,46,47,68,123,50,86,52,53,54,55,56,59,58,57,60,7,151,63,40,65,66,67,48,174,70,71,4,73,74,114,112,77,150,31,80,81,82,83,84,85,89,87,88,51,90,191,142,168,94,95,96,97,121,99,100,101,102,98,197,105,163,107,108,148,110,111,76,113,75,173,116,49,42,119,120,134,43,117,124,125,126,127,128,129,153,131,132,133,103,92,136,137,157,139,140,141,161,143,144,145,146,147,109,149,78,62,152,130,154,155,17,138,158,159,160,135,162,106,164,165,166,167,93,169,170,171,172,79,69,175,176,177,178,179,180,39,182,27,195,185,186,187,188,72,190,91,192,193,19,184,194,104,41,9,];False
9535;9034;18569;[0,1,2,25,189,5,6,61,38,199,10,11,12,181,14,15,16,156,18,196,20,21,22,23,24,3,26,183,28,29,30,79,32,33,34,35,36,37,8,64,13,198,118,122,44,45,46,47,68,123,50,86,52,53,54,55,56,59,58,57,60,7,62,63,40,65,66,67,48,174,70,71,4,73,74,114,112,77,150,31,80,81,82,83,84,85,89,87,88,51,90,191,142,168,94,95,96,97,121,99,100,101,102,98,197,105,106,107,108,148,110,111,76,113,75,173,116,49,42,119,120,134,43,117,124,125,126,127,128,129,153,131,132,133,103,92,136,137,138,139,140,141,161,143,144,145,146,147,109,149,78,151,152,130,154,155,17,157,158,159,160,135,162,163,164,165,166,167,93,169,170,171,172,115,69,175,176,177,178,179,180,39,182,27,195,185,186,187,188,72,190,91,192,193,19,184,194,104,41,9,];False
9509;9051;18560;[0,1,2,25,189,5,6,61,38,199,10,11,12,181,14,15,16,156,18,196,20,21,22,23,24,3,26,183,28,29,30,115,32,33,34,35,36,37,8,64,13,198,118,122,44,45,46,47,68,123,50,86,52,53,54,55,56,59,58,57,60,7,62,63,40,65,66,67,48,174,70,71,4,73,74,114,112,77,150,31,80,81,82,83,84,85,49,87,88,51,90,191,142,168,94,95,96,97,121,99,100,101,102,98,197,105,163,107,108,148,110,111,76,113,75,173,116,89,42,119,120,134,43,117,124,125,126,127,128,129,153,131,132,133,103,92,136,137,157,139,140,141,161,143,144,145,146,147,109,149,78,151,152,130,154,155,17,138,158,159,160,135,162,106,164,165,166,167,93,169,170,171,172,79,69,175,176,177,178,179,180,39,182,27,195,185,186,187,188,72,190,91,192,193,19,184,194,104,41,9,];False
9496;9058;18554;[0,1,2,25,189,5,6,61,38,199,10,11,12,181,14,15,16,156,18,196,20,21,22,23,24,3,26,183,28,29,30,79,32,33,34,35,36,37,8,64,13,198,118,122,44,45,46,47,68,123,50,86,52,53,54,55,56,59,58,57,60,7,62,63,40,65,66,67,48,174,70,71,4,73,74,114,112,77,150,31,80,81,82,83,84,85,89,87,88,51,90,191,142,168,94,95,96,97,134,99,100,101,102,98,197,105,106,107,108,148,110,111,76,113,75,173,116,49,42,119,120,121,43,117,124,125,126,127,128,129,153,131,132,133,103,92,136,137,138,139,140,141,161,143,144,145,146,147,109,149,78,151,152,130,154,155,17,157,158,159,160,135,162,163,164,165,166,167,93,169,170,171,172,115,69,175,176,177,178,179,180,39,182,27,195,185,186,187,188,72,190,91,192,193,19,184,194,104,41,9,];False
9532;9008;18540;[0,1,2,25,189,5,6,61,38,199,10,11,12,181,14,15,16,156,18,196,20,21,22,23,24,3,26,183,28,29,30,115,32,33,34,35,36,37,8,64,13,198,118,122,44,45,46,47,68,123,50,86,52,53,54,55,56,59,58,57,60,7,62,63,40,65,66,67,48,174,70,71,4,73,74,114,112,77,150,31,80,81,82,83,84,85,89,87,88,51,90,191,142,168,94,95,96,97,121,99,100,101,102,98,197,105,163,107,108,148,110,111,76,113,75,173,116,49,42,119,120,134,43,117,124,125,126,127,128,129,153,131,132,133,103,92,136,137,157,139,140,141,161,143,144,145,146,147,109,149,78,151,152,130,154,155,17,138,158,159,160,135,162,106,164,165,166,167,93,169,170,171,172,79,69,175,176,177,178,179,180,39,182,27,195,185,186,187,188,72,190,91,192,193,19,184,194,104,41,9,];False
9489;9019;18508;[0,1,2,25,189,5,6,61,38,199,10,11,12,181,14,15,16,156,18,196,20,21,22,23,24,3,26,183,28,29,30,115,32,33,34,35,36,37,8,64,13,198,118,122,44,45,46,47,68,123,50,86,52,53,54,55,169,59,58,57,60,7,62,63,40,65,66,67,48,174,70,71,4,73,74,114,112,77,150,31,80,81,82,83,84,85,89,87,88,51,90,191,142,168,94,95,96,97,121,99,100,101,102,98,197,105,163,107,108,148,110,111,76,113,75,173,116,49,42,119,120,134,43,117,124,125,126,127,128,129,153,131,132,133,103,92,136,137,157,139,140,141,161,143,144,145,146,147,109,149,78,151,152,130,154,155,17,138,158,159,160,135,162,106,164,165,166,167,93,56,170,171,172,79,69,175,176,177,178,179,180,39,182,27,195,185,186,187,188,72,190,91,192,193,19,184,194,104,41,9,];False
9437;8994;18431;[0,1,2,25,189,5,6,61,38,199,10,11,12,181,14,15,16,156,18,196,20,21,22,23,24,3,26,183,28,29,30,115,32,33,34,35,36,37,8,64,13,198,118,122,44,45,46,47,68,123,50,86,52,53,54,55,56,59,58,57,60,7,62,63,40,65,66,67,48,174,70,71,4,73,74,114,112,77,150,31,80,81,82,83,84,85,89,87,88,51,90,191,142,168,94,117,96,97,121,99,100,101,102,98,197,105,163,107,108,148,110,111,76,113,75,173,116,49,42,119,120,134,43,95,124,125,126,127,128,129,153,131,132,133,103,92,136,137,157,139,140,141,161,143,144,145,146,147,109,149,78,151,152,130,154,155,17,138,158,159,160,135,162,106,164,165,166,167,93,169,170,171,172,79,69,175,176,177,178,179,180,39,182,27,195,185,186,187,188,72,190,91,192,193,19,184,194,104,41,9,];False
9434;8992;18426;[0,1,2,25,189,5,6,61,38,199,10,11,12,181,14,15,16,156,18,196,20,21,22,23,24,3,26,183,28,29,30,115,32,33,34,35,36,37,8,64,13,198,118,122,44,45,46,47,68,123,50,86,52,53,54,55,56,59,58,57,60,7,62,63,40,65,66,67,48,174,194,71,4,73,74,114,112,77,150,31,80,81,82,83,84,85,89,87,88,51,90,191,142,168,94,117,96,97,121,99,100,101,102,98,197,105,163,107,108,148,110,111,76,113,75,173,116,49,42,119,120,134,43,95,124,125,126,127,128,129,153,131,132,133,103,92,136,137,157,139,140,141,161,143,144,145,146,147,109,149,78,151,152,130,154,155,17,138,158,159,160,135,162,106,164,165,166,167,93,169,170,171,172,79,69,175,176,177,178,179,180,39,182,27,195,185,186,187,188,72,190,91,192,193,19,184,70,104,41,9,];False
9382;9000;18382;[0,1,2,25,189,5,6,61,38,199,10,11,12,181,14,15,16,156,18,196,20,21,22,23,24,3,26,183,28,29,30,115,32,99,34,35,36,37,8,64,13,198,118,122,44,45,46,47,68,123,50,86,52,53,54,55,56,59,58,57,60,191,62,63,40,65,66,67,48,174,194,71,4,73,74,114,112,77,150,31,80,81,82,83,84,85,89,87,88,51,90,7,142,168,94,117,96,97,121,33,100,101,102,98,197,105,163,107,108,148,110,111,76,113,75,173,116,49,42,119,120,134,43,95,124,125,126,127,128,129,153,131,132,133,103,92,136,137,157,139,140,141,161,143,144,145,146,147,109,149,78,151,152,130,154,155,17,138,158,159,160,135,162,106,164,165,166,167,93,169,170,171,172,79,69,175,176,177,178,179,180,39,182,27,195,185,186,187,188,72,190,91,192,193,19,184,70,104,41,9,];False
9321;9020;18341;[0,1,2,25,189,5,6,61,38,199,10,11,12,181,14,15,16,156,18,196,20,21,22,23,24,3,26,183,28,29,30,115,32,99,34,35,36,37,8,64,13,198,118,122,44,45,46,47,68,123,50,86,52,53,54,55,56,59,58,57,60,7,62,63,40,190,66,67,48,174,194,71,4,73,74,114,112,77,150,31,80,81,82,83,84,85,89,87,88,51,90,191,117,168,94,142,96,97,121,33,100,101,102,98,197,105,163,107,108,148,110,111,76,113,75,173,116,49,42,119,120,134,43,95,124,125,126,127,128,129,153,131,132,133,103,92,136,137,157,139,140,141,161,143,144,145,146,147,109,149,78,151,152,130,154,155,17,138,158,159,160,135,162,106,164,165,166,167,93,169,170,171,172,79,69,175,176,177,178,179,180,39,182,27,195,185,186,187,188,72,65,91,192,193,19,184,70,104,41,9,];False
9360;8971;18331;[0,1,2,25,189,5,6,61,38,199,10,11,12,181,14,15,16,156,18,196,20,21,22,23,24,3,26,183,28,29,30,115,32,99,34,35,36,37,8,64,13,198,118,122,44,45,46,47,68,123,50,86,52,53,54,55,56,59,58,57,60,7,62,63,40,65,66,67,48,174,194,71,4,73,74,114,112,77,150,31,80,81,82,83,84,85,89,87,88,51,90,191,142,168,94,117,96,97,121,33,100,101,102,98,197,105,179,107,108,148,110,111,76,113,75,173,116,49,42,119,120,134,43,95,124,125,126,127,128,129,153,131,132,133,103,92,136,137,157,139,140,141,161,143,144,145,146,147,109,149,78,151,152,130,154,155,17,138,158,159,160,135,162,106,164,165,166,167,93,169,170,171,172,79,69,175,176,177,178,163,180,39,182,27,195,185,186,187,188,72,190,91,192,193,19,184,70,104,41,9,];False
9292;9009;18301;[0,88,2,25,189,5,6,61,38,199,49,11,12,181,14,15,16,156,18,196,20,21,22,23,24,3,26,183,28,29,30,115,32,99,34,35,36,37,8,64,13,198,118,122,44,45,46,47,68,123,50,86,52,53,54,55,56,59,58,57,60,7,62,63,40,190,66,67,48,174,194,71,4,73,74,114,112,77,150,31,80,81,82,83,84,85,89,87,1,51,90,191,142,168,94,117,96,97,121,27,100,101,102,98,197,105,163,107,108,148,110,111,76,113,75,173,116,10,42,119,120,134,43,95,124,125,126,127,128,129,153,131,132,133,103,92,136,137,157,139,140,141,161,143,144,145,162,147,109,149,78,151,152,130,154,155,17,138,158,159,160,135,146,106,164,165,166,167,93,169,170,171,172,79,69,175,176,177,178,179,180,39,182,33,195,185,186,187,188,72,65,91,192,193,19,184,70,104,41,9,];False
9294;8982;18276;[0,1,2,25,189,5,6,61,38,199,10,11,12,181,14,15,16,156,18,196,20,21,22,23,24,3,26,183,28,29,30,115,32,99,34,35,36,37,8,64,13,198,118,122,44,45,46,47,68,123,50,86,52,53,54,55,56,59,58,57,60,7,62,63,40,65,66,67,48,174,194,71,4,73,74,114,112,77,150,31,80,81,82,83,84,85,89,87,88,51,90,191,142,168,94,117,96,97,121,33,100,101,102,98,197,105,163,107,108,148,110,111,76,113,75,173,116,49,42,119,120,134,43,95,124,125,126,127,128,129,153,131,132,133,103,92,136,137,157,139,140,141,161,143,144,145,146,147,109,149,78,151,152,130,154,155,17,138,158,159,160,135,162,106,164,165,166,167,93,169,182,171,172,79,69,175,176,177,178,179,180,39,170,27,195,185,186,187,188,72,190,91,192,193,19,184,70,104,41,9,];False
9281;8977;18258;[0,1,2,25,189,5,6,61,38,199,10,11,12,181,14,15,16,156,18,196,20,21,22,23,24,3,26,183,28,29,30,115,32,99,34,35,36,37,8,64,13,198,118,122,44,45,46,47,68,123,50,86,52,53,54,55,56,59,58,57,60,7,62,63,40,65,66,67,48,174,194,71,4,73,74,114,112,77,150,31,80,81,82,83,84,85,89,87,88,51,90,191,142,168,94,117,96,97,121,33,100,101,102,98,197,105,163,107,108,148,110,111,76,113,75,173,116,49,42,119,120,134,43,95,124,125,126,127,128,129,153,131,132,133,103,92,136,137,157,139,140,141,161,143,144,145,146,147,109,149,78,151,152,130,154,155,17,138,158,159,160,135,162,106,164,165,166,167,93,169,170,171,172,79,69,175,176,177,178,179,180,39,182,27,195,185,186,187,188,72,190,91,192,193,19,184,70,104,41,9,];False
9269;8983;18252;[0,1,2,25,189,5,6,61,38,199,10,11,12,181,14,15,16,156,18,196,20,21,22,23,24,3,26,183,28,29,30,115,32,99,34,35,36,37,8,64,13,198,118,122,44,45,46,47,68,123,50,86,52,53,54,55,56,59,58,57,60,7,62,63,40,190,66,67,48,174,194,71,4,73,74,114,112,77,150,31,80,81,82,83,84,85,89,87,88,51,90,191,142,168,94,117,96,97,121,33,100,101,102,98,197,105,163,107,108,148,110,111,76,113,75,173,116,49,42,119,120,134,43,95,124,125,126,127,128,129,153,131,132,133,103,92,136,137,157,139,140,141,161,143,144,145,146,147,109,149,78,151,152,188,154,155,17,138,158,159,160,135,162,106,164,165,166,167,93,169,170,171,172,79,69,175,176,177,178,179,180,39,182,27,195,185,186,187,130,72,65,91,192,193,19,184,70,104,41,9,];False
9230;8993;18223;[0,88,2,25,189,5,6,61,38,199,49,11,12,181,14,15,16,156,18,196,20,21,22,23,24,3,26,183,28,29,30,115,32,99,34,35,36,37,8,64,13,198,118,122,44,45,46,47,68,123,50,86,52,53,54,55,56,59,58,57,60,7,62,63,79,190,66,67,48,174,194,71,4,73,74,114,112,77,150,31,80,81,82,83,84,85,89,87,1,51,90,191,142,168,94,117,96,97,121,33,100,101,102,98,197,105,163,107,108,148,110,111,76,113,75,173,116,10,42,119,120,134,43,95,124,125,126,127,128,129,153,131,132,133,103,92,136,137,157,139,140,141,161,143,144,145,162,147,109,149,78,151,152,130,154,155,17,138,158,159,160,135,146,106,164,165,166,167,93,169,170,171,172,40,69,175,176,177,178,179,180,39,182,27,195,185,186,187,188,72,65,91,192,193,19,184,70,104,41,9,];False
9193;9025;18218;[0,1,2,25,189,5,6,186,38,199,10,11,12,181,14,15,16,156,18,196,20,21,22,23,24,3,26,183,28,29,30,115,32,99,34,35,36,37,8,64,13,198,118,122,44,45,46,47,68,123,50,86,52,53,54,55,56,59,58,57,60,7,62,63,40,65,66,67,48,174,194,71,4,73,74,114,112,77,150,31,80,81,82,83,84,85,89,87,88,51,90,191,142,168,94,117,96,97,121,33,100,101,102,98,197,105,163,107,108,148,110,111,76,113,75,173,116,49,42,119,120,134,43,95,124,125,126,127,128,129,153,131,132,133,103,92,136,137,157,139,140,141,161,143,144,145,146,147,109,149,78,151,152,130,154,155,17,138,158,159,160,135,162,106,164,165,166,167,93,169,170,171,172,79,69,175,176,177,178,179,180,39,182,27,195,185,61,187,188,72,190,91,192,193,19,184,70,104,41,9,];False
9266;8945;18211;[0,88,2,25,189,5,6,61,38,199,49,11,12,181,14,15,16,156,18,196,20,21,22,23,24,3,26,183,28,29,30,115,32,99,34,35,36,37,8,64,13,198,118,122,44,45,46,47,68,123,50,86,52,53,54,55,56,59,58,57,60,7,62,63,40,190,66,67,48,174,194,71,4,73,74,114,112,77,150,31,80,81,82,83,84,85,89,87,1,51,90,191,142,168,94,117,96,97,121,33,100,101,102,98,197,105,163,107,108,148,110,111,76,113,75,173,116,10,42,119,120,134,43,95,124,125,126,127,128,129,153,131,132,133,103,92,136,137,157,139,140,141,161,143,144,145,162,147,109,149,78,151,152,130,154,155,17,138,158,159,160,135,146,106,164,165,166,167,93,169,170,171,172,79,69,179,176,177,178,175,180,39,182,27,195,185,186,187,188,72,65,91,192,193,19,184,70,104,41,9,];False
9211;8995;18206;[0,88,2,25,189,5,6,61,38,199,49,11,12,181,14,15,16,156,18,196,20,21,22,23,24,3,26,183,28,29,30,115,32,99,34,35,36,37,146,64,13,198,118,122,44,45,46,47,68,123,50,86,52,53,54,55,56,59,58,57,60,7,62,63,40,190,66,67,48,174,194,71,4,73,74,114,112,77,150,31,80,81,82,83,84,85,89,87,1,51,90,191,142,168,94,117,96,97,121,33,100,101,102,98,197,105,163,107,108,148,110,111,76,113,75,173,116,10,42,119,120,134,43,95,124,125,126,127,128,129,153,131,132,133,103,92,136,137,157,139,140,141,161,143,144,145,162,147,109,149,78,151,152,130,154,155,17,138,158,159,160,135,8,106,164,165,166,167,93,169,170,171,172,79,69,175,176,177,178,179,180,39,182,27,195,185,186,187,188,72,65,91,192,193,19,184,70,104,41,9,];False
9220;8976;18196;[0,88,2,25,189,5,6,61,38,199,49,11,12,181,14,15,16,156,18,196,20,21,22,23,24,3,26,183,28,29,30,115,32,99,34,85,36,37,8,64,13,198,118,122,44,45,46,47,68,123,50,86,52,53,54,55,56,59,58,57,60,7,62,63,40,190,66,67,48,174,194,71,4,73,74,114,112,77,150,31,80,81,82,83,84,35,89,87,1,51,90,191,142,168,94,117,96,97,121,33,100,101,102,98,197,105,163,107,108,148,110,111,76,113,75,173,116,10,42,119,120,134,43,95,124,125,126,127,128,129,153,131,132,133,103,92,136,137,157,139,140,141,161,143,144,145,162,147,109,149,78,151,152,130,154,155,17,138,158,159,160,135,146,106,164,165,166,167,93,169,170,171,172,79,69,175,176,177,178,179,180,39,182,27,195,185,186,187,188,72,65,91,192,193,19,184,70,104,41,9,];False
9209;8973;18182;[0,88,2,25,189,5,6,61,38,199,49,11,12,181,14,15,16,156,18,196,20,21,22,23,24,3,26,183,28,139,30,115,32,99,34,35,36,37,8,64,13,198,118,122,44,45,46,47,68,123,50,86,52,53,54,55,56,59,58,57,60,7,62,63,40,190,66,67,48,174,194,71,4,73,74,114,112,77,150,31,80,81,82,83,84,85,89,87,1,51,90,191,142,168,94,117,96,97,121,33,100,101,102,98,197,105,163,107,108,148,110,111,76,113,75,173,116,10,42,119,120,134,43,95,124,125,182,127,128,129,153,131,132,133,103,92,136,137,157,29,140,141,161,143,144,145,162,147,109,149,78,151,152,130,154,155,17,138,158,159,160,135,146,106,164,165,166,167,93,169,170,171,172,79,69,175,176,177,178,179,180,39,126,27,195,185,186,187,188,72,65,91,192,193,19,184,70,104,41,9,];False
9168;9007;18175;[0,88,2,25,189,5,6,61,38,199,10,11,12,181,14,15,16,156,18,196,20,21,22,23,24,3,26,183,28,29,30,115,32,99,34,35,36,37,8,64,13,198,118,122,44,45,46,47,68,123,50,86,52,53,54,55,56,59,58,57,60,7,62,63,40,190,66,67,48,174,194,71,4,73,74,114,112,77,150,31,80,81,82,83,84,85,89,87,1,51,90,191,142,168,94,117,96,97,121,143,100,101,102,98,197,105,163,107,108,148,110,111,76,113,75,173,116,49,42,119,120,134,43,95,124,125,126,127,128,129,153,131,132,133,103,92,136,137,157,139,140,141,161,33,144,145,146,147,109,149,78,151,152,130,154,155,17,138,158,159,160,135,162,106,164,165,166,167,93,169,170,171,172,79,69,175,176,177,178,179,180,39,182,27,195,185,186,187,188,72,65,91,192,193,19,184,70,104,41,9,];False
9123;9044;18167;[0,88,2,25,189,5,6,61,38,199,10,11,12,181,14,15,16,156,18,196,20,21,22,23,24,3,26,183,28,29,30,115,32,99,34,35,36,37,8,64,13,198,118,122,44,45,46,47,68,123,50,86,52,53,54,55,56,59,58,57,60,7,62,63,40,190,66,67,48,174,194,71,185,73,74,114,112,77,150,31,80,81,82,83,84,85,89,87,1,51,90,191,142,168,94,117,96,97,121,33,100,101,102,98,197,105,163,107,108,148,110,111,76,113,75,173,116,49,42,119,120,134,43,95,124,125,126,127,128,129,153,131,132,133,103,92,136,137,157,139,140,141,161,143,144,145,146,147,109,149,78,151,152,130,154,155,17,138,158,159,160,135,162,106,164,165,166,167,93,169,170,171,172,79,69,175,176,177,178,179,180,39,182,27,195,4,186,187,188,72,65,91,192,193,19,184,70,104,41,9,];False
9213;8948;18161;[0,88,2,25,189,5,6,61,38,199,49,11,12,181,14,15,16,156,18,196,20,21,22,23,24,3,26,183,28,29,30,115,32,99,34,35,36,37,8,64,13,198,118,122,44,45,46,47,68,123,50,86,52,53,54,55,56,59,58,57,60,7,62,63,40,190,66,67,48,174,194,71,4,73,74,114,112,77,150,31,80,81,82,83,84,85,89,87,1,51,90,191,142,168,94,117,96,97,121,33,100,101,102,98,197,105,163,195,108,148,110,111,76,113,75,173,116,10,42,119,120,134,43,95,124,125,126,127,128,129,153,131,132,133,103,92,136,137,157,139,140,141,161,143,144,145,162,147,109,149,78,151,152,130,154,155,17,138,158,159,160,135,146,106,164,165,166,167,93,169,170,171,172,79,69,175,176,177,178,179,180,39,182,27,107,185,186,187,188,72,65,91,192,193,19,184,70,104,41,9,];False
9144;9007;18151;[0,88,2,25,189,5,6,61,38,199,49,11,12,181,14,15,16,156,18,196,20,21,22,23,24,3,26,183,28,139,30,115,32,99,34,35,36,37,8,64,13,198,118,122,44,45,46,47,68,123,50,86,52,53,54,55,56,59,58,57,60,7,62,63,40,190,66,67,48,174,194,71,4,73,74,114,112,77,150,31,80,81,82,83,84,85,89,87,1,51,90,191,142,168,94,117,96,97,121,33,100,101,102,98,197,105,163,107,108,148,110,111,76,113,75,173,116,10,42,119,120,134,43,95,124,125,126,127,9,129,153,131,132,133,103,92,136,137,157,29,140,141,161,143,144,145,162,147,109,149,78,151,152,130,154,155,17,138,158,159,160,135,146,106,164,165,166,167,93,169,170,171,172,79,69,175,176,177,178,179,180,39,182,27,195,185,186,187,188,72,65,91,192,193,19,184,70,104,41,128,];False
9165;8985;18150;[0,1,2,25,189,5,6,61,38,199,10,11,12,181,14,15,16,156,18,196,20,21,22,23,24,3,26,183,28,29,30,115,32,99,34,35,36,37,8,64,13,198,118,122,44,45,46,47,68,123,50,86,52,53,54,55,56,59,58,57,60,7,62,63,40,190,66,67,48,174,194,71,4,73,74,114,112,77,150,31,80,81,82,83,84,85,89,87,88,51,90,191,142,168,94,117,96,97,121,33,100,101,102,98,197,105,163,107,108,148,110,111,76,113,75,173,116,49,42,119,120,134,43,95,124,125,126,127,128,129,153,131,132,133,103,92,136,137,157,139,140,141,161,143,144,145,146,147,109,149,78,151,152,130,154,155,17,138,158,159,160,135,162,106,164,165,166,167,93,169,170,171,172,79,69,175,176,177,178,179,180,39,182,27,195,185,186,187,188,72,65,91,192,193,19,184,70,104,41,9,];False
9164;8986;18150;[0,88,2,25,189,5,6,61,38,199,10,11,12,181,14,15,16,156,18,196,20,21,22,23,24,3,26,183,28,29,30,115,32,99,34,35,36,37,8,64,13,198,118,122,44,45,46,47,68,123,50,86,52,53,54,55,56,59,58,57,60,7,62,63,40,190,66,67,48,174,194,71,4,73,74,114,112,77,150,31,80,81,82,83,84,85,89,87,1,51,90,191,142,168,94,117,96,97,121,33,100,101,102,98,197,105,163,107,108,148,110,111,76,113,75,173,116,49,42,119,120,134,43,95,124,125,126,127,128,129,153,131,132,133,103,92,136,137,157,139,140,141,161,143,144,145,146,147,109,149,78,151,152,130,154,155,17,138,158,159,160,135,162,106,164,165,166,167,93,169,170,171,172,79,69,175,176,177,178,179,180,39,182,27,195,185,186,187,188,72,65,91,192,193,19,184,70,104,41,9,];False
9146;8991;18137;[0,88,2,25,189,5,6,61,38,199,49,11,12,181,14,15,16,156,18,196,20,21,22,23,24,3,26,183,28,139,30,115,32,99,34,35,36,37,8,64,13,198,118,122,44,45,46,47,68,123,50,86,52,53,54,55,56,59,58,57,60,7,62,63,40,190,66,67,48,174,194,71,4,73,74,114,112,77,150,31,80,81,82,83,84,85,89,87,1,51,90,191,142,168,94,117,96,97,121,33,100,101,102,98,197,105,163,107,108,148,110,111,76,113,75,155,116,10,42,119,120,134,43,95,124,125,126,127,128,129,153,131,132,133,103,92,136,137,157,29,140,141,161,143,144,145,162,147,109,149,78,151,152,130,154,173,17,138,158,159,160,135,146,106,164,165,166,167,93,169,170,171,172,79,69,175,176,177,178,179,180,39,182,27,195,185,186,187,188,72,65,91,192,193,19,184,70,104,41,9,];False
9157;8974;18131;[0,88,2,25,189,5,6,61,38,199,49,11,12,181,14,15,16,156,18,196,20,21,22,23,24,3,26,183,28,29,30,115,32,99,34,35,36,37,8,64,13,198,118,122,44,45,46,47,68,123,50,86,52,53,54,55,56,59,58,57,60,7,62,63,40,190,66,67,48,174,194,71,4,73,74,114,112,77,150,31,80,81,82,83,84,85,89,87,1,51,90,191,142,168,94,117,96,97,121,33,100,101,102,98,197,105,163,107,108,148,110,111,76,113,75,173,116,10,42,119,120,134,43,95,124,125,126,127,128,129,153,131,132,133,103,92,136,137,157,139,140,141,161,143,144,145,146,147,109,149,78,151,152,130,154,155,17,138,158,159,160,135,162,106,164,165,166,167,93,169,170,171,172,79,69,175,176,177,178,179,180,39,182,27,195,185,186,187,188,72,65,91,192,193,19,184,70,104,41,9,];False
9137;8992;18129;[0,88,2,25,189,5,6,61,38,199,10,11,12,181,14,15,16,156,18,196,20,21,22,23,24,3,26,183,28,29,30,152,32,99,34,35,36,37,8,64,13,198,118,122,44,45,46,47,68,123,50,86,52,53,54,55,56,59,58,57,60,7,62,63,40,190,66,67,48,174,194,71,4,73,74,114,112,77,150,31,80,81,82,83,84,85,89,87,1,51,90,191,142,168,94,117,96,97,121,33,100,101,102,98,197,105,163,107,108,148,110,111,76,113,75,173,116,49,42,119,120,134,43,95,124,125,126,127,128,129,153,131,132,133,103,92,136,137,157,139,140,141,161,143,144,145,146,147,109,149,78,151,115,130,154,155,17,138,158,159,160,135,162,106,164,165,166,167,93,169,170,171,172,79,69,175,176,177,178,179,180,39,182,27,195,185,186,187,188,72,65,91,192,193,19,184,70,104,41,9,];False
9159;8947;18106;[0,88,2,25,189,5,6,61,38,199,49,11,12,181,14,15,16,156,18,196,20,21,22,23,24,3,26,183,28,29,30,115,32,99,34,35,36,37,8,64,13,198,118,122,44,45,46,47,68,123,50,86,52,53,54,55,56,59,58,57,60,7,62,63,40,190,66,67,48,174,194,71,4,73,74,114,112,77,150,31,80,81,82,83,84,85,89,87,1,51,90,191,142,168,94,117,96,97,121,33,100,101,102,98,197,105,163,107,108,148,110,111,76,113,75,173,116,10,42,119,120,134,43,95,124,125,126,127,128,129,153,131,132,133,103,92,136,137,157,139,140,141,161,143,144,145,162,147,109,149,78,151,152,130,154,155,17,138,158,159,160,135,146,106,164,165,166,167,93,169,170,171,172,79,69,175,176,177,178,179,180,39,182,27,195,185,186,187,188,72,65,91,192,193,19,184,70,104,41,9,];False
9116;8951;18067;[0,88,2,25,189,5,6,61,38,199,49,11,12,181,14,15,16,156,18,196,20,21,22,23,24,3,26,183,28,139,30,115,32,99,34,35,36,37,8,64,13,198,118,122,44,45,46,47,68,123,50,86,52,53,54,55,56,59,58,57,60,7,62,63,40,190,66,67,48,174,194,71,4,73,74,114,112,77,150,31,80,81,82,83,84,85,89,87,1,51,90,191,142,168,94,117,96,97,121,33,100,101,102,98,197,105,163,107,108,148,110,111,76,113,75,173,116,10,42,119,120,134,43,95,124,125,126,127,128,129,153,131,132,133,103,92,136,137,157,29,140,141,161,143,144,145,162,147,109,149,78,151,152,130,154,155,17,138,158,159,160,135,146,106,164,165,166,167,93,169,170,171,172,79,69,175,176,177,178,179,180,39,182,27,195,185,186,187,188,72,65,91,192,193,19,184,70,104,41,9,];False
9054;8994;18048;[0,88,2,25,189,5,6,61,38,199,49,11,12,181,14,15,16,156,18,196,20,21,22,23,24,3,103,183,28,29,30,115,32,99,34,35,36,37,8,64,13,198,118,122,44,45,46,47,68,123,50,86,52,53,54,55,56,59,58,57,60,7,62,63,40,190,66,67,48,174,194,71,4,73,74,114,112,77,150,31,80,81,82,83,84,85,89,87,1,51,90,191,142,168,94,117,96,97,121,33,100,101,102,98,197,105,163,107,108,148,110,111,76,113,75,173,116,10,42,119,120,134,43,95,124,125,126,127,128,129,153,131,132,133,26,92,136,137,157,139,140,141,161,143,144,145,146,147,109,149,78,151,152,130,154,155,17,138,158,159,160,135,162,106,164,165,166,167,93,169,170,171,172,79,69,175,176,177,178,179,180,39,182,27,195,185,186,187,188,72,65,91,192,193,19,184,70,104,41,9,];False
9021;9017;18038;[0,88,2,25,189,5,6,61,38,199,49,11,12,181,14,15,16,156,18,196,20,21,22,23,24,3,26,131,28,29,30,115,32,99,34,35,36,37,8,64,13,198,118,122,44,45,46,47,68,123,50,86,52,53,54,55,56,59,58,57,60,7,62,63,40,190,66,67,48,174,194,71,4,73,74,114,112,77,150,31,80,81,82,83,84,85,89,87,1,51,90,191,142,168,94,117,96,97,121,33,100,101,102,98,197,105,163,107,108,148,110,111,76,113,75,173,116,10,42,119,120,134,43,95,124,125,126,127,128,129,153,183,132,133,103,92,136,137,157,139,140,141,161,143,144,145,146,147,109,149,78,151,152,130,154,155,17,138,158,159,160,135,162,106,164,165,166,167,93,169,170,171,172,79,69,175,176,177,178,179,180,39,182,27,195,185,186,187,188,72,65,91,192,193,19,184,70,104,41,9,];False
9063;8971;18034;[0,88,2,25,189,5,6,61,38,199,49,11,12,181,14,15,16,156,18,196,20,21,22,23,24,3,26,183,28,139,30,115,32,99,34,35,36,37,8,64,13,198,118,122,44,45,46,47,68,123,50,86,52,53,54,55,56,59,58,57,60,7,62,63,40,190,66,67,48,174,194,71,4,73,74,114,112,77,150,31,80,81,82,83,84,85,89,87,1,51,90,191,142,168,94,117,96,97,121,33,100,101,102,98,197,105,163,107,108,148,110,111,76,113,75,173,116,10,42,119,120,134,43,95,124,125,126,127,128,129,153,131,132,133,103,92,136,137,157,29,140,141,161,143,152,145,162,147,109,149,78,151,144,130,154,155,17,138,158,159,160,135,146,106,164,165,166,167,93,169,170,171,172,79,69,175,176,177,178,179,180,39,182,27,195,185,186,187,188,72,65,91,192,193,19,184,70,104,41,9,];False
9054;8959;18013;[0,88,2,25,189,5,6,61,38,199,49,11,12,181,14,15,16,156,18,196,20,21,22,23,24,3,26,183,28,139,30,115,32,99,34,35,36,37,8,64,13,198,118,122,44,45,46,47,68,123,50,86,52,53,54,55,56,59,58,57,60,7,141,63,40,190,66,67,48,174,194,71,4,73,74,114,112,77,150,31,80,81,82,83,84,85,89,87,1,51,90,191,142,168,94,117,96,97,121,33,100,101,102,98,197,105,163,107,108,148,110,111,76,113,75,173,116,10,42,119,120,134,43,95,124,125,126,127,128,129,153,131,132,133,103,92,136,137,157,29,140,62,161,143,144,145,162,147,109,149,78,151,152,130,154,155,17,138,158,159,160,135,146,106,164,165,166,167,93,169,170,171,172,79,69,175,176,177,178,179,180,39,182,27,195,185,186,187,188,72,65,91,192,193,19,184,70,104,41,9,];False
8977;8944;17921;[0,88,2,25,189,5,6,61,38,199,49,11,12,181,14,15,16,156,18,196,20,21,22,23,24,3,26,183,28,139,30,115,32,99,34,35,36,37,8,64,13,198,118,122,44,45,46,47,68,123,50,86,52,53,54,55,56,59,58,57,60,7,63,62,40,190,66,67,48,174,194,71,4,73,74,114,112,77,150,31,80,81,82,83,84,85,89,87,1,51,90,191,142,168,94,117,96,97,121,33,100,101,102,98,197,105,163,107,108,148,110,111,76,113,75,173,116,10,42,119,120,134,43,95,124,125,126,127,128,129,153,131,132,133,103,92,136,137,157,29,140,141,161,143,144,145,162,147,109,149,78,151,152,130,154,155,17,138,158,159,160,135,146,106,164,165,166,167,93,169,170,171,172,79,69,175,176,177,178,179,180,39,182,27,195,185,186,187,188,72,65,91,192,193,19,184,70,104,41,9,];False
8985;8916;17901;[0,88,2,25,189,5,6,61,38,199,49,11,12,181,14,15,16,156,18,196,20,21,22,23,24,3,26,183,28,139,30,115,32,99,34,35,36,37,8,64,13,198,118,122,44,45,46,47,68,123,50,86,52,53,54,55,56,59,58,57,60,7,63,62,40,190,66,67,48,174,194,71,4,73,74,114,112,77,150,161,80,81,82,83,84,85,89,87,1,51,90,191,142,168,94,117,96,97,121,33,100,101,102,98,197,105,163,107,158,148,110,111,76,113,75,173,116,10,42,119,120,134,43,95,124,125,126,127,128,129,153,131,132,133,103,92,136,137,157,29,140,141,31,143,144,145,162,147,109,149,78,151,152,17,154,155,130,138,108,159,160,135,146,106,164,165,166,167,93,169,170,171,172,79,69,175,176,177,178,179,180,39,182,27,195,185,186,187,188,72,65,91,192,193,19,184,70,104,41,9,];False
9004;8896;17900;[0,88,2,25,189,5,6,61,38,199,49,11,12,181,14,15,16,156,18,196,20,21,22,23,24,3,26,183,28,139,30,115,32,99,34,35,36,37,8,64,13,198,118,122,44,45,46,47,68,123,50,86,52,53,54,55,56,59,58,57,60,7,63,62,40,190,66,67,48,174,194,71,4,73,74,114,112,77,150,31,80,81,82,83,84,85,89,87,1,51,90,191,142,168,94,117,96,97,121,33,100,101,102,98,197,105,163,107,158,148,110,111,76,113,75,173,116,10,42,119,120,134,43,95,124,125,126,127,128,129,153,131,132,133,103,92,136,137,157,29,140,141,161,143,144,145,162,147,109,149,78,151,152,130,154,155,17,138,108,159,160,135,146,106,164,165,166,167,93,169,170,171,172,79,69,175,176,177,178,179,180,39,182,27,195,185,186,187,188,72,65,91,192,193,19,184,70,104,41,9,];False
8963;8907;17870;[0,175,2,25,189,5,6,61,38,199,49,11,12,110,14,15,16,156,18,196,20,21,22,23,24,3,26,183,28,139,30,115,32,99,34,35,36,37,8,64,13,198,118,122,44,45,46,47,68,123,50,86,52,53,54,55,56,59,58,57,60,7,63,62,40,190,66,67,48,174,194,71,4,73,74,114,112,77,150,161,80,81,82,83,84,85,89,87,1,51,90,191,142,168,94,117,96,97,121,33,100,101,102,98,197,105,163,107,158,148,181,111,76,113,75,173,116,10,42,119,120,134,43,95,124,125,126,127,128,129,153,131,132,133,103,92,136,137,157,29,140,141,31,143,144,145,162,147,109,149,78,151,152,130,154,155,17,138,108,159,160,135,146,106,164,165,166,167,93,169,170,171,172,79,69,88,176,177,178,179,180,39,182,27,195,185,186,187,188,72,65,91,192,193,19,184,70,104,41,9,];False
8940;8899;17839;[0,175,2,25,189,5,6,61,38,199,49,11,12,181,14,15,16,156,18,196,20,21,22,23,24,3,26,183,28,139,30,115,32,99,34,35,36,37,8,64,13,198,118,122,44,45,46,47,68,123,50,86,52,53,54,55,56,59,58,57,60,7,63,70,40,190,66,67,48,174,194,71,4,73,74,114,112,77,150,161,80,81,82,83,84,85,89,87,1,51,90,191,142,168,94,117,96,97,121,33,100,101,102,98,197,105,163,107,158,148,110,111,76,113,75,173,116,10,42,119,120,134,43,95,124,125,126,127,128,129,153,131,132,133,103,92,136,137,157,29,140,141,31,143,144,145,162,147,109,149,78,151,152,130,154,155,17,138,108,159,160,135,146,106,164,165,166,167,93,169,170,171,172,79,69,88,176,177,178,179,180,39,182,27,195,185,186,187,188,72,65,91,192,193,19,184,62,104,41,9,];False
8940;8898;17838;[0,175,2,25,189,5,63,61,38,199,49,11,12,181,14,15,16,156,18,196,20,21,22,23,24,3,26,183,28,139,30,115,32,99,34,35,36,37,8,64,13,198,118,122,44,45,46,47,68,123,50,86,52,53,54,55,56,59,58,57,60,7,6,62,40,190,66,67,48,174,194,71,4,73,74,114,112,77,150,161,80,81,82,83,84,85,89,87,1,51,90,191,142,168,94,117,96,97,121,33,100,101,102,98,197,105,163,107,158,148,110,111,76,113,75,173,116,10,42,119,120,134,43,95,124,125,126,127,128,129,153,131,132,133,103,92,136,137,157,29,140,141,31,143,144,145,162,147,109,149,78,151,152,130,154,155,17,138,108,159,160,135,146,106,164,165,166,167,93,169,170,171,172,79,69,88,176,177,178,179,180,39,182,27,195,185,186,187,188,72,65,91,192,193,19,184,70,104,41,9,];False
8890;8909;17799;[0,88,2,25,189,5,6,61,38,199,49,11,12,181,14,15,16,156,18,196,20,21,22,23,24,3,26,183,28,139,30,115,32,99,34,35,36,37,8,64,13,198,118,122,44,45,46,47,68,123,50,86,52,53,54,55,56,59,58,57,60,7,63,62,40,190,66,67,48,174,194,71,4,73,74,114,112,77,150,31,80,81,82,83,84,85,89,87,1,51,90,191,142,168,94,117,96,97,121,33,100,101,102,98,197,105,163,107,158,148,110,111,76,113,75,173,116,10,42,119,120,134,43,95,124,125,126,127,128,129,153,131,132,133,103,92,136,137,157,29,140,141,161,143,144,145,162,147,109,149,78,151,152,130,154,155,17,138,108,41,160,135,146,106,164,165,166,167,93,169,170,171,172,79,69,175,176,177,178,179,180,39,182,27,195,185,186,187,188,72,65,91,192,193,19,184,70,104,159,9,];False
8903;8890;17793;[0,175,2,25,189,5,6,61,38,199,49,11,12,181,14,15,16,156,18,196,20,21,22,23,24,3,26,183,28,139,30,115,32,99,34,35,36,37,8,64,13,198,118,122,44,45,46,47,68,123,50,86,52,53,54,55,56,59,58,57,60,7,63,62,40,190,66,67,48,174,194,71,4,73,74,114,112,77,150,161,80,81,82,83,84,85,89,87,1,51,90,191,142,168,94,117,96,97,121,33,100,101,102,98,197,105,163,107,158,148,110,111,76,113,42,173,116,10,75,119,120,134,43,95,124,125,126,127,128,129,153,131,132,133,103,92,136,137,157,29,140,141,31,143,144,145,162,147,109,149,78,151,152,130,154,155,17,138,108,159,160,135,146,106,164,165,166,167,93,169,170,171,172,79,69,88,176,177,178,179,180,39,182,27,195,185,186,187,188,72,65,91,192,193,19,184,70,104,41,9,];False
8874;8891;17765;[0,88,2,25,189,5,6,61,38,199,49,11,12,181,14,15,16,156,18,196,20,21,22,23,24,3,26,183,28,139,198,115,32,99,34,35,36,37,8,64,13,30,118,122,44,45,46,47,68,123,50,86,52,53,54,55,56,59,58,57,60,7,63,62,40,190,66,67,48,174,194,71,4,73,74,114,112,77,150,161,80,81,82,83,84,85,89,87,1,51,90,191,142,168,94,117,96,97,121,33,100,101,102,98,197,105,163,107,158,148,110,111,76,113,75,173,116,10,42,119,120,134,43,95,124,125,126,127,128,129,153,131,132,133,103,92,136,137,157,29,140,141,31,143,144,145,162,147,109,149,78,151,152,130,154,155,17,138,108,159,160,135,146,106,164,165,166,167,93,169,170,171,172,79,69,175,176,177,178,179,180,39,182,27,195,185,186,187,188,72,65,91,192,193,19,184,70,104,41,9,];False
8851;8891;17742;[0,175,2,25,189,5,6,61,38,199,49,11,12,181,14,15,16,156,18,196,20,21,22,23,24,3,26,183,28,139,30,115,32,99,34,35,36,37,8,64,13,198,118,122,44,45,46,47,68,123,50,86,52,53,54,55,56,59,58,57,60,85,63,62,40,190,66,67,48,174,194,71,4,73,74,114,112,77,150,161,80,81,82,83,84,7,89,87,1,51,90,191,142,168,94,117,96,97,121,33,100,101,102,98,197,105,163,107,158,148,110,111,76,113,75,173,116,10,42,119,120,134,43,95,124,125,126,127,128,129,153,131,132,133,103,92,136,137,157,29,140,141,31,143,144,145,162,147,109,149,78,151,152,130,154,155,17,138,108,159,160,135,146,106,164,165,166,167,93,169,170,171,172,79,69,88,176,177,178,179,180,39,182,27,195,185,186,187,188,72,65,91,192,193,19,184,70,104,41,9,];False
8842;8887;17729;[0,175,2,25,189,5,6,61,38,199,49,11,12,181,14,15,16,156,18,196,20,21,22,23,24,3,26,183,28,139,30,115,32,99,34,35,36,37,8,64,13,198,118,122,44,45,46,47,68,123,50,86,52,53,54,55,56,59,58,57,60,7,63,62,40,190,66,67,48,174,194,71,4,73,74,114,112,77,150,161,80,88,82,83,84,85,89,87,1,51,90,191,142,168,94,117,96,97,121,33,100,101,102,98,197,105,163,107,158,148,110,111,76,113,75,173,116,10,42,119,120,134,43,95,124,125,126,127,128,129,153,131,132,133,103,92,136,137,157,29,140,141,31,143,144,145,162,147,109,149,78,151,152,130,154,155,17,138,108,159,160,135,146,106,164,165,166,167,93,169,170,171,172,79,69,81,176,177,178,179,180,39,182,27,195,185,186,187,188,72,65,91,192,193,19,184,70,104,41,9,];False
8826;8894;17720;[0,88,2,25,189,5,6,61,38,199,49,11,12,181,14,15,16,156,18,196,20,21,22,23,24,3,26,183,28,139,30,115,32,99,34,35,36,37,8,64,13,198,118,122,44,45,46,47,68,123,50,86,52,53,54,55,56,59,58,57,60,7,63,62,40,190,66,67,48,174,194,71,4,73,74,114,112,77,150,161,80,81,82,83,84,85,89,87,1,51,90,191,142,168,94,117,96,97,121,33,100,101,102,98,197,105,163,107,158,148,110,111,76,113,75,173,116,10,42,119,120,134,43,95,124,125,126,127,128,129,153,131,132,133,103,92,136,137,157,29,140,141,31,143,144,145,162,147,109,149,78,151,152,130,154,155,17,138,108,159,160,135,146,106,164,165,166,167,93,169,170,171,172,79,69,175,176,177,178,179,180,39,182,27,195,185,186,187,188,72,65,91,192,193,19,184,70,104,41,9,];False
8826;8885;17711;[0,175,2,25,189,5,6,61,38,199,49,11,12,181,14,15,16,156,18,196,20,21,22,23,24,3,26,183,28,139,30,115,32,99,34,35,36,37,8,64,13,198,118,122,44,45,46,47,68,123,50,86,52,53,54,55,56,59,58,57,60,7,63,62,40,190,66,67,48,174,194,71,4,73,74,114,112,77,150,161,80,81,82,83,84,85,89,87,1,51,90,191,142,168,94,117,96,97,121,33,100,101,102,98,197,105,163,107,158,148,110,111,76,113,75,173,116,10,42,119,120,134,43,95,124,125,126,127,128,129,153,131,132,133,103,92,136,137,157,29,140,141,31,143,144,145,162,147,109,149,78,151,152,130,154,155,17,138,108,159,160,135,146,106,164,165,166,167,93,169,170,171,172,79,69,88,176,177,178,179,180,39,182,27,195,185,186,187,188,72,65,91,192,193,19,184,70,104,41,9,];False
8781;8917;17698;[0,88,2,25,189,5,6,61,38,199,49,11,12,181,14,15,16,156,18,196,20,21,22,23,24,3,26,183,28,139,30,115,32,99,34,35,36,37,8,64,13,198,118,122,44,45,46,47,68,123,50,86,52,53,54,55,56,59,58,57,60,7,63,62,40,51,66,67,48,174,194,71,4,73,74,114,112,77,150,161,80,81,82,83,84,85,89,87,1,190,90,191,142,168,94,117,96,97,121,33,100,101,102,98,197,105,163,107,158,148,110,111,76,113,75,173,116,10,42,119,120,134,43,95,124,125,126,127,128,129,153,131,132,133,103,92,136,137,157,29,140,141,31,143,144,145,162,147,109,149,78,151,152,130,154,155,17,138,108,159,160,135,146,106,164,165,166,167,93,169,170,171,172,79,69,175,176,177,178,179,180,39,182,27,195,185,186,187,188,72,65,91,192,193,19,184,70,104,41,9,];False
8752;8895;17647;[0,175,2,25,189,5,6,61,38,199,49,11,12,181,14,15,16,156,18,196,20,109,22,23,24,3,26,183,28,139,30,115,32,99,34,35,36,37,8,64,13,198,118,122,44,45,46,47,68,123,50,86,52,53,54,55,56,59,58,57,60,7,63,62,40,190,66,67,48,174,194,71,4,73,74,114,112,77,150,161,80,81,82,83,84,85,89,87,1,51,90,191,142,168,94,117,96,97,121,33,100,101,102,98,197,105,163,107,158,148,110,111,76,113,75,173,116,10,42,119,120,134,43,95,124,125,126,127,128,129,153,131,132,133,103,92,136,137,157,29,140,141,31,143,144,145,162,147,21,149,78,151,152,130,154,155,17,138,108,159,160,135,146,106,164,165,166,167,93,169,170,171,172,79,69,88,176,177,178,179,180,39,182,27,195,185,186,187,188,72,65,91,192,193,19,184,70,104,41,9,];False
8713;8905;17618;[0,175,2,25,189,5,6,61,38,199,49,11,12,181,14,15,16,156,18,196,20,138,22,23,24,3,26,183,28,139,132,115,32,99,34,35,36,37,8,64,13,198,118,122,44,45,46,47,68,123,50,86,52,53,54,55,56,59,58,57,60,7,63,62,40,190,66,67,48,174,194,71,4,73,74,114,112,77,150,161,80,81,82,83,84,85,89,87,1,51,90,191,142,168,94,117,96,97,121,33,100,101,102,98,197,105,163,107,158,148,110,111,76,113,75,173,116,10,42,119,120,134,43,95,124,125,126,127,128,129,153,131,30,133,103,92,136,137,157,29,140,141,31,143,144,145,152,147,109,149,78,151,162,130,154,155,17,21,108,159,160,135,146,106,164,165,166,167,93,169,170,171,172,79,69,88,176,177,178,179,180,39,182,27,195,185,186,187,188,72,65,91,192,193,19,184,70,104,41,9,];False
8735;8859;17594;[0,175,2,25,189,5,6,61,38,199,49,11,12,181,14,15,16,156,18,196,20,21,22,23,24,3,26,183,28,139,132,115,32,99,34,35,36,37,8,64,13,198,118,122,44,45,46,47,68,123,50,86,52,53,54,55,56,59,58,57,60,7,63,62,40,190,66,67,48,174,194,71,4,73,74,114,112,77,150,161,80,81,82,83,84,85,89,87,1,51,90,191,142,168,94,117,96,97,121,33,100,101,102,98,197,105,163,107,158,148,110,111,76,113,75,173,116,10,42,119,120,134,43,95,124,125,126,127,128,129,153,131,30,133,103,92,136,137,157,29,140,141,31,143,144,145,162,147,109,149,78,151,152,130,154,155,17,138,108,159,160,135,146,106,164,165,166,167,93,169,170,171,172,79,69,88,176,177,178,179,180,39,182,27,195,185,186,187,188,72,65,91,192,193,19,184,70,104,41,9,];False
8683;8860;17543;[0,175,2,25,189,5,6,61,38,199,49,11,12,181,14,15,16,156,18,196,20,138,22,23,24,3,26,183,28,139,132,115,32,99,34,35,36,37,8,64,13,198,118,72,44,45,46,47,68,123,50,86,52,53,54,55,56,59,58,57,60,7,63,62,40,190,66,67,48,174,194,71,4,73,74,114,112,77,150,161,80,81,82,83,84,85,89,87,1,51,90,191,142,168,94,117,96,97,121,33,100,101,102,98,197,105,163,107,158,148,110,111,76,113,75,173,116,10,42,119,120,134,43,95,124,125,126,127,128,129,153,131,30,133,103,92,136,137,157,29,146,141,31,143,144,145,162,147,109,149,78,151,152,130,154,155,17,21,108,159,160,135,140,106,164,165,166,167,93,169,170,171,172,79,69,88,176,177,178,179,180,39,182,27,195,185,186,187,188,122,65,91,192,193,19,184,70,104,41,9,];False
8755;8754;17509;[0,175,2,25,189,5,6,61,38,199,49,11,12,181,14,15,16,156,18,196,20,138,22,23,24,3,26,183,37,154,126,115,32,99,34,35,36,28,8,82,13,198,188,122,44,45,46,47,68,123,50,86,52,53,117,55,56,59,58,57,60,7,174,62,40,190,66,67,48,63,194,71,4,73,74,114,112,77,150,161,80,81,110,83,84,85,89,87,1,51,90,191,142,168,94,54,96,97,121,33,100,101,102,98,91,105,163,107,158,148,64,111,76,197,75,173,116,10,42,119,120,134,43,95,124,125,132,127,128,129,153,131,30,133,103,92,136,137,157,29,146,141,31,143,144,145,162,147,109,149,78,151,152,130,113,155,17,21,108,159,160,135,140,106,164,165,166,167,93,169,170,171,172,79,69,88,176,177,178,179,180,39,182,27,195,185,186,187,118,72,65,139,192,193,19,184,70,104,41,9,];False
8627;8866;17493;[0,175,2,25,189,5,6,61,38,199,49,11,12,181,14,15,16,156,18,196,20,138,22,23,24,3,26,183,28,139,132,115,32,99,34,35,36,37,8,64,13,198,118,122,44,45,46,47,68,123,50,86,52,53,54,55,56,59,58,57,60,7,63,62,40,190,66,67,48,174,194,71,4,73,74,114,112,77,150,161,80,81,82,83,84,85,89,87,1,51,90,191,142,168,94,158,96,97,121,33,100,101,102,98,113,105,163,107,117,148,110,111,76,197,75,173,116,10,42,119,120,134,43,95,124,125,126,127,128,129,153,131,30,133,103,92,136,137,157,29,146,141,31,143,144,145,162,147,109,149,78,151,152,130,154,155,17,21,108,159,160,135,140,106,164,165,166,167,93,169,170,171,172,79,69,88,176,177,178,179,180,39,182,27,195,185,186,187,188,72,65,91,192,193,19,184,70,104,41,9,];False
8597;8886;17483;[0,175,2,25,189,5,6,61,38,199,49,11,12,181,14,15,16,156,18,196,20,138,22,23,24,3,26,183,28,139,132,115,32,99,34,35,36,37,8,64,13,198,118,122,44,45,46,47,68,123,50,86,52,53,54,55,56,59,58,57,60,7,119,62,40,190,66,67,48,174,194,71,4,73,74,114,112,77,150,161,80,81,82,83,84,85,89,87,1,51,90,191,142,168,94,117,96,97,121,33,100,101,102,98,113,105,163,107,158,148,110,111,76,197,75,173,116,10,42,63,120,134,43,95,124,125,126,127,128,129,153,131,30,133,103,92,136,137,157,29,146,141,31,143,144,145,162,147,109,149,78,151,152,130,154,155,17,21,108,159,160,135,140,106,164,165,166,167,93,169,170,171,172,79,69,88,176,177,178,179,180,39,182,27,195,185,186,187,188,72,65,91,192,193,19,184,70,104,41,9,];False
8635;8846;17481;[0,175,2,25,189,5,6,61,38,199,49,11,12,181,14,15,16,156,18,196,20,138,22,23,24,3,26,183,28,139,132,115,32,99,34,35,36,37,8,64,13,198,118,122,44,45,46,47,68,123,50,86,52,53,54,55,56,59,58,57,60,7,63,62,40,190,66,67,48,174,194,71,4,73,74,114,112,77,150,161,80,81,82,83,84,85,89,87,1,51,90,191,142,168,94,117,96,97,121,33,100,101,102,98,197,105,163,107,158,148,110,111,76,113,75,173,116,10,42,119,120,134,43,95,124,125,126,127,128,129,153,131,30,133,103,92,136,137,157,29,140,141,31,143,144,145,162,147,109,149,78,151,152,130,154,155,17,21,108,159,160,135,146,106,164,165,166,167,93,169,170,171,172,79,69,88,176,177,178,179,180,39,182,27,195,185,186,187,188,72,65,91,192,193,19,184,70,104,41,9,];False
8623;8853;17476;[0,175,2,25,189,5,6,61,38,199,49,11,12,181,14,15,16,156,18,196,20,138,22,23,24,3,26,183,28,139,132,115,32,99,34,35,36,37,8,64,13,198,118,122,44,45,46,47,68,123,50,86,52,53,54,55,56,59,58,57,60,7,63,62,40,190,66,67,48,174,194,71,4,73,74,114,112,77,150,161,80,81,82,83,84,85,89,87,1,51,90,191,142,168,94,117,96,97,121,33,100,101,102,98,197,105,163,107,158,148,110,111,76,113,136,173,116,10,42,119,120,134,43,95,124,125,126,127,128,129,153,131,30,133,103,92,75,137,157,29,146,141,31,143,144,145,162,147,109,149,78,151,152,130,154,155,17,21,108,159,160,135,140,106,164,165,166,167,93,169,170,171,172,79,69,88,176,177,178,179,180,39,182,27,195,185,186,187,188,72,65,91,192,193,19,184,70,104,41,9,];False
8545;8875;17420;[0,175,2,25,189,5,6,61,38,199,49,11,12,15,14,181,16,156,18,196,20,138,22,23,24,3,26,183,28,139,132,115,32,99,34,35,36,37,8,64,13,198,118,122,44,45,46,47,68,123,50,86,52,53,54,55,56,59,58,57,60,7,63,62,40,190,66,67,48,174,194,71,4,73,74,114,112,77,150,161,80,81,82,83,84,85,89,87,1,51,90,191,142,168,94,117,96,97,121,33,100,101,102,98,113,105,163,107,158,148,110,111,76,197,75,173,116,10,42,119,120,134,43,95,124,125,126,127,128,129,153,131,30,133,103,92,136,137,157,29,146,141,31,143,144,145,162,147,109,149,78,151,152,130,154,155,17,21,108,159,160,135,140,106,164,165,166,167,93,169,170,171,172,79,69,88,176,177,178,179,180,39,182,27,195,185,186,187,188,72,65,91,192,193,19,184,70,104,41,9,];False
8659;8748;17407;[0,175,2,25,189,5,6,61,38,199,49,11,12,181,14,15,16,156,18,196,20,138,22,23,24,3,26,183,37,154,126,115,32,99,34,35,36,28,8,82,13,198,188,122,44,45,46,47,68,123,50,86,52,53,54,55,56,59,58,57,60,7,63,62,40,190,66,67,48,174,194,71,4,73,74,114,112,77,150,161,80,81,64,83,84,85,89,87,1,51,90,191,142,168,94,117,96,97,121,33,100,101,102,98,139,105,163,107,158,133,110,111,76,197,75,173,116,10,42,119,120,134,43,95,124,125,132,127,128,129,153,131,30,148,103,92,136,137,157,29,146,141,31,143,144,145,162,147,109,149,78,151,152,130,113,155,17,21,108,159,160,135,140,106,164,165,166,167,93,169,170,171,172,79,69,88,176,177,178,179,180,39,182,27,195,185,186,187,118,72,65,91,192,193,19,184,70,104,41,9,];False
8550;8851;17401;[0,175,2,25,189,5,6,61,38,199,49,11,12,181,14,15,16,156,18,196,20,138,22,23,24,3,26,183,28,139,132,115,32,99,34,35,36,37,8,64,13,198,118,122,44,45,46,47,68,123,50,86,52,53,54,55,56,59,58,57,60,7,63,62,40,190,66,67,48,174,194,71,4,73,74,114,112,77,150,161,80,81,82,83,84,85,89,87,1,51,90,191,142,168,94,117,96,97,121,33,100,101,102,98,197,105,163,107,158,148,110,111,76,113,75,173,116,10,42,119,120,134,43,95,124,125,126,127,128,129,153,131,30,133,103,92,136,137,157,29,146,141,31,143,144,145,162,147,109,149,78,151,152,130,154,155,17,21,108,159,160,135,140,106,164,165,166,167,93,169,170,171,172,79,69,88,176,177,178,179,180,39,182,27,195,185,186,187,188,72,65,91,192,193,19,184,70,104,41,9,];False
8572;8828;17400;[0,175,2,25,189,5,6,61,38,199,49,11,12,181,14,15,16,156,18,196,20,138,22,23,24,3,26,183,28,139,126,115,32,99,34,35,36,37,8,64,13,198,118,122,44,45,46,47,68,123,50,86,52,53,54,55,56,59,58,57,60,7,63,62,40,190,66,67,48,174,194,71,4,73,74,114,112,77,150,161,80,81,82,83,84,85,89,87,1,51,90,191,142,168,94,117,96,97,121,33,100,101,102,98,113,105,163,107,158,148,110,111,76,197,75,173,116,10,42,119,120,134,43,95,124,125,132,127,128,129,153,131,30,133,103,92,136,137,157,29,146,141,31,143,144,145,162,147,109,149,78,151,152,130,154,155,17,21,108,159,160,135,140,106,164,165,166,167,93,169,170,171,172,79,69,88,176,177,178,179,180,39,182,27,195,185,186,187,188,72,65,91,192,193,19,184,70,104,41,9,];False
8530;8865;17395;[0,175,2,25,189,5,6,61,38,199,49,11,12,181,14,15,16,156,18,196,20,138,22,23,24,3,26,183,28,139,126,115,32,99,34,35,36,37,8,64,13,198,118,122,44,45,46,47,68,123,50,86,52,53,54,55,56,59,58,57,60,7,63,62,40,190,66,67,48,174,194,71,4,73,74,114,112,77,150,161,80,81,82,83,103,85,89,87,1,51,90,191,142,168,94,117,96,97,121,33,100,101,102,98,154,105,163,107,158,148,110,111,76,197,75,173,116,10,42,119,120,134,43,95,124,125,132,127,128,129,153,131,30,133,84,92,136,137,157,29,146,141,31,143,144,145,162,147,109,149,78,151,152,130,113,155,17,21,108,159,160,135,140,106,164,165,166,167,93,169,170,171,172,79,69,88,176,177,178,179,180,39,182,27,195,185,186,187,188,72,65,91,192,193,19,184,70,104,41,9,];False
8477;8915;17392;[0,175,2,25,189,5,6,61,38,199,49,11,12,181,14,15,16,156,18,196,20,138,22,23,24,3,26,183,28,139,132,115,32,99,34,35,36,37,8,64,13,198,118,122,44,45,46,47,68,123,50,86,52,53,54,55,56,59,58,57,60,7,63,62,40,190,66,67,48,174,194,71,4,73,74,114,112,77,150,161,80,81,82,83,84,85,89,87,1,51,90,191,142,168,94,117,96,97,121,33,100,101,102,98,113,105,163,107,158,148,110,19,76,197,75,173,116,10,42,119,120,134,43,95,124,125,126,127,128,129,153,131,30,133,103,92,136,137,157,29,146,141,31,143,144,145,162,147,109,149,78,151,152,130,154,155,17,21,108,159,160,135,140,106,164,165,166,167,93,169,170,171,172,79,69,88,176,177,178,179,180,39,182,27,195,185,186,187,188,72,65,91,192,193,111,184,70,104,41,9,];False
8521;8864;17385;[0,175,2,25,189,5,6,61,38,199,49,11,12,181,14,15,16,156,18,196,20,138,22,23,24,3,26,183,28,139,132,115,32,99,34,35,36,37,8,64,13,198,118,122,44,45,46,47,68,123,50,86,52,53,54,55,56,59,58,57,60,7,63,62,40,190,66,67,48,174,194,71,4,73,74,114,112,77,150,161,80,81,82,83,84,85,89,87,1,51,90,191,142,168,94,117,96,97,121,33,100,101,102,98,113,105,163,107,158,148,110,111,76,197,75,173,116,10,42,119,120,134,43,95,124,125,126,127,128,129,153,131,30,133,103,92,136,137,157,29,146,141,162,143,144,145,31,147,109,149,78,151,152,130,154,155,17,21,108,159,160,135,140,106,164,165,166,167,93,169,170,171,172,79,69,88,176,177,178,179,180,39,182,27,195,185,186,187,188,72,65,91,192,193,19,184,70,104,41,9,];False
8583;8800;17383;[0,175,2,25,189,5,6,61,38,199,49,11,12,181,14,15,16,156,18,196,20,138,22,23,24,3,26,183,37,154,126,115,32,99,34,35,36,28,8,82,13,198,118,122,44,45,46,47,68,123,50,86,52,53,54,55,56,59,58,57,60,7,63,62,40,190,66,67,48,174,194,71,4,73,74,114,112,77,150,161,80,81,64,83,84,85,89,87,1,51,90,191,142,168,94,117,96,97,121,33,100,101,102,98,139,105,163,107,158,148,110,111,76,65,75,173,116,10,42,119,120,134,43,95,124,125,132,127,128,129,153,131,30,133,103,92,136,137,157,29,146,141,31,143,144,145,162,147,109,149,78,151,152,130,113,155,17,21,108,159,160,135,140,106,164,165,166,167,93,169,170,171,172,79,69,88,176,177,178,179,180,39,182,27,195,185,186,187,188,72,197,91,192,193,19,184,70,104,41,9,];False
8595;8782;17377;[0,175,2,25,189,5,6,61,38,199,49,11,12,181,14,15,16,156,18,196,20,138,22,23,24,3,26,183,37,154,126,115,32,99,34,35,36,28,8,82,13,198,188,122,44,45,46,47,68,123,50,86,52,53,54,55,56,59,58,57,60,7,63,62,40,190,66,67,48,174,194,71,4,73,74,114,112,77,104,161,80,81,64,83,84,85,89,87,1,51,90,191,142,168,94,117,96,97,121,33,100,101,102,98,139,105,163,107,158,148,110,111,76,197,75,173,116,10,42,119,120,134,43,95,124,125,132,127,128,129,153,131,30,133,103,92,136,137,157,29,146,141,31,143,144,145,162,147,109,149,78,151,152,130,113,155,17,21,108,159,160,135,140,106,164,165,166,167,93,169,170,171,172,79,69,88,176,177,178,179,180,39,182,27,195,185,186,187,118,72,65,91,192,193,19,184,70,150,41,9,];False
8510;8856;17366;[0,175,2,25,189,5,6,61,38,199,49,11,12,181,14,15,16,156,18,196,20,138,22,23,24,3,26,183,28,139,132,115,32,99,34,35,36,37,8,64,13,198,118,122,44,45,46,47,68,123,50,86,52,53,54,55,56,59,58,57,60,7,63,62,40,190,66,67,48,174,194,71,4,73,74,114,112,77,150,161,80,81,82,83,173,85,89,87,1,51,90,191,142,168,94,117,96,97,121,33,100,101,102,98,113,105,163,107,158,148,110,111,76,197,75,84,116,10,42,119,120,134,43,95,124,125,126,127,128,129,153,131,30,133,103,92,136,137,157,29,146,141,31,143,144,145,162,147,109,149,78,151,152,130,154,155,17,21,108,159,160,135,140,106,164,165,166,167,93,169,170,171,172,79,69,88,176,177,178,179,180,39,182,27,195,185,186,187,188,72,65,91,192,193,19,184,70,104,41,9,];False
8594;8769;17363;[0,175,2,25,189,5,6,61,38,199,49,11,12,181,14,15,16,156,18,196,20,138,22,23,24,3,26,183,159,154,126,115,32,99,34,35,36,28,8,82,13,198,188,122,44,45,46,47,68,123,50,86,52,53,54,55,56,59,58,57,60,7,63,62,40,190,66,67,48,174,194,71,4,73,74,114,112,77,150,161,80,81,110,83,84,85,89,87,1,51,90,191,142,168,94,117,96,97,121,33,100,101,102,98,139,105,163,107,158,148,64,111,76,197,75,173,116,10,42,119,120,134,43,95,124,125,132,127,128,129,153,131,30,133,103,92,136,137,157,29,146,141,31,143,144,145,162,147,109,149,78,151,152,130,113,155,17,21,108,37,160,135,140,106,164,165,166,167,93,169,170,171,172,79,69,88,176,177,178,179,180,39,182,27,195,185,186,187,118,72,65,91,192,193,19,184,70,104,41,9,];False
8611;8732;17343;[0,175,2,25,189,5,6,61,38,199,49,11,12,181,14,15,16,156,153,196,20,138,118,23,24,3,26,183,37,154,126,115,32,99,34,35,36,28,8,82,13,198,188,122,44,45,46,47,68,123,50,86,52,53,117,55,56,59,58,57,60,7,174,62,40,190,66,67,172,63,194,71,4,73,74,114,112,77,150,161,80,81,110,83,84,85,89,87,1,51,90,191,142,168,94,54,96,97,145,33,100,101,102,98,139,105,163,107,158,148,64,111,76,134,41,173,116,10,42,119,120,197,43,95,124,125,132,127,128,129,18,131,30,133,103,92,136,137,157,29,146,141,31,143,144,121,162,147,109,149,78,151,152,130,113,155,17,21,108,159,160,135,140,106,164,165,166,167,93,169,170,75,48,79,69,88,176,177,178,179,180,39,182,27,195,185,186,187,22,72,65,91,192,193,19,184,70,104,171,9,];False
8467;8867;17334;[0,175,2,25,189,5,6,61,38,199,49,11,12,181,14,15,16,156,18,196,20,138,22,23,24,3,26,183,37,154,126,115,32,99,34,35,36,28,8,64,13,198,118,122,44,45,46,47,68,123,50,86,52,53,54,55,112,59,58,57,60,7,63,62,40,190,66,67,48,174,194,71,4,73,74,114,56,77,150,161,80,81,82,83,84,85,89,87,1,51,90,191,142,168,94,117,96,97,121,33,100,101,102,98,139,105,163,107,158,148,110,111,76,197,75,173,116,10,42,119,120,134,43,95,124,125,132,127,128,129,153,131,30,133,103,92,136,137,157,29,146,141,31,143,144,145,162,147,109,149,78,151,152,130,113,155,17,21,108,159,160,135,140,106,164,165,166,167,93,169,170,171,172,79,69,88,176,177,178,179,180,39,182,27,195,185,186,187,188,72,65,91,192,193,19,184,70,104,41,9,];False
8450;8877;17327;[0,175,2,25,189,5,6,61,38,199,49,11,12,181,14,15,16,156,18,196,20,138,22,23,24,3,26,183,37,154,126,115,32,99,34,35,36,28,8,64,13,198,118,122,44,45,46,47,68,123,50,86,52,53,54,55,56,59,58,57,60,7,63,62,40,190,66,67,48,174,194,71,4,73,114,74,112,77,150,161,80,81,82,83,84,85,89,87,1,51,90,191,142,168,94,117,96,97,121,33,100,101,102,98,139,105,163,107,158,148,110,111,76,197,75,173,116,10,42,119,120,134,43,95,124,125,132,127,128,129,153,131,30,133,103,92,136,137,157,29,146,141,31,143,144,145,162,147,109,149,78,151,152,130,113,155,17,21,108,159,160,135,140,106,164,165,166,167,93,169,170,171,172,79,69,88,176,177,178,179,180,39,182,27,195,185,186,187,188,72,65,91,192,193,19,184,70,104,41,9,];False
8474;8853;17327;[0,175,2,25,189,5,6,61,38,199,49,11,12,181,14,15,16,156,18,196,20,138,22,23,24,3,26,183,28,139,132,115,32,99,34,35,36,37,8,64,13,198,118,122,44,45,46,47,68,123,50,86,52,53,54,55,56,59,58,57,60,7,63,62,40,190,66,67,48,174,194,71,4,73,74,114,112,77,150,161,80,81,82,83,84,85,89,87,1,51,90,191,142,168,94,117,96,97,121,33,100,101,102,98,113,105,163,107,158,148,110,111,76,197,75,173,116,10,42,119,120,134,43,95,124,125,126,127,128,129,153,131,30,133,103,92,136,137,157,29,146,141,31,143,144,145,162,147,109,149,78,151,152,130,154,155,17,21,108,159,160,135,140,106,164,165,166,167,93,169,170,171,172,79,69,88,176,177,178,179,180,39,182,27,195,185,186,187,188,72,65,91,192,193,19,184,70,104,41,9,];False
8622;8703;17325;[0,175,2,25,189,5,6,61,38,199,49,11,12,181,14,15,16,156,18,196,20,138,22,23,24,3,26,183,37,154,126,115,32,99,34,35,36,28,8,82,13,198,188,122,44,45,46,47,68,123,50,86,52,53,117,55,56,59,58,57,60,7,174,62,40,190,66,67,48,63,194,71,4,73,74,114,112,77,150,161,80,81,110,83,84,85,89,87,1,51,90,191,142,168,94,54,96,97,121,33,100,101,102,98,139,105,163,107,158,148,64,111,76,197,75,173,116,10,42,119,120,134,43,95,124,125,132,127,128,129,153,131,30,133,103,92,136,137,157,29,146,141,31,143,144,145,162,147,109,149,78,151,152,130,113,155,17,21,108,159,160,135,140,106,164,165,166,167,93,169,170,171,172,79,69,88,176,177,178,179,180,39,182,27,195,185,186,187,118,72,65,91,192,193,19,184,70,104,41,9,];False
8497;8828;17325;[0,175,2,25,189,5,6,61,38,199,49,11,12,181,14,15,16,156,18,196,20,138,22,23,24,3,26,183,28,139,126,115,32,99,34,35,36,37,8,64,13,198,118,122,44,45,46,47,68,123,50,86,52,53,54,55,56,59,58,57,60,7,63,62,40,190,66,67,48,174,194,71,4,73,74,114,112,77,150,161,80,81,82,83,84,85,89,87,1,51,90,191,142,168,94,117,96,97,121,33,100,101,102,98,154,105,163,107,158,148,110,111,76,197,75,173,116,10,42,119,120,134,43,95,124,125,132,127,128,129,153,131,30,133,103,92,136,137,157,29,146,141,31,143,144,145,162,147,109,149,78,151,152,130,113,155,17,21,108,159,160,135,140,106,164,165,166,167,93,169,170,171,172,79,69,88,176,177,178,179,180,39,182,27,195,185,186,187,188,72,65,91,192,193,19,184,70,104,41,9,];False
8574;8748;17322;[0,175,2,25,189,5,6,61,38,199,49,11,12,181,14,15,16,156,18,196,20,138,22,23,24,3,26,183,37,154,126,115,32,99,34,35,36,28,8,82,13,198,188,122,44,45,46,47,68,123,50,86,52,53,117,55,56,59,58,57,60,7,174,62,40,190,66,67,48,63,194,71,4,73,74,114,112,77,150,161,80,81,110,83,84,85,89,87,1,51,90,191,142,168,94,54,96,97,121,33,100,101,102,98,139,105,163,107,158,148,64,111,76,197,30,173,116,10,42,119,120,134,43,95,124,125,132,127,128,129,153,131,41,133,103,92,136,137,157,29,146,141,31,143,144,145,162,147,109,149,78,151,152,130,113,155,17,21,108,159,160,135,140,106,164,165,166,167,93,169,170,171,172,79,69,88,176,177,178,179,180,39,182,27,195,185,186,187,118,72,65,91,192,193,19,184,70,104,75,9,];False
8454;8866;17320;[0,175,2,25,189,5,6,61,38,199,49,11,12,181,14,15,16,156,18,196,20,138,22,23,24,3,26,183,28,139,132,115,32,99,34,35,36,37,8,64,13,198,118,122,44,45,46,47,68,123,50,86,52,53,54,55,56,59,58,57,60,7,63,62,40,190,66,67,48,174,194,71,4,73,74,114,112,77,150,161,80,81,82,83,84,85,89,87,1,51,90,191,142,168,94,117,96,97,121,33,100,101,102,98,113,105,163,107,158,148,110,111,76,197,75,173,116,10,42,119,120,134,43,95,124,125,126,127,128,129,153,131,30,133,103,92,136,137,157,29,146,141,31,143,144,145,162,147,109,149,78,151,152,130,41,155,17,21,108,159,160,135,140,106,164,165,166,167,93,169,170,171,172,79,69,88,176,177,178,179,180,39,182,27,195,185,186,187,188,72,65,91,192,193,19,184,70,104,154,9,];False
8574;8734;17308;[0,175,2,25,189,5,6,61,38,199,49,11,12,181,14,15,16,156,139,196,20,138,22,23,24,3,26,183,37,154,126,115,32,99,34,35,36,28,8,82,13,198,188,122,44,45,46,47,68,123,50,86,52,53,117,55,56,59,58,57,60,7,174,62,40,190,66,67,48,63,194,71,4,73,74,114,112,77,150,161,80,81,110,83,84,85,89,87,1,51,90,191,142,168,94,54,96,97,121,33,100,101,102,98,18,105,163,107,158,148,64,111,76,197,41,173,116,10,42,119,120,134,43,95,124,125,132,127,128,129,153,131,30,133,103,92,136,137,157,29,146,141,31,143,144,145,162,147,109,149,78,151,152,130,113,155,17,21,108,159,160,135,140,106,164,165,166,167,93,169,170,75,172,79,69,88,176,177,178,179,180,39,182,27,195,185,186,187,118,72,65,91,192,193,19,184,70,104,171,9,];False
8545;8763;17308;[0,175,2,25,189,5,6,61,102,199,49,11,12,181,14,15,16,156,18,196,20,138,22,23,24,3,26,183,37,154,126,115,32,99,34,35,36,28,8,82,13,198,118,122,44,45,46,47,68,123,50,86,52,53,54,55,56,59,58,57,60,7,63,62,40,190,66,67,48,174,194,71,4,73,74,114,112,77,150,161,80,81,64,83,84,85,89,87,1,51,90,191,142,168,94,117,96,97,121,33,100,101,38,98,139,105,163,107,158,148,110,111,76,197,75,173,116,10,42,119,120,134,43,95,124,125,132,127,128,129,153,131,30,133,103,92,136,137,157,29,146,141,31,143,144,145,162,147,109,149,78,151,152,130,113,155,17,21,108,159,160,135,140,106,164,165,166,167,93,169,170,171,172,79,69,88,176,177,178,179,180,39,182,27,195,185,186,187,188,72,65,91,192,193,19,184,70,104,41,9,];False
8431;8867;17298;[0,175,2,25,189,5,6,61,38,199,49,11,12,181,14,15,16,156,18,196,20,138,22,23,24,3,26,183,28,139,132,115,32,99,34,35,36,37,8,64,13,198,101,122,44,45,46,47,68,123,50,86,52,53,54,55,56,59,58,57,60,7,63,62,40,190,66,67,48,174,194,71,4,73,74,114,112,77,150,161,80,81,82,83,84,85,89,87,1,51,90,191,142,168,94,117,96,97,121,33,100,118,102,98,113,105,163,107,158,148,110,111,76,197,75,173,116,10,42,119,120,134,43,95,124,125,126,127,128,129,153,131,30,133,103,92,136,137,157,29,146,141,31,143,144,145,162,147,109,149,78,151,152,130,154,155,17,21,108,159,160,135,140,106,164,165,166,167,93,169,170,171,172,79,69,88,176,177,178,179,180,39,182,27,195,185,186,187,188,72,65,91,192,193,19,184,70,104,41,9,];False
8532;8765;17297;[0,175,2,25,189,5,6,61,38,199,49,11,12,181,14,15,16,156,18,196,20,138,22,23,24,3,26,183,37,154,126,115,32,99,34,35,193,28,8,82,13,198,188,122,44,45,46,47,68,123,50,86,52,53,54,55,56,59,58,57,60,7,63,62,40,190,66,67,48,174,194,71,4,73,74,114,112,77,150,161,80,81,64,83,84,85,89,87,1,51,90,191,142,168,94,117,96,97,121,33,100,101,102,98,139,105,163,107,158,148,110,111,76,197,75,173,116,10,42,119,120,134,43,95,124,125,132,127,128,129,153,131,30,133,103,92,136,137,157,29,146,141,31,143,144,145,162,147,109,149,78,151,152,130,113,155,17,21,108,159,160,135,140,106,164,165,166,167,93,169,170,171,172,79,69,88,176,177,178,179,180,39,182,27,195,185,186,187,118,72,65,91,192,36,19,184,70,104,41,9,];False
8562;8734;17296;[0,175,2,25,189,5,6,61,38,199,49,11,12,181,14,15,16,156,18,196,20,138,22,23,24,3,26,183,37,154,126,115,32,99,34,35,36,28,8,82,13,198,188,122,44,45,46,47,68,123,50,86,52,53,117,55,56,59,58,57,60,7,174,62,40,190,66,67,48,63,194,71,4,73,74,114,112,77,150,161,80,81,110,83,84,85,89,87,1,51,90,191,142,168,94,54,96,97,121,33,100,101,102,98,139,105,163,107,158,148,64,111,76,197,41,173,116,10,42,119,120,134,43,95,124,125,132,127,128,129,153,131,30,133,103,92,136,137,157,29,146,141,31,143,144,145,162,147,109,149,78,151,152,172,113,155,17,21,108,159,160,135,140,106,164,165,166,167,93,169,170,75,130,79,69,88,176,177,178,179,180,39,182,27,195,185,186,187,118,72,65,91,192,193,19,184,70,104,171,9,];False
8736;8560;17296;[0,175,10,25,189,5,6,61,38,199,49,11,12,181,14,15,16,156,150,196,20,138,118,23,24,3,26,183,37,154,126,115,32,99,34,35,36,28,8,82,13,198,188,122,44,45,46,47,68,123,50,86,52,53,117,55,56,59,58,57,60,7,174,62,120,190,66,67,48,63,29,1,4,73,74,114,112,77,153,161,165,81,110,83,84,85,89,87,71,51,90,191,142,168,94,54,96,97,145,33,100,101,102,98,139,105,163,107,158,148,64,111,76,134,41,173,116,2,42,22,40,197,43,95,124,125,132,127,128,129,18,131,30,133,103,92,136,137,157,194,146,141,31,143,144,121,162,147,109,149,78,151,152,130,113,155,17,21,108,159,160,135,140,106,164,80,166,167,93,169,170,75,172,79,69,88,176,177,178,179,180,39,182,27,195,185,186,187,119,72,65,91,192,193,19,184,70,104,171,9,];False
8582;8713;17295;[0,175,2,25,189,5,6,61,38,199,49,11,12,181,14,15,16,156,18,196,20,138,22,23,24,3,26,183,37,154,126,115,32,99,34,35,36,28,8,82,13,198,188,122,44,45,46,47,68,123,50,86,52,53,117,55,56,59,58,57,60,7,174,62,40,190,66,67,48,63,194,71,159,73,74,114,112,77,150,161,80,81,110,83,84,85,89,87,1,51,90,191,142,168,94,54,96,97,121,33,100,101,102,98,139,105,163,107,158,148,64,111,76,197,41,173,116,10,42,119,120,134,43,95,124,125,132,127,128,129,153,131,30,133,103,92,136,137,157,29,146,141,31,143,144,145,162,147,109,149,78,151,152,130,113,155,17,21,108,4,160,135,140,106,164,165,166,167,93,169,170,171,172,79,69,88,176,177,178,179,180,39,182,27,195,185,186,187,118,72,65,91,192,193,19,184,70,104,75,9,];False
8566;8727;17293;[0,175,2,25,189,5,6,61,38,199,49,11,12,181,14,15,16,156,18,196,20,138,22,23,24,3,26,183,37,154,126,115,32,99,34,35,36,28,8,82,13,198,188,122,44,45,46,47,68,123,50,86,52,53,117,55,56,59,58,57,60,7,174,62,40,190,66,67,48,63,194,71,4,73,74,114,112,77,150,161,80,81,110,83,84,85,89,87,1,51,90,191,142,168,94,54,96,97,121,33,100,101,102,98,139,105,163,107,158,148,64,111,76,197,41,173,116,10,42,119,120,134,43,95,124,125,132,127,128,129,153,131,30,133,103,92,136,137,157,29,195,141,31,143,144,145,162,147,109,149,78,151,152,130,113,155,17,21,108,159,160,135,140,106,164,165,166,167,93,169,170,171,172,79,69,88,176,177,178,179,180,39,182,27,146,185,186,187,118,72,65,91,192,193,19,184,70,104,75,9,];False
8562;8728;17290;[0,175,2,25,189,5,6,61,38,199,49,11,12,181,14,15,16,156,18,196,20,138,22,23,68,3,26,183,37,154,126,115,32,99,34,35,36,28,8,82,13,198,188,122,44,45,46,47,24,123,50,86,52,53,117,55,56,59,58,57,60,7,174,62,40,190,66,67,48,63,194,71,4,73,74,114,112,77,150,161,80,81,110,83,84,85,89,87,1,51,90,191,142,168,94,54,96,97,121,33,100,101,102,98,139,105,163,107,158,148,64,111,76,197,41,173,116,10,42,119,120,134,43,95,124,125,132,127,128,129,153,131,30,133,103,92,136,137,157,29,146,141,31,143,144,145,162,147,109,149,78,151,152,130,113,155,17,21,108,159,160,135,140,106,164,165,166,167,93,169,170,171,172,79,69,88,176,177,178,179,180,39,182,27,195,185,186,187,118,72,65,91,192,193,19,184,70,104,75,9,];False
8561;8726;17287;[0,175,2,25,189,5,6,61,38,199,49,11,12,181,14,15,16,156,18,196,20,138,22,23,24,3,26,183,37,154,126,115,32,99,34,35,36,28,8,82,13,198,188,122,44,45,46,47,68,123,50,86,52,53,117,55,56,59,58,57,60,7,174,62,40,190,66,67,48,63,194,71,4,73,74,114,112,77,150,161,80,81,110,83,84,85,89,87,1,51,90,191,142,168,94,54,96,97,121,33,100,101,102,98,139,105,163,107,157,148,64,111,76,197,41,173,116,10,42,119,120,134,43,95,124,125,132,127,128,129,153,131,30,133,103,92,136,137,158,29,146,141,31,143,144,145,162,147,109,149,78,151,152,130,113,155,17,21,108,159,160,135,140,106,164,165,166,167,93,169,170,171,172,79,69,88,176,177,178,179,180,39,182,27,195,185,186,187,118,72,65,91,192,193,19,184,70,104,75,9,];False
8520;8762;17282;[0,175,2,25,189,5,6,61,38,199,49,11,12,181,14,15,16,156,18,196,20,138,22,23,24,3,26,183,37,154,126,115,32,99,34,35,36,28,8,82,13,198,118,122,44,45,46,47,68,123,50,86,116,53,54,55,56,59,58,57,60,7,63,62,40,190,66,67,48,174,194,71,4,73,74,114,112,77,150,161,80,81,64,83,84,85,89,87,1,51,90,191,142,168,94,117,96,97,121,33,100,101,102,98,139,105,163,107,158,148,110,111,76,197,75,173,52,10,42,119,120,134,43,95,124,125,132,127,128,129,153,131,30,133,103,92,136,137,157,29,146,141,31,143,144,145,162,147,109,149,78,151,152,130,113,155,17,21,108,159,160,135,140,106,164,165,166,167,93,169,170,171,172,79,69,88,176,177,178,179,180,39,182,27,195,185,186,187,188,72,65,91,192,193,19,184,70,104,41,9,];False
8466;8816;17282;[0,175,2,25,189,5,6,61,38,199,49,11,12,181,14,15,16,156,18,196,20,138,22,23,24,3,26,183,37,154,126,115,32,99,34,35,36,28,8,82,13,198,118,122,44,45,46,47,68,123,50,86,52,53,54,55,56,59,58,57,60,7,63,62,40,190,66,67,48,174,194,71,4,73,74,114,112,77,150,161,80,81,64,83,84,85,89,87,1,51,90,191,142,168,94,117,96,97,121,33,100,101,102,98,139,105,163,107,158,148,110,111,76,197,75,173,116,10,42,119,120,134,43,95,124,125,132,127,128,129,153,131,30,133,103,92,136,137,157,29,146,141,31,143,144,145,162,147,109,149,78,151,152,130,113,171,17,21,108,159,160,135,140,106,164,165,166,167,93,169,170,155,172,79,69,88,176,177,178,179,180,39,182,27,195,185,186,187,188,72,65,91,192,193,19,184,70,104,41,9,];False
8556;8716;17272;[0,175,2,25,189,5,6,61,38,199,49,11,12,181,14,15,16,156,18,196,20,138,22,23,24,3,26,183,37,154,126,115,32,99,34,35,36,28,8,82,13,198,188,122,44,45,46,47,68,123,50,86,52,53,117,55,56,59,58,57,60,7,174,62,40,190,66,67,48,63,194,71,4,73,159,114,112,77,150,161,80,81,110,83,84,85,89,87,1,51,90,191,142,168,94,54,96,97,121,33,100,101,102,98,139,105,163,107,158,148,64,111,76,197,41,173,116,10,42,119,120,134,43,95,124,125,132,127,128,129,153,131,30,133,103,92,136,137,157,29,146,141,31,143,144,145,162,147,109,149,78,151,152,130,113,155,17,21,108,74,160,135,140,106,164,165,166,167,93,169,170,171,172,79,69,88,176,177,178,179,180,39,182,27,195,185,186,187,118,72,65,91,192,193,19,184,70,104,75,9,];False
8555;8714;17269;[0,175,2,25,189,5,6,61,38,199,49,11,12,181,14,15,16,156,18,196,20,138,22,23,24,3,26,183,37,154,126,115,32,99,34,35,36,28,8,82,13,198,188,122,44,45,46,47,68,123,50,86,52,53,54,55,56,59,58,57,60,7,174,62,40,190,66,67,48,63,194,71,4,73,74,114,112,77,150,161,80,81,110,83,84,85,89,87,1,51,90,191,142,168,94,117,96,97,121,33,100,101,102,98,139,105,163,107,158,148,64,111,76,197,75,173,116,10,42,119,120,134,43,95,124,125,132,127,128,129,153,131,30,133,103,92,136,137,157,29,146,141,31,143,144,145,162,147,109,149,78,151,152,130,113,155,17,21,108,159,160,135,140,106,164,165,166,167,93,169,170,171,172,79,69,88,176,177,178,179,180,39,182,27,195,185,186,187,118,72,65,91,192,193,19,184,70,104,41,9,];False
8548;8717;17265;[0,175,2,25,189,5,6,61,38,199,49,11,12,181,14,15,16,156,18,196,20,138,118,23,24,3,26,183,37,154,126,115,32,99,34,35,36,28,8,82,13,198,188,122,44,45,46,47,68,123,50,86,52,53,117,55,56,59,58,57,60,7,174,62,40,190,66,67,48,63,194,71,4,73,74,114,112,77,150,161,80,81,110,83,84,85,89,87,1,51,90,191,142,168,94,54,96,97,121,33,100,101,102,98,139,105,163,107,158,148,64,111,76,134,41,173,116,10,42,119,120,197,43,95,124,125,132,127,128,129,153,131,30,133,103,92,136,137,157,29,146,141,31,143,144,145,162,147,109,149,78,151,152,130,113,155,17,21,108,159,160,135,176,106,164,165,166,167,93,169,170,75,172,79,69,88,140,177,178,179,180,39,182,27,195,185,186,187,22,72,65,91,192,193,19,184,70,104,171,9,];False
8588;8669;17257;[0,175,2,25,189,5,6,61,38,199,49,11,12,181,14,15,16,156,18,196,20,138,118,23,24,3,26,183,37,154,126,115,32,99,34,35,36,28,8,82,13,198,188,122,44,45,46,47,68,123,50,86,52,53,117,55,56,59,58,57,60,7,174,62,40,190,66,67,48,63,194,71,4,73,74,114,112,77,150,161,80,81,110,83,84,85,89,87,1,51,90,191,142,168,94,54,96,97,121,33,100,101,102,98,139,105,163,107,158,148,64,111,76,134,41,173,116,10,42,119,120,197,43,69,124,125,132,127,128,129,153,131,30,133,103,92,136,137,157,29,146,141,31,143,144,145,162,147,109,149,78,151,152,130,113,155,17,21,108,159,160,135,140,106,164,165,166,167,93,169,170,75,172,79,95,88,176,177,178,179,180,39,182,27,195,185,186,187,22,72,65,91,192,193,19,184,70,104,171,9,];False
8547;8710;17257;[0,175,2,25,189,5,6,61,38,199,49,11,12,181,14,15,16,156,18,196,20,138,22,23,24,3,26,183,37,154,126,115,32,99,34,35,36,28,8,82,13,198,188,122,44,45,46,47,68,123,50,86,52,53,117,55,56,59,58,57,60,7,174,62,40,190,66,67,48,63,194,71,4,73,74,114,112,77,150,161,80,81,110,83,84,85,89,87,1,51,90,191,142,168,94,54,96,97,121,33,100,101,102,98,139,105,163,107,158,148,64,111,76,197,41,173,116,10,42,119,120,134,43,95,124,125,132,127,128,129,153,131,30,133,103,92,136,137,157,29,146,141,31,143,144,145,162,147,109,149,78,151,152,130,113,155,17,21,108,159,160,135,140,106,164,165,166,167,93,169,170,171,172,79,69,88,176,177,178,179,180,39,182,27,195,185,186,187,118,72,65,91,192,193,19,184,70,104,75,9,];False
8518;8728;17246;[0,175,2,25,189,5,6,61,38,199,49,11,12,181,14,15,16,156,18,196,20,138,22,23,24,3,26,183,37,154,126,115,32,99,34,35,36,28,8,82,13,198,188,122,44,45,46,47,68,123,50,86,52,53,117,55,56,59,58,57,60,7,174,62,40,190,66,67,48,63,194,71,4,73,74,114,112,77,150,161,80,81,110,83,84,85,89,87,1,51,90,191,142,168,94,54,96,97,121,33,100,101,102,98,139,105,163,107,158,148,64,111,76,197,41,173,116,10,42,119,120,134,43,95,124,125,132,127,128,129,153,131,30,133,103,92,136,137,157,29,146,141,31,143,144,145,162,88,109,149,78,151,152,130,113,155,17,21,108,159,160,135,140,106,164,165,166,167,93,169,170,171,172,79,69,147,176,177,178,179,180,39,182,27,195,185,186,187,118,72,65,91,192,193,19,184,70,104,75,9,];False
8420;8824;17244;[0,175,2,25,189,5,6,61,38,199,49,11,12,71,14,15,16,156,18,196,20,138,22,23,24,3,26,183,37,154,126,115,32,99,34,35,36,28,8,64,13,198,118,122,44,45,46,47,68,123,50,86,52,53,54,55,56,59,58,57,60,7,63,62,40,190,66,67,48,174,194,181,4,73,74,114,112,77,150,161,80,81,82,83,84,85,89,87,1,51,90,191,142,168,94,117,96,97,121,33,100,101,102,98,139,105,163,107,158,148,110,111,76,197,75,173,116,10,42,119,120,134,43,95,124,125,132,127,128,129,153,131,30,133,103,92,136,137,157,29,146,141,31,143,144,145,162,147,109,149,78,151,152,130,113,155,17,21,108,159,160,135,140,106,164,165,166,167,93,169,170,171,172,79,69,88,176,177,178,179,180,39,182,27,195,185,186,187,188,72,65,91,192,193,19,184,70,104,41,9,];False
8551;8688;17239;[0,175,2,25,189,5,6,61,38,199,49,11,12,181,14,15,16,156,153,196,20,138,118,23,24,3,26,183,37,154,126,115,32,99,34,35,36,28,8,82,13,198,188,122,108,45,46,47,68,123,50,86,52,53,117,55,56,59,58,57,60,7,174,62,40,190,66,67,48,63,194,71,4,73,74,114,112,77,150,161,80,81,110,83,84,85,89,87,1,51,90,191,142,168,94,54,96,97,145,33,100,101,102,98,139,105,163,107,158,148,64,111,76,134,41,173,116,10,42,119,120,197,43,95,124,125,132,127,128,129,18,131,30,133,103,92,136,137,157,29,146,141,31,143,144,121,162,147,109,149,78,151,152,130,113,155,17,21,44,159,160,135,140,106,164,165,166,167,93,169,170,75,172,79,69,88,176,177,178,179,180,39,182,27,195,185,186,187,22,72,65,91,192,193,19,184,70,104,171,9,];False
8468;8771;17239;[0,175,2,25,189,5,6,61,38,199,49,11,12,194,14,15,16,156,18,196,20,138,22,23,24,3,26,183,37,154,126,115,32,99,34,35,36,28,8,82,13,198,188,122,44,45,46,47,68,123,50,86,52,53,54,55,56,59,58,57,60,7,63,62,40,190,66,67,48,174,181,71,4,73,74,114,112,77,150,161,80,81,64,83,84,85,89,87,1,51,90,191,142,168,94,117,96,97,121,33,100,101,102,98,139,105,163,107,158,148,110,111,76,197,75,173,116,10,42,119,120,134,43,95,124,125,132,127,128,129,153,131,30,133,103,92,136,137,157,29,146,141,31,143,144,145,162,147,109,149,78,151,152,130,113,155,17,21,108,159,160,135,140,106,164,165,166,167,93,169,170,171,172,79,69,88,176,177,178,179,180,39,182,27,195,185,186,187,118,72,65,91,192,193,19,184,70,104,41,9,];False
8484;8751;17235;[0,175,2,25,189,5,6,61,38,199,49,11,12,181,14,15,16,156,18,196,20,138,22,23,24,3,26,183,37,154,126,115,32,99,34,35,36,28,8,82,13,198,188,122,44,45,46,47,68,123,50,86,52,53,54,55,56,59,58,57,60,7,63,62,40,190,66,67,48,174,194,71,4,73,74,114,112,77,150,161,80,81,64,83,84,85,89,87,1,51,90,191,142,168,94,117,96,97,121,33,100,101,102,98,139,105,163,107,158,148,110,111,76,197,75,173,116,10,42,119,120,134,43,95,124,125,132,127,128,129,153,131,30,133,103,92,136,137,157,29,146,141,31,143,144,145,162,147,109,149,78,151,152,130,113,155,17,21,108,159,160,135,140,106,164,165,166,167,93,169,170,171,172,79,69,88,176,177,178,179,180,39,182,27,195,185,186,187,118,72,65,91,192,193,19,184,70,104,41,9,];False
8488;8738;17226;[0,175,2,25,189,5,6,61,38,199,49,11,12,181,14,15,16,156,18,196,20,138,22,23,24,3,26,183,37,154,126,115,32,99,34,35,36,28,8,82,13,198,188,122,44,45,46,47,68,123,50,86,52,53,54,55,56,59,58,57,60,7,63,62,40,190,66,67,48,174,194,71,4,73,74,114,112,77,150,161,80,81,110,83,84,85,89,87,1,51,90,191,142,168,94,117,96,97,121,33,100,101,102,98,139,105,163,107,158,148,64,111,76,197,75,173,116,10,42,119,120,134,43,95,124,125,132,127,128,129,153,131,30,133,103,92,136,137,157,29,146,141,31,143,144,145,162,147,109,149,78,151,152,130,113,155,17,21,108,159,160,135,140,106,164,165,166,167,93,169,170,171,172,79,69,88,176,177,178,179,180,39,182,27,195,185,186,187,118,72,65,91,192,193,19,184,70,104,41,9,];False
8385;8827;17212;[0,175,2,25,189,5,6,61,38,199,49,11,12,181,14,15,16,156,18,196,20,138,22,23,24,3,26,183,28,154,126,115,32,99,34,35,36,37,8,64,13,198,118,122,44,45,46,47,68,123,50,86,52,53,54,55,56,59,58,57,60,7,63,62,40,190,66,67,48,174,194,71,4,73,74,114,112,77,150,161,80,81,82,83,84,85,89,87,1,51,90,191,142,168,94,117,96,97,121,33,100,101,102,98,139,105,163,107,158,148,110,111,76,197,75,173,116,10,42,119,120,134,43,95,124,125,132,127,128,129,153,131,30,133,103,92,136,137,157,29,146,141,31,143,144,145,162,147,109,149,78,151,152,130,113,155,17,21,108,159,160,135,140,106,164,165,166,167,93,169,170,171,172,79,69,88,176,177,178,179,180,39,182,27,195,185,186,187,188,72,65,91,192,193,19,184,70,104,41,9,];False
8401;8807;17208;[0,175,2,25,189,5,6,61,38,199,49,11,12,181,14,15,16,156,18,196,20,138,22,23,24,3,26,183,37,154,126,115,32,99,34,35,36,28,8,82,13,198,188,122,44,45,46,47,68,123,50,86,52,53,117,55,56,59,58,57,60,7,174,62,40,190,66,67,48,63,194,71,4,73,74,114,112,77,150,161,80,81,110,83,84,85,89,87,1,51,90,191,142,168,94,54,96,97,121,33,100,101,102,98,139,105,163,107,158,148,64,111,76,197,41,173,116,10,42,119,120,134,43,95,124,125,132,127,128,129,153,131,30,133,186,92,136,137,157,29,146,141,31,143,144,145,162,147,109,149,78,151,152,130,113,155,17,21,108,159,160,135,140,106,164,165,166,167,93,169,170,171,172,79,69,88,176,177,178,179,180,39,182,27,195,185,103,187,118,72,65,91,192,193,19,184,70,104,75,9,];False
8427;8768;17195;[0,32,2,25,189,5,6,61,38,199,49,11,12,181,14,15,16,156,18,196,20,138,22,23,24,3,26,183,37,154,126,115,175,99,34,35,36,28,8,82,13,198,188,122,44,45,46,47,68,123,50,86,52,53,54,55,56,59,58,57,60,7,63,62,40,190,66,67,48,174,194,71,4,73,74,114,112,77,150,161,80,81,64,83,84,85,89,87,1,51,90,191,142,168,94,117,96,97,121,33,100,101,102,98,139,105,163,107,158,148,110,111,76,197,75,173,116,10,42,119,120,134,43,95,124,125,132,127,128,129,153,131,30,133,103,92,136,137,157,29,146,141,31,143,144,145,162,147,109,149,78,151,152,130,113,155,17,21,108,159,160,135,140,106,164,165,166,167,93,169,170,171,172,79,69,88,176,177,178,179,180,39,182,27,195,185,186,187,118,72,65,91,192,193,19,184,70,104,41,9,];False
8523;8668;17191;[0,175,2,25,189,5,6,61,38,199,49,11,12,181,14,15,16,156,153,196,20,138,118,23,24,3,26,183,37,154,126,115,32,99,34,35,36,28,8,82,13,198,188,122,44,45,46,47,68,123,50,86,52,80,117,55,56,59,58,57,60,7,174,62,40,190,66,67,48,63,194,71,4,73,74,114,112,77,150,161,53,81,110,83,84,85,89,87,1,51,90,191,142,168,94,54,96,97,121,33,100,101,102,98,139,105,163,107,158,148,64,111,76,134,41,173,116,10,42,119,120,197,43,95,124,125,132,127,128,129,18,131,30,133,103,92,136,137,157,29,146,141,31,143,144,145,162,147,109,149,78,151,152,130,113,155,17,21,108,159,160,135,140,106,164,165,166,167,93,169,170,75,172,79,69,88,176,177,178,179,180,39,182,27,195,185,186,187,22,72,65,91,192,193,19,184,70,104,171,9,];False
8467;8724;17191;[0,175,2,25,189,5,6,61,38,199,49,11,12,181,14,15,16,156,18,196,20,138,22,23,24,3,26,183,37,154,126,115,32,99,34,35,36,28,8,82,13,198,188,122,44,45,46,47,68,123,50,86,52,53,117,55,56,59,58,57,60,7,174,62,40,190,66,67,48,63,194,71,4,73,74,114,112,77,150,161,80,81,110,83,84,85,89,87,1,51,90,191,142,168,94,54,96,97,121,33,100,101,102,98,162,105,163,107,158,148,64,111,76,134,41,173,116,10,42,119,120,197,43,95,124,125,132,127,128,129,153,131,30,133,103,92,136,137,157,29,146,141,31,143,144,145,139,147,109,149,78,151,152,130,113,155,17,21,108,159,160,135,140,106,164,165,166,167,93,169,170,75,172,79,69,88,176,177,178,179,180,39,182,27,195,185,186,187,118,72,65,91,192,193,19,184,70,104,171,9,];False
8509;8678;17187;[0,175,2,25,189,5,6,61,38,199,49,11,12,181,14,15,16,156,18,196,20,138,118,23,24,3,26,183,37,154,126,115,32,99,34,35,36,28,8,82,13,198,188,122,44,45,46,47,68,123,50,86,52,53,117,55,56,59,58,57,60,7,147,62,40,190,66,67,48,63,194,71,4,73,74,114,112,77,150,161,80,81,110,83,84,85,89,87,1,51,90,191,142,168,94,54,96,97,121,33,100,101,102,98,139,105,163,107,158,148,64,111,76,134,41,173,116,10,42,119,120,197,43,95,124,125,132,127,128,129,153,131,30,133,103,92,136,137,157,29,146,141,31,143,144,145,162,174,109,149,78,151,152,130,113,155,17,21,108,159,160,135,140,106,164,165,166,167,93,169,170,75,172,79,69,88,176,177,178,179,180,39,182,27,195,185,186,187,22,72,65,91,192,193,19,184,70,104,171,9,];False
8423;8764;17187;[0,175,2,25,189,5,6,61,38,199,49,11,12,181,14,15,16,156,18,196,20,138,22,23,24,3,26,183,37,173,126,115,32,99,34,35,36,28,8,82,13,198,118,122,44,45,46,47,68,123,50,86,52,53,54,55,56,59,58,57,60,7,63,62,40,190,66,67,48,174,194,71,4,73,74,114,112,77,150,161,80,81,64,83,84,85,89,87,1,51,90,191,142,168,94,117,96,97,121,33,100,101,102,98,139,105,163,107,158,148,110,111,76,197,75,154,116,10,42,119,120,134,43,95,124,125,132,127,128,129,153,131,30,133,103,92,136,137,157,29,146,141,31,143,144,145,162,147,109,149,78,151,152,130,113,155,17,21,108,159,160,135,140,106,164,165,166,167,93,169,170,171,172,79,69,88,176,177,178,179,180,39,182,27,195,185,186,187,188,72,65,91,192,193,19,184,70,104,41,9,];False
8513;8672;17185;[0,175,2,25,189,5,6,61,38,199,49,11,12,181,14,15,16,156,18,196,20,138,118,23,24,3,26,183,37,154,126,115,32,99,34,35,36,28,8,82,13,198,188,122,44,45,46,47,68,123,50,86,52,53,117,55,56,59,112,57,60,7,174,62,40,190,66,67,48,63,194,71,4,73,74,114,58,77,150,161,80,81,110,83,84,85,89,87,1,51,90,191,142,168,94,54,96,97,121,33,100,101,102,98,139,105,163,107,158,148,64,111,76,134,41,173,116,10,42,119,120,197,43,95,124,125,132,127,128,129,153,131,30,133,103,92,136,137,157,29,146,141,31,143,144,145,162,147,109,149,78,151,152,130,113,155,17,21,108,159,160,135,140,106,164,165,166,167,93,169,170,75,172,79,69,88,176,177,178,179,180,39,182,27,195,185,186,187,22,72,65,91,192,193,19,184,70,104,171,9,];False
8418;8764;17182;[0,175,2,25,189,5,6,61,38,199,49,11,12,181,14,15,16,156,18,196,20,138,22,23,24,3,26,183,37,154,126,115,32,99,34,35,36,28,8,82,13,198,118,122,44,45,46,47,68,123,50,86,52,53,54,55,56,59,58,57,60,7,63,62,40,190,66,67,48,174,194,71,4,73,74,114,112,77,150,161,80,81,64,83,84,85,89,87,1,51,90,191,142,168,94,117,96,97,121,33,100,101,102,98,139,105,163,107,158,148,110,111,76,197,75,173,116,10,42,119,120,134,43,95,124,125,132,127,128,129,153,131,30,133,103,92,136,137,157,29,146,141,31,143,144,145,162,147,109,149,78,151,152,130,113,155,17,21,108,159,160,135,140,106,164,165,166,167,93,169,170,171,172,79,69,88,176,177,178,179,180,39,182,27,195,185,186,187,188,72,65,91,192,193,19,184,70,104,41,9,];False
8614;8565;17179;[0,175,2,25,189,5,6,61,38,199,49,11,12,181,14,15,16,156,150,196,118,138,20,23,24,3,26,183,37,154,126,115,32,99,34,35,36,28,8,82,13,198,188,122,44,45,46,47,68,123,98,86,52,53,117,55,56,59,58,57,60,7,174,62,120,190,66,67,48,63,29,65,4,73,74,114,112,77,153,161,165,81,110,185,84,85,89,87,71,51,90,191,142,168,94,54,96,97,145,33,100,101,102,50,139,105,163,107,158,148,64,111,76,134,41,173,116,10,42,22,40,197,43,95,1,125,132,127,128,129,18,131,30,133,103,92,136,137,39,194,146,141,31,147,144,121,162,143,109,149,78,151,152,130,113,155,17,21,108,159,160,135,140,106,164,80,166,167,93,169,170,75,172,79,69,88,176,177,178,179,180,157,182,27,195,83,186,187,119,72,124,91,192,193,19,184,70,104,171,9,];False
8371;8802;17173;[0,175,2,25,189,5,6,61,38,199,49,11,12,181,14,15,16,156,18,196,20,138,22,23,24,3,26,183,37,154,126,115,32,99,34,35,36,28,8,64,13,198,118,122,44,45,46,47,68,123,50,86,52,53,54,55,56,59,58,57,60,7,63,62,40,190,66,67,48,174,194,71,4,73,74,114,112,77,150,161,80,81,82,83,84,85,89,87,1,51,90,191,142,168,94,117,96,97,121,33,100,101,102,98,139,105,163,107,158,148,110,111,76,197,75,173,116,10,42,119,120,134,43,95,124,125,132,127,128,129,153,131,30,133,103,92,136,137,157,29,146,141,31,143,144,145,162,147,109,149,78,151,152,130,113,155,17,21,108,159,160,135,140,106,164,165,166,167,93,169,170,171,172,79,69,88,176,177,178,179,180,39,182,27,195,185,186,187,188,72,65,91,192,193,19,184,70,104,41,9,];False
8587;8585;17172;[0,175,2,25,189,5,6,61,38,199,49,11,12,181,14,15,16,156,150,196,20,138,118,23,24,3,26,183,37,154,126,115,32,99,34,35,36,28,8,82,13,198,188,122,44,45,46,47,68,123,50,86,52,53,117,55,56,59,58,57,60,7,174,147,120,190,66,67,48,63,29,1,4,73,74,114,112,77,153,161,165,81,110,185,84,85,89,87,71,51,90,191,142,168,94,54,96,97,145,33,100,101,102,98,139,105,163,107,158,148,64,111,76,134,41,173,116,10,42,22,40,197,43,95,65,125,132,127,128,129,18,131,30,133,103,92,136,137,157,194,146,141,31,62,144,121,162,143,109,149,78,151,152,130,113,155,17,21,108,159,160,135,140,106,164,80,166,167,93,169,170,75,172,79,69,88,176,177,178,179,180,39,182,27,195,83,186,187,119,72,124,91,192,193,19,184,70,104,171,9,];False
8418;8747;17165;[0,175,2,25,189,5,6,61,38,199,49,11,12,181,14,15,16,156,18,196,20,138,22,23,24,3,26,183,37,154,126,115,32,99,34,35,36,28,8,82,13,198,188,122,44,45,46,47,68,123,50,86,52,53,54,55,56,59,58,57,60,7,63,62,40,190,66,67,48,174,194,71,4,73,74,114,112,77,150,161,80,81,110,83,84,85,89,87,1,51,90,191,142,168,94,117,96,97,121,33,100,101,102,98,139,105,163,197,158,148,64,111,76,107,75,173,116,10,42,119,120,134,43,95,124,125,132,127,128,129,153,131,30,133,103,92,136,137,157,29,146,141,31,143,144,145,162,147,109,149,78,151,152,130,113,155,17,21,108,159,160,135,140,106,164,165,166,167,93,169,170,171,172,79,69,88,176,177,178,179,180,39,182,27,195,185,186,187,118,72,65,91,192,193,19,184,70,104,41,9,];False
8464;8694;17158;[0,175,2,25,189,5,6,61,38,199,49,11,12,181,14,15,16,156,18,196,20,138,118,23,24,3,26,183,37,154,126,115,32,99,34,35,36,28,8,82,13,198,188,122,44,45,46,47,180,123,50,86,52,53,117,55,56,59,58,57,60,7,174,62,40,190,66,67,48,63,194,71,4,73,74,114,112,77,150,161,80,81,110,83,84,85,89,87,1,51,90,191,142,168,94,54,96,97,121,33,100,101,102,98,139,105,163,107,158,148,64,111,76,134,41,173,116,10,42,119,120,197,43,95,124,125,132,127,128,129,153,131,30,133,103,92,136,137,157,29,146,141,31,143,144,145,162,147,109,149,78,151,152,130,113,155,17,21,108,159,160,135,140,106,164,165,166,167,93,169,170,75,172,79,69,88,176,177,178,179,68,39,182,27,195,185,186,187,22,72,65,91,192,193,19,184,70,104,171,9,];False
8440;8717;17157;[0,175,2,25,189,5,6,61,38,199,49,11,12,181,14,15,16,156,18,196,20,138,22,23,24,3,26,183,37,154,126,115,32,99,34,35,36,28,8,82,13,198,188,122,44,45,46,47,68,123,50,86,52,53,117,55,56,59,58,57,60,7,174,62,40,190,66,67,48,63,194,71,4,73,74,114,112,77,150,161,80,81,110,83,84,85,89,87,1,51,90,191,142,168,94,54,96,97,121,33,100,101,102,98,139,105,163,107,158,148,64,111,76,197,41,173,116,10,42,119,120,134,43,95,124,125,132,127,128,129,153,131,30,133,103,92,136,137,157,29,146,141,31,143,144,145,162,147,109,149,78,151,152,130,113,155,17,21,108,159,160,135,140,106,164,165,166,167,93,169,170,75,172,79,69,88,176,177,178,179,180,39,182,27,195,185,186,187,118,72,65,91,192,193,19,184,70,104,171,9,];False
8573;8579;17152;[0,175,2,25,189,5,6,61,38,199,49,11,12,181,14,15,16,156,150,196,118,138,20,23,24,3,26,183,30,154,126,115,32,99,34,35,36,28,8,82,13,198,188,122,44,45,46,47,68,123,50,86,52,53,117,55,56,59,58,57,60,7,174,62,120,190,66,67,48,63,29,65,4,73,74,114,112,77,153,161,165,81,110,185,84,85,89,87,71,51,90,191,142,168,94,54,96,97,145,33,100,101,102,98,139,105,163,107,158,148,64,111,76,134,41,173,116,10,42,22,40,197,43,95,1,125,132,127,128,129,18,131,37,133,103,92,136,137,39,194,146,141,31,147,144,121,162,143,109,149,78,151,152,130,113,155,17,21,108,159,160,135,140,106,164,80,166,167,93,169,170,75,172,79,69,88,176,177,178,179,180,157,182,27,195,83,186,187,119,72,124,91,192,193,19,184,70,104,171,9,];False
8578;8567;17145;[0,175,2,25,189,5,6,61,38,199,49,11,12,181,14,15,16,156,150,196,20,138,118,23,24,3,26,183,37,154,126,115,32,99,34,35,36,28,8,82,13,198,188,122,44,45,46,47,68,123,143,86,52,53,117,55,56,59,58,57,60,7,174,62,120,190,66,67,48,63,29,1,4,73,74,114,112,77,153,161,165,81,110,83,84,85,89,87,71,51,90,191,142,168,94,54,96,97,145,33,100,101,102,98,139,105,163,107,158,148,64,111,76,134,41,173,116,10,42,22,40,197,43,95,124,125,132,127,128,129,18,131,30,133,103,92,136,137,157,194,146,141,31,50,144,121,162,147,109,149,78,151,152,130,113,155,17,21,108,159,160,135,140,106,164,80,166,167,93,169,170,75,172,79,69,88,176,177,178,179,180,39,182,27,195,185,186,187,119,72,65,91,192,193,19,184,70,104,171,9,];False
8422;8723;17145;[0,175,2,25,189,5,6,61,38,199,49,11,12,181,14,15,16,156,153,196,20,138,118,23,24,3,26,183,37,154,126,115,32,99,34,35,36,63,8,82,13,198,188,122,44,45,46,47,68,123,50,86,52,53,117,55,56,59,58,57,60,7,174,62,40,190,66,67,48,28,194,71,4,73,74,114,112,77,150,161,80,81,110,83,84,85,89,87,1,51,90,191,142,168,94,54,96,97,145,33,100,101,102,98,139,105,163,107,158,148,64,111,76,134,41,173,116,10,42,119,120,197,43,95,124,125,132,127,128,129,18,131,30,133,103,92,136,137,157,29,146,141,31,143,144,121,162,147,109,149,78,151,152,130,113,155,17,21,108,159,160,135,140,106,164,165,166,167,93,169,170,75,172,79,69,88,176,177,178,179,180,39,182,27,195,185,186,187,22,72,65,91,192,193,19,184,70,104,171,9,];False
8473;8671;17144;[0,175,2,25,189,5,6,61,38,199,49,11,12,181,14,15,16,156,153,196,20,138,118,23,24,3,26,183,37,154,126,115,32,99,34,35,36,28,8,82,13,198,188,122,44,45,46,47,68,123,50,86,52,53,117,55,56,59,58,57,60,7,174,62,40,190,66,67,48,63,194,71,4,73,74,114,112,77,150,161,80,81,110,83,84,85,89,87,1,51,90,191,142,168,94,54,96,97,145,33,100,101,102,98,139,105,163,107,158,148,64,111,76,133,41,173,116,10,42,119,120,197,43,95,124,125,132,127,128,129,18,131,30,134,103,92,136,137,157,29,146,141,31,143,144,121,162,147,109,149,78,151,152,130,113,155,17,21,108,159,160,135,140,106,164,165,166,167,93,169,170,75,172,79,69,88,176,177,178,179,180,39,182,27,195,185,186,187,22,72,65,91,192,193,19,184,70,104,171,9,];False
8420;8723;17143;[0,175,2,25,189,5,6,61,38,199,49,11,12,181,14,15,16,156,18,196,20,138,118,23,24,3,26,183,37,154,126,115,32,99,34,35,36,28,8,82,13,198,188,122,44,45,46,47,68,123,50,86,52,53,117,55,56,59,58,57,60,7,174,62,40,190,66,67,48,63,194,71,4,73,74,114,112,77,150,161,80,81,110,83,84,85,89,87,1,51,90,191,142,168,94,54,124,97,121,33,100,101,102,98,139,105,163,107,158,148,64,111,76,134,41,173,116,10,42,119,120,197,43,95,96,125,132,127,128,129,153,131,30,133,103,92,136,137,157,29,146,141,31,143,144,145,162,147,109,149,78,151,152,130,113,155,17,21,108,159,160,135,140,106,164,165,166,167,93,169,170,75,172,79,69,88,176,177,178,179,180,39,182,27,195,185,186,187,22,72,65,91,192,193,19,184,70,104,171,9,];False
8321;8820;17141;[0,175,2,25,189,5,6,61,38,199,77,11,12,181,14,15,16,156,18,196,20,138,22,23,24,3,26,183,37,154,126,115,32,99,34,35,36,28,8,64,13,198,118,122,44,45,46,47,68,123,50,86,52,53,54,55,56,59,58,57,60,7,63,62,40,190,66,67,48,174,194,71,4,73,74,114,112,49,150,161,80,81,82,83,84,85,89,87,1,51,90,191,142,168,94,117,96,97,121,33,100,101,102,98,139,105,163,107,158,148,110,111,76,197,75,173,116,10,42,119,120,134,43,95,124,125,132,127,128,129,153,131,30,133,103,92,136,137,157,29,146,141,31,143,144,145,162,147,109,149,78,151,152,130,113,155,17,21,108,159,160,135,140,106,164,165,166,167,93,169,170,171,172,79,69,88,176,177,178,179,180,39,182,27,195,185,186,187,188,72,65,91,192,193,19,184,70,104,41,9,];False
8438;8703;17141;[0,175,2,25,189,5,6,61,38,199,116,11,12,181,14,15,16,156,153,196,20,138,118,23,24,3,26,183,37,154,126,115,32,99,34,35,36,28,8,82,13,198,188,122,44,45,46,47,68,123,50,86,52,53,117,55,56,59,58,57,60,7,174,62,40,190,66,67,48,63,194,71,4,73,74,114,112,77,150,161,80,81,110,83,84,85,89,87,1,51,90,191,142,168,94,54,96,97,145,33,100,101,102,98,139,105,163,107,158,148,64,111,76,134,41,173,49,10,42,119,120,197,43,95,124,125,132,127,128,129,18,131,30,133,103,92,136,137,157,29,146,141,31,143,144,121,162,147,109,149,78,151,152,130,113,155,17,21,108,159,160,135,140,106,164,165,166,167,93,169,170,75,172,79,69,88,176,177,178,179,180,39,182,27,195,185,186,187,22,72,65,91,192,193,19,184,70,104,171,9,];False
8489;8651;17140;[0,175,2,25,189,5,6,61,38,199,49,11,12,181,14,15,16,156,153,196,20,138,118,23,24,3,26,183,37,154,126,115,32,99,34,192,36,28,8,82,13,198,188,122,44,45,46,47,68,123,50,86,52,53,117,55,56,59,58,57,60,7,174,62,40,190,66,67,48,63,194,71,4,73,74,114,112,77,150,161,80,81,110,83,84,85,89,87,1,51,90,191,142,168,94,54,96,97,145,33,100,101,102,98,139,105,163,107,158,148,64,111,76,134,41,173,116,10,42,119,120,197,43,95,124,125,132,127,128,129,18,131,30,133,103,92,136,137,157,29,146,141,31,143,144,121,162,147,109,149,78,151,152,130,113,155,17,21,108,159,160,135,140,106,164,165,166,167,93,169,170,75,172,79,69,88,176,177,178,179,180,39,182,27,195,185,186,187,22,72,65,91,35,193,19,184,70,104,171,9,];False
8465;8664;17129;[0,175,2,25,189,5,6,61,38,199,49,11,12,181,14,15,16,156,18,196,20,138,118,23,24,3,26,183,37,154,126,115,32,99,34,35,36,28,8,82,13,198,188,122,44,45,46,47,68,123,50,86,52,53,117,55,56,59,58,57,60,7,174,62,40,190,66,67,48,63,194,71,4,73,74,114,112,77,150,161,80,81,110,83,84,85,89,87,1,51,90,191,142,168,94,54,96,97,121,33,100,101,102,98,139,105,163,107,158,148,64,111,76,134,41,173,116,10,42,119,120,197,43,95,124,125,132,127,128,129,153,131,30,133,103,92,136,137,157,29,146,141,31,143,144,145,162,147,109,149,78,151,152,130,113,155,17,21,108,159,160,135,140,106,164,165,166,167,93,169,170,75,172,79,69,88,176,177,178,179,180,39,182,27,195,185,186,187,22,72,65,91,192,193,19,184,70,104,171,9,];False
8558;8559;17117;[0,175,2,25,189,48,6,61,38,199,49,11,12,181,14,15,16,156,150,196,118,138,20,23,24,3,26,183,37,154,126,115,32,99,34,35,36,28,8,82,13,198,188,122,44,45,46,47,68,123,50,86,52,53,117,55,56,59,58,57,60,7,174,62,120,190,66,67,5,63,29,65,4,73,74,114,112,77,153,161,165,81,110,185,84,85,89,87,71,51,90,191,142,168,94,54,96,97,145,33,100,101,102,98,139,105,163,107,158,148,64,111,76,134,41,173,116,10,42,22,40,197,43,95,1,125,132,127,128,129,18,131,30,133,103,92,136,137,39,194,146,141,31,147,144,121,162,143,109,149,78,151,152,130,113,155,17,21,108,159,160,135,140,106,164,80,166,167,93,169,170,75,172,79,69,88,176,177,178,179,180,157,182,27,195,83,186,187,119,72,124,91,192,193,19,184,70,104,171,9,];False
8435;8682;17117;[0,175,2,25,189,5,6,61,38,199,49,11,12,181,14,15,16,156,18,145,20,138,118,23,24,3,26,183,37,154,126,115,32,99,34,35,36,28,8,82,13,198,188,122,44,45,46,47,68,123,50,86,52,53,117,55,56,59,58,57,60,7,174,62,40,190,66,67,48,63,194,71,4,73,74,114,112,77,150,161,80,81,110,83,84,85,89,87,1,51,90,191,142,168,94,54,96,97,121,33,100,101,102,98,139,105,163,107,158,148,64,111,76,134,41,173,116,10,42,119,120,197,43,95,124,125,132,127,128,129,153,131,30,133,103,92,136,137,157,29,146,141,31,143,144,196,162,147,109,149,78,151,152,130,113,155,17,21,108,159,160,135,140,106,164,165,166,167,93,169,170,75,172,79,69,88,176,177,178,179,180,39,182,27,195,185,186,187,22,72,65,91,192,193,19,184,70,104,171,9,];False
8520;8593;17113;[0,175,2,25,189,5,6,61,38,199,49,11,12,181,14,15,16,156,150,196,20,138,118,23,24,3,26,183,37,154,126,115,32,99,34,35,135,28,8,82,13,198,188,122,44,45,46,47,68,123,50,86,52,53,117,55,56,59,58,57,60,7,174,62,120,190,66,67,48,63,29,1,4,73,74,114,112,77,153,161,165,81,110,83,84,85,89,87,71,51,90,191,142,168,94,54,96,97,145,33,100,101,102,98,139,105,163,107,158,148,64,111,76,134,41,173,116,10,42,22,40,197,43,95,124,125,132,127,128,129,18,131,30,133,103,92,136,137,157,194,146,141,31,147,144,121,162,143,109,149,78,151,152,130,113,155,17,21,108,159,160,36,140,106,164,80,166,167,93,169,170,75,172,79,69,88,176,177,178,179,180,39,182,27,195,185,186,187,119,72,65,91,192,193,19,184,70,104,171,9,];False
8407;8705;17112;[0,175,2,25,189,5,6,61,38,199,49,11,12,181,14,15,16,156,153,196,20,138,118,23,24,3,26,183,37,154,126,115,32,99,34,35,36,28,8,82,13,198,188,122,44,45,46,47,68,123,50,86,52,53,117,55,56,59,58,57,60,7,174,62,40,190,66,67,48,63,194,71,4,73,74,112,114,77,150,161,80,81,110,83,84,85,89,87,1,51,90,191,142,168,94,54,96,97,145,33,100,101,102,98,139,105,163,107,158,148,64,111,76,134,41,173,116,10,42,119,120,197,43,95,124,125,132,127,128,129,18,131,30,133,103,92,136,137,157,29,146,141,31,143,144,121,162,147,109,149,78,151,152,130,113,155,17,21,108,159,160,135,140,106,164,165,166,167,93,169,170,75,172,79,69,88,176,177,178,179,180,39,182,27,195,185,186,187,22,72,65,91,192,193,19,184,70,104,171,9,];False
8397;8706;17103;[0,175,2,25,189,5,6,61,38,199,49,11,12,181,14,15,16,156,18,196,20,138,22,23,24,3,26,183,37,154,126,115,32,99,34,35,36,28,8,82,13,198,188,122,44,45,46,47,68,123,50,86,52,53,117,55,56,59,58,57,60,7,174,62,40,190,66,67,48,63,194,71,4,73,74,114,112,77,150,161,80,81,110,83,84,85,89,87,1,51,90,191,142,168,94,54,96,97,121,33,100,101,102,98,139,105,163,107,158,148,64,111,76,134,41,173,116,10,42,119,120,197,43,95,124,125,132,127,128,129,153,131,30,133,103,92,136,137,157,29,146,141,31,143,144,145,162,147,109,93,78,151,152,130,113,155,17,21,108,159,160,135,140,106,164,165,166,167,149,169,170,75,172,79,69,88,176,177,178,179,180,39,182,27,195,185,186,187,118,72,65,91,192,193,19,184,70,104,171,9,];False
8401;8697;17098;[0,175,2,25,189,5,6,61,38,199,49,11,12,181,14,15,16,156,153,196,20,138,118,23,24,3,26,183,37,154,126,115,32,99,34,35,36,28,8,82,13,198,188,122,44,45,46,47,68,173,50,86,52,53,117,55,56,59,58,57,60,7,174,62,40,190,66,67,48,63,29,71,4,73,74,114,112,77,150,161,80,81,110,83,84,85,89,87,1,51,90,191,142,168,94,54,96,97,145,33,100,101,102,98,139,105,163,107,158,148,64,111,76,134,41,123,116,10,42,119,120,197,43,95,124,125,132,127,128,129,18,131,30,133,103,92,136,137,157,194,146,141,31,143,144,121,162,147,109,149,78,151,152,130,113,155,17,21,108,159,160,135,140,106,164,165,166,167,93,169,170,75,172,79,69,88,176,177,178,179,180,39,182,27,195,185,186,187,22,72,65,91,192,193,19,184,70,104,171,9,];False
8571;8525;17096;[46,175,2,25,189,5,6,61,38,199,49,11,12,181,14,15,16,156,150,196,118,138,20,23,24,3,26,183,37,154,126,115,32,99,34,35,36,28,8,82,13,198,188,122,44,45,0,47,68,123,50,86,52,53,117,55,56,59,58,57,60,7,174,62,120,190,66,67,48,63,29,65,4,73,74,114,112,77,153,161,165,81,110,185,84,85,89,87,71,51,90,191,142,168,94,54,96,97,145,33,100,101,102,98,31,105,163,107,158,148,64,111,76,134,41,173,116,10,42,22,40,197,43,95,1,125,132,127,128,129,18,131,30,133,103,92,136,137,39,194,146,141,139,147,144,121,162,143,109,149,78,151,152,130,113,155,17,21,108,159,160,135,140,106,164,80,166,167,93,169,170,75,172,79,69,88,176,177,178,179,180,157,182,27,195,83,186,187,119,72,124,91,192,193,19,184,70,104,171,9,];False
8404;8690;17094;[0,175,2,25,189,5,6,61,38,199,49,11,12,181,14,15,16,156,18,196,20,138,22,23,24,3,26,183,37,154,126,115,32,99,34,35,36,28,8,82,13,198,188,122,44,45,46,47,68,123,50,86,52,53,117,55,56,59,58,57,60,7,174,62,40,190,66,67,48,63,194,71,4,73,74,114,112,77,150,161,80,81,110,83,84,85,89,87,1,51,90,191,142,168,94,54,96,97,121,33,100,101,102,98,139,105,163,107,158,148,64,111,76,134,41,173,116,10,42,119,120,197,43,95,124,125,132,127,128,129,153,131,69,133,103,92,136,137,157,29,146,141,31,143,144,145,162,147,109,149,78,151,152,130,113,155,17,21,108,159,160,135,140,106,164,165,166,167,93,169,170,75,172,79,30,88,176,177,178,179,180,39,182,27,195,185,186,187,118,72,65,91,192,193,19,184,70,104,171,9,];False
8503;8586;17089;[0,175,2,25,189,5,6,61,38,199,49,11,12,181,14,15,16,156,150,196,20,138,118,23,24,3,26,183,37,154,126,115,32,99,34,35,36,28,8,82,13,198,188,122,44,45,46,47,68,123,50,86,52,53,117,55,56,59,58,57,60,7,174,62,120,190,66,67,48,63,29,1,4,73,74,114,112,77,153,161,165,81,110,185,84,85,89,87,71,51,90,191,142,168,94,54,96,97,145,33,100,101,102,98,139,105,163,107,158,148,22,111,76,134,41,173,116,10,42,64,40,197,43,95,65,125,132,127,128,129,18,131,30,133,103,92,136,137,157,194,146,141,31,147,144,121,162,143,109,149,78,151,152,130,113,155,17,21,108,159,160,135,140,106,164,80,166,167,93,169,170,75,172,79,69,88,176,177,178,179,180,39,182,27,195,83,186,187,119,72,124,91,192,193,19,184,70,104,171,9,];False
8468;8617;17085;[0,175,2,25,189,5,6,61,38,199,49,11,12,181,14,15,16,156,150,196,20,138,118,23,24,3,26,183,37,154,126,115,32,99,34,35,36,28,8,82,113,198,188,122,44,45,46,47,68,123,50,86,52,53,117,55,56,59,58,57,60,7,174,62,40,190,66,67,48,63,29,71,4,73,74,114,112,77,153,161,80,81,110,83,84,85,89,87,1,51,90,191,142,168,94,54,96,97,145,33,100,101,102,98,139,105,163,107,158,148,64,111,76,134,41,173,116,10,42,22,120,197,43,95,124,125,132,127,128,129,18,131,30,133,103,92,136,137,157,194,146,141,31,143,144,121,162,147,109,149,78,151,152,130,13,155,17,21,108,159,160,135,140,106,164,165,166,167,93,169,170,75,172,79,69,88,176,177,178,179,180,39,182,27,195,185,186,187,119,72,65,91,192,193,19,184,70,104,171,9,];False
8387;8695;17082;[0,175,2,25,189,5,18,61,38,199,49,11,12,181,14,15,16,156,6,196,20,138,22,23,24,3,26,183,37,154,126,115,32,99,34,35,36,28,8,82,13,198,188,122,44,45,46,47,68,123,50,86,52,53,117,55,56,59,58,57,60,7,174,62,40,190,66,67,48,63,194,71,4,73,74,114,112,77,150,161,80,81,110,83,84,85,89,87,1,51,90,191,142,168,94,54,96,97,121,33,100,101,102,98,139,105,163,107,158,148,64,111,76,134,41,173,116,10,42,119,120,197,43,95,124,125,132,127,128,129,153,131,30,133,103,92,136,137,157,29,146,141,31,143,144,145,162,147,109,149,78,151,152,130,113,155,17,21,108,159,160,135,140,106,164,165,166,167,93,169,170,75,172,79,69,88,176,177,178,179,180,39,182,27,195,185,186,187,118,72,65,91,192,193,19,184,70,104,171,9,];False
8607;8474;17081;[46,174,2,25,189,192,6,61,38,199,49,11,12,50,14,15,16,156,150,196,118,138,20,23,176,3,26,183,37,154,126,115,32,99,34,35,36,28,8,82,13,198,188,122,44,45,181,47,68,123,0,86,52,53,117,55,56,59,58,57,60,7,175,62,120,190,66,67,48,63,29,65,4,73,74,114,112,77,153,161,165,81,110,185,84,85,89,87,71,51,90,191,142,168,94,54,96,97,145,33,100,101,102,98,139,105,163,107,158,30,64,111,76,134,41,173,116,10,42,22,40,197,43,95,1,125,132,127,128,129,18,131,148,133,103,92,136,137,39,194,146,141,31,147,144,121,162,143,109,149,78,151,152,130,113,155,17,21,108,159,160,135,140,106,164,80,166,167,93,169,170,75,172,79,69,88,24,177,178,179,180,157,182,27,195,83,186,187,119,72,124,91,5,193,19,184,70,104,171,9,];False
8423;8655;17078;[0,175,2,25,189,5,6,61,38,199,49,11,12,181,14,15,16,156,153,196,20,138,118,23,24,3,26,183,37,154,126,115,32,99,34,35,36,28,8,82,13,198,188,122,44,45,46,47,68,123,50,86,52,53,117,55,56,59,58,57,60,7,174,62,40,190,66,67,48,63,194,71,4,73,74,114,112,77,150,161,80,81,110,83,84,85,89,87,1,51,90,191,142,168,94,54,96,97,145,33,100,101,102,98,139,105,27,107,158,148,64,111,76,134,41,173,116,10,42,119,120,197,43,95,124,125,132,127,128,129,18,131,30,133,103,92,136,137,157,29,146,141,31,143,144,121,162,147,109,149,78,151,152,130,113,155,17,21,108,159,160,135,140,106,164,165,166,167,93,169,170,75,172,79,69,88,176,177,178,179,180,39,182,163,195,185,186,187,22,72,65,91,192,193,19,184,70,104,171,9,];False
8507;8567;17074;[0,175,2,25,189,5,6,61,38,199,49,11,12,181,14,15,16,156,150,196,118,138,20,23,24,3,26,183,37,154,126,115,32,99,34,35,36,28,8,82,13,198,188,122,44,45,46,47,68,123,50,86,52,53,117,55,56,59,58,57,60,7,174,62,120,190,66,67,48,63,29,65,4,73,74,114,112,77,153,161,165,81,110,185,84,85,89,87,71,51,90,191,142,168,94,54,96,97,145,33,100,101,102,98,139,105,163,107,158,148,64,111,76,134,41,173,116,10,42,78,40,197,43,95,1,125,132,127,128,129,18,131,30,133,103,92,136,137,39,194,146,141,31,147,144,121,162,143,109,149,22,151,152,130,113,155,17,21,108,159,160,135,140,106,164,80,166,167,93,169,170,75,172,79,69,88,176,177,178,179,180,157,182,27,195,83,186,187,119,72,124,91,192,193,19,184,70,104,171,9,];False
8495;8575;17070;[0,175,2,25,189,5,6,61,38,199,49,11,12,181,14,15,16,156,150,196,20,138,118,23,24,3,26,183,37,154,126,115,32,99,34,35,36,28,8,82,13,198,188,122,44,45,46,47,68,123,50,86,52,53,117,55,56,59,58,57,60,7,174,62,120,190,66,67,48,63,29,1,4,73,74,114,112,77,153,161,165,81,110,185,84,85,89,87,71,51,90,191,142,168,94,54,96,97,145,33,100,101,102,98,139,105,163,107,158,148,64,111,76,134,41,173,116,10,42,22,40,197,43,95,65,125,132,127,128,129,18,131,30,133,103,92,136,137,157,194,146,141,31,147,144,121,162,143,109,149,78,151,152,130,113,155,17,21,108,159,160,135,140,106,164,80,166,172,93,169,170,75,167,79,69,88,176,177,178,179,180,39,182,27,195,83,186,187,119,72,124,91,192,193,19,184,70,104,171,9,];False
8483;8586;17069;[0,175,2,25,189,5,6,61,38,199,49,11,12,181,14,15,16,156,150,196,20,138,118,23,24,3,26,183,37,154,126,115,32,99,34,35,36,28,8,82,13,198,188,122,44,45,46,47,68,123,50,86,52,53,117,55,56,59,58,57,60,7,174,62,120,190,66,17,48,63,29,1,4,73,74,114,112,77,153,161,165,81,110,185,84,85,89,87,71,51,90,191,142,168,94,54,96,97,145,33,100,101,102,98,139,105,163,107,158,148,64,111,76,134,41,173,116,10,42,22,40,197,43,95,65,125,132,127,128,129,18,131,30,133,103,92,136,137,157,194,146,141,31,147,144,121,162,143,109,149,78,151,152,130,113,155,67,21,108,159,160,135,140,106,164,80,166,167,93,169,170,75,172,79,69,88,176,177,178,179,180,39,182,27,195,83,186,187,119,72,124,91,192,193,19,184,70,104,171,9,];False
8405;8663;17068;[0,175,2,25,189,5,6,61,38,199,49,11,12,181,14,15,16,156,150,196,20,138,118,23,24,3,26,183,37,154,126,115,32,99,34,35,36,28,8,82,13,198,188,122,44,45,46,47,68,123,50,86,52,53,117,55,56,59,58,57,60,7,174,62,120,190,66,67,48,63,29,1,4,73,74,114,112,77,153,161,165,81,110,185,84,85,89,87,71,51,90,191,142,168,94,54,96,97,145,33,100,101,102,98,139,105,163,107,158,148,64,111,76,134,41,173,116,10,42,22,40,197,43,95,65,125,132,127,128,129,18,131,30,133,103,92,136,137,157,194,146,141,31,147,144,121,162,143,109,149,78,151,152,130,113,187,17,21,108,159,160,135,140,106,164,80,166,167,93,169,170,75,172,79,69,88,176,177,178,179,180,39,182,27,195,83,186,155,119,72,124,91,192,193,19,184,70,104,171,9,];False
8518;8545;17063;[0,175,2,25,189,5,6,61,38,199,49,11,12,181,14,15,16,156,150,196,20,138,118,80,24,3,26,183,37,154,126,115,32,99,34,35,36,28,8,82,13,198,188,122,44,45,46,47,68,123,50,86,52,53,117,55,56,59,58,57,60,7,174,62,120,190,66,67,48,63,29,1,4,73,74,114,112,77,153,161,165,81,110,83,84,85,89,87,71,51,90,191,142,168,94,54,96,97,145,33,100,101,102,98,139,105,163,107,158,148,64,111,76,134,41,173,116,10,42,22,40,197,43,95,124,125,132,127,128,129,18,131,30,133,103,92,136,137,157,194,146,141,31,143,144,121,162,147,109,149,78,151,152,130,113,155,17,21,108,159,160,135,140,106,164,23,166,167,93,169,170,75,172,79,69,88,176,177,178,179,180,39,182,27,195,185,186,187,119,72,65,91,192,193,19,184,70,104,171,9,];False
8506;8555;17061;[0,175,2,25,189,5,6,61,38,199,49,11,12,181,14,15,16,156,150,196,20,138,118,23,24,3,26,183,37,154,126,115,32,99,34,35,36,28,8,82,13,198,188,122,44,45,46,47,68,123,50,86,52,53,117,55,56,59,58,57,60,7,174,62,120,190,66,67,116,63,29,1,4,73,74,114,112,77,153,161,165,81,110,83,84,85,89,87,71,51,90,191,142,168,94,54,96,97,145,33,100,101,102,98,139,105,163,107,158,148,64,111,76,134,41,173,48,10,42,22,40,197,43,95,124,125,132,127,128,129,18,131,30,133,103,92,136,137,157,194,146,141,31,143,144,121,162,147,109,149,78,151,152,130,113,155,17,21,108,159,160,135,140,106,164,80,166,167,93,169,170,75,172,79,69,88,176,177,178,179,180,39,182,27,195,185,186,187,119,72,65,91,192,193,19,184,70,104,171,9,];False
8353;8707;17060;[0,175,2,25,189,5,6,61,38,199,49,11,12,181,14,15,16,156,18,196,20,138,22,23,24,3,26,183,37,154,126,115,32,99,34,35,36,28,8,82,13,198,188,122,44,45,46,47,68,123,50,86,52,53,117,55,56,59,58,57,60,7,174,62,169,190,66,67,48,63,194,71,4,73,74,114,112,77,150,161,80,81,110,83,84,85,89,87,1,51,90,191,142,168,94,54,96,97,121,33,100,101,102,98,139,105,163,107,158,148,64,111,76,134,41,173,116,10,42,119,120,197,43,95,124,125,132,127,128,129,153,131,30,133,103,92,136,137,157,29,146,141,31,143,144,145,162,147,109,149,78,151,152,130,113,155,17,21,108,159,160,135,140,106,164,165,166,167,93,40,170,75,172,79,69,88,176,177,178,179,180,39,182,27,195,185,186,187,118,72,65,91,192,193,19,184,70,104,171,9,];False
8610;8449;17059;[46,174,2,25,189,5,6,61,38,199,49,11,12,0,14,15,16,156,150,196,118,138,20,23,176,3,26,183,37,154,126,115,32,99,34,35,36,28,8,82,13,198,188,122,44,45,181,47,68,123,50,86,52,65,117,55,56,59,58,57,60,7,175,62,120,190,66,67,48,63,29,53,4,73,74,114,112,77,153,161,165,81,110,185,84,85,89,87,71,51,90,191,142,168,94,54,96,97,145,33,100,101,102,98,139,105,163,107,158,148,64,111,76,134,41,173,116,10,42,22,40,197,43,95,1,125,132,127,128,129,18,131,30,133,103,92,136,137,39,194,146,141,31,147,144,121,162,143,109,149,78,151,152,130,113,155,17,21,108,159,160,135,140,106,164,80,166,167,93,169,170,75,172,79,69,88,24,177,178,179,180,157,182,27,195,83,186,187,119,72,124,91,192,193,19,184,70,104,171,9,];False
8334;8725;17059;[0,175,2,25,189,5,6,61,38,199,49,11,12,181,14,15,16,156,18,196,20,138,22,23,24,3,26,183,37,154,126,115,32,99,34,35,36,28,8,82,13,198,188,122,44,45,112,47,68,123,50,86,52,53,117,55,56,59,58,57,60,7,174,62,40,190,66,67,48,63,194,71,4,73,74,114,46,77,150,161,80,81,110,83,84,85,89,87,1,51,90,191,142,168,94,54,96,97,121,33,100,101,102,98,139,105,163,107,158,148,64,111,76,134,41,173,116,10,42,119,120,197,43,95,124,125,132,127,128,129,153,131,30,133,103,92,136,137,157,29,146,141,31,143,144,145,162,147,109,149,78,151,152,130,113,155,17,21,108,159,160,135,140,106,164,165,166,167,93,169,170,75,172,79,69,88,176,177,178,179,180,39,182,27,195,185,186,187,118,72,65,91,192,193,19,184,70,104,171,9,];False
8469;8590;17059;[0,175,2,25,189,5,6,61,38,199,49,11,12,181,14,15,16,156,150,196,20,138,118,23,24,3,26,183,37,154,126,115,32,99,34,35,36,28,8,82,13,198,188,122,44,45,46,47,68,123,50,86,52,53,117,55,56,59,58,57,60,7,174,62,120,190,66,67,48,63,29,1,4,73,74,114,128,77,153,161,165,81,110,185,84,85,89,87,71,51,90,191,142,168,94,54,96,97,145,33,100,101,102,98,139,105,163,107,158,148,64,111,76,134,41,173,116,10,42,22,40,197,43,95,124,125,132,127,112,129,18,131,30,133,103,92,136,137,157,194,146,141,31,147,144,121,162,143,109,149,78,151,152,130,113,155,17,21,108,159,160,135,140,106,164,80,166,167,93,169,170,75,172,79,69,88,176,177,178,179,180,39,182,27,195,83,186,187,119,72,65,91,192,193,19,184,70,104,171,9,];False
8397;8660;17057;[0,175,2,25,189,5,6,61,38,199,49,11,12,181,14,15,16,156,150,196,20,138,118,23,24,3,26,183,37,154,126,115,32,99,34,35,36,28,8,82,13,198,188,122,44,45,46,47,68,123,50,86,52,53,117,55,56,59,58,57,60,7,174,63,120,190,66,67,48,62,29,71,4,73,74,114,112,77,153,161,165,81,110,83,84,85,89,87,1,51,90,191,142,168,94,54,96,97,145,33,100,101,102,98,139,105,163,107,158,148,64,111,76,134,41,173,116,10,42,22,40,197,43,95,124,125,132,127,128,129,18,131,30,133,103,92,136,137,157,194,146,141,31,143,144,121,162,147,109,149,78,151,152,130,113,155,17,21,108,159,160,135,140,106,164,80,166,167,93,169,170,75,172,79,69,88,176,177,178,179,180,39,182,27,195,185,186,187,119,72,65,91,192,193,19,184,70,104,171,9,];False
8400;8656;17056;[0,175,2,25,189,5,6,61,38,199,49,11,12,181,14,15,16,156,153,196,20,138,118,23,24,3,26,183,37,154,126,115,32,99,34,35,36,28,8,82,13,198,188,122,44,45,46,47,68,123,50,86,52,53,117,55,56,59,58,57,60,7,174,62,40,190,66,67,48,63,194,71,4,73,74,114,112,77,150,161,80,81,110,83,84,85,89,87,1,51,90,191,142,168,94,54,96,97,145,33,100,101,102,98,139,105,163,107,158,148,64,111,76,134,41,173,116,10,42,119,120,197,43,95,124,125,132,127,128,129,18,131,30,133,103,92,136,137,157,29,146,141,31,143,144,121,162,147,109,149,78,151,152,130,113,155,17,21,108,159,160,135,140,106,164,165,166,167,93,169,170,75,172,79,69,88,176,177,178,179,180,39,182,27,195,185,186,187,22,72,65,91,192,193,19,184,70,104,171,9,];False
8489;8566;17055;[0,175,2,25,189,5,6,61,38,199,49,11,12,181,14,15,16,156,150,196,20,138,118,23,24,3,26,183,37,154,126,115,32,99,34,35,36,28,8,82,13,198,188,122,44,45,46,47,68,123,50,86,52,53,117,55,56,59,58,57,60,7,174,62,120,190,66,67,48,63,29,1,4,73,74,114,112,77,153,161,129,81,110,185,84,85,89,87,71,51,90,191,142,168,94,54,96,97,145,33,100,101,102,98,139,105,163,107,158,148,64,111,76,134,41,173,116,10,42,22,40,197,43,95,65,125,132,127,128,165,18,131,30,133,103,92,136,137,157,194,146,141,31,147,144,121,162,143,109,149,78,151,152,130,113,155,17,21,108,159,160,135,140,106,164,80,166,167,93,169,170,75,172,79,69,88,176,177,178,179,180,39,182,27,195,83,186,187,119,72,124,91,192,193,19,184,70,104,171,9,];False
8511;8543;17054;[0,175,2,25,189,5,6,61,38,199,49,11,12,181,14,15,16,156,150,196,20,138,118,23,24,3,26,183,37,154,126,115,32,99,34,35,36,28,8,82,13,198,188,122,44,45,46,47,68,123,50,86,52,53,117,55,56,59,58,57,60,7,174,62,120,190,66,67,48,63,29,1,4,73,74,114,112,77,153,161,165,81,110,83,84,85,89,87,71,51,90,191,142,168,94,54,96,97,145,33,100,101,102,98,139,105,163,107,158,148,64,111,76,134,41,173,116,10,42,22,40,197,43,95,124,125,132,127,128,129,18,131,30,133,103,92,136,137,157,194,146,141,31,143,144,121,162,147,109,149,78,151,152,130,113,155,17,21,108,159,160,135,140,106,164,80,166,167,93,169,170,75,172,79,69,88,176,177,178,179,180,39,182,27,195,185,186,187,119,72,65,91,192,193,19,184,70,104,171,9,];False
8391;8663;17054;[0,175,85,25,189,5,6,61,38,199,49,11,12,181,14,15,16,156,153,196,20,138,118,23,24,3,26,183,37,154,126,115,32,99,34,35,36,28,8,82,13,198,188,122,44,45,46,47,68,123,50,86,52,53,117,55,56,59,58,57,60,7,174,62,40,190,66,67,48,63,194,71,4,73,74,114,112,77,150,161,80,81,110,83,84,2,89,87,1,51,90,191,142,168,94,54,96,97,145,33,100,101,102,98,139,105,163,107,158,148,64,111,76,134,41,173,116,10,42,119,120,197,43,95,124,125,132,127,128,129,18,131,30,133,103,92,136,137,157,29,146,141,31,143,144,121,162,147,109,149,78,151,152,130,113,155,17,21,108,159,160,135,140,106,164,165,166,167,93,169,170,75,172,79,69,88,176,177,178,179,180,39,182,27,195,185,186,187,22,72,65,91,192,193,19,184,70,104,171,9,];False
8385;8667;17052;[0,175,2,25,189,5,6,61,38,199,49,11,12,181,14,15,16,156,153,196,20,138,118,23,24,3,26,183,37,154,126,115,32,99,34,35,36,28,8,82,13,198,188,122,44,45,46,47,68,123,50,86,52,53,117,55,56,59,58,57,60,7,174,62,40,190,66,67,48,63,194,71,4,73,74,114,112,77,150,161,80,81,110,83,84,85,89,87,1,51,90,191,142,168,94,54,96,97,121,33,100,101,102,98,139,105,163,107,158,148,64,111,76,134,41,173,116,10,42,119,120,197,43,95,124,125,132,127,128,129,18,131,30,133,103,92,136,137,157,29,146,141,31,143,144,145,162,147,109,149,78,151,152,130,113,155,17,21,108,159,160,135,140,106,164,165,166,167,93,169,170,75,172,79,69,88,176,177,178,179,180,39,182,27,195,185,186,187,22,72,65,91,192,193,19,184,70,104,171,9,];False
8376;8674;17050;[0,175,2,25,189,5,6,61,38,199,49,11,12,181,14,15,16,156,153,196,20,138,118,23,24,3,26,183,37,154,126,115,32,99,34,35,36,28,8,82,13,198,188,122,44,45,46,47,68,123,50,86,52,53,117,55,56,59,58,57,60,7,174,62,40,190,66,67,48,63,194,71,4,73,74,114,112,77,150,161,80,81,110,83,84,85,89,87,1,51,90,191,142,168,94,54,96,97,145,33,100,101,102,98,139,105,163,19,158,148,64,111,76,134,41,173,116,10,42,119,120,197,43,95,124,125,132,127,128,129,18,131,30,133,103,92,136,137,157,29,146,141,31,143,144,121,162,147,109,149,78,151,152,130,113,155,17,21,108,159,160,135,140,106,164,165,166,167,93,169,170,75,172,79,69,88,176,177,178,179,180,39,182,27,195,185,186,187,22,72,65,91,192,193,107,184,70,104,171,9,];False
8355;8693;17048;[0,175,2,25,189,5,6,61,38,199,49,11,12,181,14,15,16,156,18,196,20,138,22,23,24,3,26,183,37,154,126,115,32,99,34,35,36,28,8,82,13,198,188,122,44,45,46,47,68,123,50,86,52,53,117,55,56,59,58,57,60,7,174,62,40,190,66,67,48,63,194,71,4,73,74,114,112,77,150,161,80,81,110,83,84,85,89,87,1,51,90,191,142,168,94,54,96,97,121,33,100,101,102,98,139,105,163,107,158,148,64,111,76,134,41,173,116,10,42,119,120,197,43,95,124,125,132,127,128,129,153,131,30,133,103,92,136,137,157,29,146,141,31,143,144,145,162,147,109,149,78,151,152,130,113,155,17,21,108,159,160,135,140,106,164,165,166,167,93,169,170,75,172,79,69,88,176,177,178,179,180,39,182,27,195,185,186,187,118,72,65,91,192,193,19,184,70,104,171,9,];False
8382;8660;17042;[152,175,2,25,189,5,6,61,38,199,49,11,12,181,14,15,16,156,153,196,20,138,118,23,24,3,26,183,37,154,126,115,32,99,34,35,36,28,8,82,13,198,188,122,44,45,46,47,68,123,50,86,52,53,117,55,56,59,58,57,60,7,174,62,40,190,66,67,48,63,194,71,4,73,74,114,112,77,150,161,80,81,110,83,84,85,89,87,1,51,90,191,142,168,94,54,96,97,145,33,100,101,102,98,139,105,163,107,158,148,64,111,76,134,41,173,116,10,42,119,120,197,43,95,124,125,132,127,128,129,18,131,30,133,103,92,136,137,157,29,146,141,31,143,144,121,162,147,109,149,78,151,0,130,113,155,17,21,108,159,160,135,140,106,164,165,166,167,93,169,170,75,172,79,69,88,176,177,178,179,180,39,182,27,195,185,186,187,22,72,65,91,192,193,19,184,70,104,171,9,];False
8539;8501;17040;[46,175,2,25,189,5,6,61,38,199,49,11,12,0,14,15,16,156,150,196,118,138,20,23,24,3,26,183,37,154,126,115,32,99,34,35,36,28,8,82,13,198,188,122,44,45,181,47,68,123,50,86,52,53,117,55,56,59,58,57,60,7,174,62,120,190,66,67,48,63,29,65,4,73,74,114,112,77,153,161,165,81,110,185,84,85,89,87,71,51,90,191,142,168,94,54,96,97,145,33,100,101,102,98,139,105,163,107,158,148,64,111,76,134,41,173,116,10,42,22,40,197,43,95,1,125,132,127,128,129,18,131,30,133,103,92,136,137,39,194,146,141,31,147,144,121,162,143,109,149,78,151,152,9,113,155,17,21,108,159,160,135,140,106,164,80,166,167,93,169,170,75,172,79,69,88,176,177,178,179,180,157,182,27,195,83,186,187,119,72,124,91,192,193,19,184,70,104,171,130,];False
8461;8574;17035;[0,175,2,25,189,5,6,61,38,199,49,11,12,181,14,15,16,156,150,196,20,138,118,23,24,3,26,183,37,154,126,115,32,99,34,35,36,28,8,82,13,198,188,122,44,45,46,47,68,123,50,86,52,53,117,55,56,59,58,57,60,7,174,62,120,190,66,67,48,63,29,1,4,73,74,114,112,77,153,161,165,81,110,83,84,85,89,87,71,51,90,191,142,168,94,54,96,97,145,33,100,101,102,111,139,105,163,107,158,148,64,98,76,134,41,173,116,10,42,22,40,197,43,95,124,125,132,127,128,129,18,131,30,133,103,92,136,137,157,194,146,141,31,143,144,121,162,147,109,149,78,151,152,130,113,155,17,21,108,159,160,135,140,106,164,80,166,167,93,169,170,75,172,79,69,88,176,177,178,179,180,39,182,27,195,185,186,187,119,72,65,91,192,193,19,184,70,104,171,9,];False
8461;8573;17034;[0,175,2,25,189,5,6,61,38,199,49,11,16,181,14,15,12,156,150,196,118,138,20,23,24,3,26,183,37,154,126,115,32,99,34,35,36,28,8,82,13,198,188,122,44,45,46,47,68,123,50,86,52,53,117,55,56,59,58,57,60,7,174,62,120,190,66,67,48,63,29,65,4,73,74,114,112,77,153,161,165,81,110,185,84,85,89,87,71,51,90,191,142,168,94,54,96,97,145,33,100,101,102,98,139,105,163,107,158,148,64,111,76,134,41,173,116,10,42,22,40,197,43,95,1,125,132,127,128,129,18,131,30,133,103,92,136,137,39,194,146,141,31,147,144,121,162,143,109,149,78,151,152,130,113,155,17,21,108,159,160,135,140,106,164,80,166,167,93,169,170,75,172,79,69,88,176,177,178,179,180,157,182,27,195,83,186,187,119,72,124,91,192,193,19,184,70,104,171,9,];False
8287;8747;17034;[0,175,2,25,189,5,6,61,38,199,49,11,12,181,14,15,16,156,18,196,20,138,22,23,24,3,26,183,37,154,126,115,32,99,34,35,36,28,8,82,13,198,188,122,44,45,46,47,68,123,50,86,52,53,117,55,56,59,58,57,60,7,174,62,40,190,66,67,48,63,194,71,4,184,74,114,112,77,150,161,80,81,110,83,84,85,89,87,1,51,90,191,142,168,94,54,96,97,121,33,100,101,102,98,139,105,163,107,158,148,64,111,76,134,41,173,116,10,42,119,120,197,43,95,124,125,132,127,128,129,153,131,30,133,103,92,136,137,157,29,146,141,31,143,144,145,162,147,109,149,78,151,152,130,113,155,17,21,108,159,160,135,140,106,164,165,166,167,93,169,170,75,172,79,69,88,176,177,178,179,180,39,182,27,195,185,186,187,118,72,65,91,192,193,19,73,70,104,171,9,];False
8599;8434;17033;[46,174,2,25,189,5,6,61,38,199,49,11,12,0,14,15,16,156,150,196,118,138,20,23,176,3,26,183,37,154,126,115,32,99,34,35,36,28,8,82,13,198,188,122,44,45,181,47,68,123,50,86,52,53,117,55,56,59,58,57,60,7,175,62,120,190,66,67,48,63,29,65,4,73,74,114,112,77,153,161,165,81,110,185,84,85,89,87,71,51,90,191,142,168,94,54,96,97,145,33,100,101,102,98,139,105,163,107,158,148,64,111,76,134,41,173,116,10,42,27,40,197,43,95,1,125,132,127,128,129,18,131,30,133,103,92,136,137,39,194,146,141,31,147,144,121,162,143,109,149,78,151,152,130,113,155,17,21,108,159,160,135,140,106,164,80,166,167,93,169,170,75,172,79,69,88,24,177,178,179,180,157,182,22,195,83,186,187,119,72,124,91,192,193,19,184,70,104,171,9,];False
8553;8479;17032;[46,174,2,25,189,192,6,61,38,155,49,11,12,0,14,15,16,156,150,196,118,138,20,23,176,3,26,183,37,154,126,115,32,99,34,35,36,28,8,82,13,198,188,122,44,45,181,47,68,123,50,86,52,53,117,55,56,59,58,57,60,7,175,62,120,190,66,67,48,63,29,65,4,73,74,114,112,77,153,161,165,81,110,185,84,85,89,87,71,51,90,191,142,168,94,54,96,97,145,33,100,101,102,98,139,105,163,107,158,30,64,111,76,134,41,173,116,10,42,22,40,197,43,95,1,125,132,127,128,129,18,131,148,133,103,92,136,137,39,194,146,141,31,147,144,121,162,143,109,149,78,151,152,130,113,199,17,21,108,159,160,135,140,106,164,80,166,167,93,169,170,75,172,79,69,88,24,177,178,179,180,157,182,27,195,83,186,187,119,72,124,91,5,193,19,184,70,104,171,9,];False
8512;8517;17029;[46,175,2,25,189,5,6,61,38,199,49,11,12,0,14,15,16,156,150,196,118,138,20,23,24,3,26,183,37,154,126,115,32,99,34,35,36,28,8,82,13,198,188,122,44,45,181,47,68,123,50,86,52,53,117,75,56,59,58,57,60,7,174,62,120,190,66,67,48,63,29,65,4,73,74,114,112,77,153,161,165,81,110,185,84,85,89,87,71,51,90,191,142,168,94,54,96,97,145,33,100,101,102,98,139,105,163,107,158,148,64,111,76,134,41,173,116,10,42,22,40,197,43,95,1,125,132,127,128,129,18,131,30,133,103,92,136,137,39,194,146,141,31,147,144,121,162,143,109,149,78,151,152,130,113,155,17,21,108,159,160,135,140,106,164,80,166,167,93,169,170,55,172,79,69,88,176,177,178,179,180,157,182,27,195,83,186,187,119,72,124,91,192,193,19,184,70,104,171,9,];False
8460;8569;17029;[0,175,2,25,189,5,6,61,38,199,49,11,12,181,14,15,16,156,150,196,118,138,20,23,24,3,26,183,37,154,126,115,32,99,34,35,36,28,8,82,13,198,188,122,44,45,46,47,68,123,50,86,52,53,117,55,56,59,58,57,168,7,174,62,120,190,66,67,48,63,29,65,4,73,74,114,112,77,153,161,165,81,110,185,84,85,89,87,71,51,90,191,142,60,94,54,96,97,145,33,100,101,102,98,139,105,163,107,158,148,64,111,76,134,41,173,116,10,42,22,40,197,43,95,1,125,132,127,128,129,18,131,30,133,103,92,136,137,39,194,146,141,31,147,144,121,162,143,109,149,78,151,152,130,113,155,17,21,108,159,160,135,140,106,164,80,166,167,93,169,170,75,172,79,69,88,176,177,178,179,180,157,182,27,195,83,186,187,119,72,124,91,192,193,19,184,70,104,171,9,];False
8542;8485;17027;[46,174,2,25,189,5,6,61,38,199,49,11,12,0,14,15,16,156,150,196,118,138,20,23,176,3,26,183,37,154,126,115,32,99,34,35,36,28,8,82,13,198,188,122,44,45,181,47,68,123,50,86,52,53,117,55,56,59,58,57,60,7,175,62,120,190,66,17,48,63,29,65,4,73,74,114,112,77,153,161,165,81,110,185,84,85,89,87,71,51,90,191,142,168,94,54,96,97,145,33,100,101,102,98,139,105,163,107,158,148,64,111,76,134,41,173,116,10,42,22,40,197,43,95,1,125,132,127,128,129,18,131,30,133,103,92,136,137,39,194,146,141,31,147,144,121,162,143,109,149,78,151,152,130,113,155,67,21,108,159,160,135,140,106,164,80,166,167,93,169,170,75,172,79,69,88,24,177,178,179,180,157,182,27,195,83,186,187,119,72,124,91,192,193,19,184,70,104,171,9,];False
8399;8626;17025;[0,175,2,25,189,5,6,61,38,199,49,11,12,181,14,15,16,156,150,196,20,138,118,23,24,3,26,183,37,154,126,115,32,99,34,35,36,28,8,82,13,198,188,122,44,45,46,47,68,123,50,86,52,53,117,55,56,59,58,57,60,7,174,62,120,190,66,67,48,63,29,1,4,79,74,114,112,77,153,161,165,81,110,185,84,85,89,87,71,51,90,191,142,168,94,54,96,97,145,33,100,101,102,98,139,105,163,107,158,148,64,111,76,134,41,173,116,10,42,22,40,197,43,95,65,125,132,127,128,129,18,131,30,133,103,92,136,137,157,194,146,141,31,147,144,121,162,143,109,149,78,151,152,130,113,155,17,21,108,159,160,135,140,106,164,80,166,167,93,169,170,75,172,73,69,88,176,177,178,179,180,39,182,27,195,83,186,187,119,72,124,91,192,193,19,184,70,104,171,9,];False
8498;8526;17024;[0,175,2,25,189,5,6,61,38,199,49,11,12,181,14,15,16,156,150,196,118,138,20,23,24,3,10,183,37,154,126,115,32,99,34,35,36,28,8,82,13,198,188,122,44,45,46,47,68,123,50,86,52,53,117,55,56,59,58,57,60,7,174,62,120,190,66,67,48,63,29,65,4,73,74,114,112,77,153,161,165,81,110,185,84,85,89,87,71,51,90,191,142,168,94,54,96,97,145,33,100,101,102,98,139,105,163,107,158,148,64,111,76,134,41,173,116,26,42,22,40,197,43,95,1,125,132,127,128,129,18,131,30,133,103,92,136,137,39,194,146,141,31,147,144,121,162,143,109,149,78,151,152,130,113,155,17,21,108,159,160,135,140,106,164,80,166,167,93,169,170,75,172,79,69,88,176,177,178,179,180,157,182,27,195,83,186,187,119,72,124,91,192,193,19,184,70,104,171,9,];False
8544;8476;17020;[46,174,2,25,189,192,6,61,38,199,49,11,12,0,14,15,16,156,150,196,118,138,20,23,176,3,26,183,37,154,126,115,32,99,34,35,36,40,8,82,13,198,188,122,44,45,181,47,68,123,50,86,52,53,117,55,56,59,58,57,60,7,175,62,120,190,66,67,48,63,29,65,4,73,74,114,112,77,153,161,165,81,110,185,84,85,89,87,71,51,90,191,142,168,94,54,96,97,145,33,100,101,102,98,139,105,163,107,158,30,64,111,76,134,41,173,116,10,42,22,28,197,43,95,1,125,132,127,128,129,18,131,148,133,103,92,136,137,39,194,146,141,31,147,144,121,162,143,109,149,78,151,152,130,113,155,17,21,108,159,160,135,140,106,164,80,166,167,93,169,170,75,172,79,69,88,24,177,178,179,180,157,182,27,195,83,186,187,119,72,124,91,5,193,19,184,70,104,171,9,];False
8306;8713;17019;[0,175,2,25,189,5,6,61,38,199,49,11,12,181,14,15,16,156,18,196,20,138,22,23,24,3,26,183,37,154,126,115,32,99,34,35,36,28,8,82,13,198,188,122,44,45,46,47,68,123,50,86,52,53,117,55,56,59,58,57,60,7,174,62,40,190,66,67,48,63,194,71,4,73,170,114,112,77,150,161,80,81,110,83,84,85,89,87,1,51,90,191,142,168,94,54,96,97,121,33,100,101,102,98,139,105,163,107,158,148,64,111,76,134,41,173,116,10,42,119,120,197,43,95,124,125,132,127,128,129,153,131,30,133,103,92,136,137,157,29,146,141,31,143,144,145,162,147,109,149,78,151,152,130,113,155,17,21,108,159,160,135,140,106,164,165,166,167,93,169,74,75,172,79,69,88,176,177,178,179,180,39,182,27,195,185,186,187,118,72,65,91,192,193,19,184,70,104,171,9,];False
8463;8554;17017;[0,175,2,25,189,5,6,61,38,199,49,11,12,181,14,15,16,156,150,196,20,138,118,23,24,3,26,183,37,154,126,115,32,99,34,35,36,28,8,82,13,198,188,122,44,45,46,47,68,123,50,86,52,53,117,55,56,59,58,57,60,7,174,62,120,190,66,67,48,4,29,1,63,73,74,114,112,77,153,161,165,81,110,83,84,85,89,87,71,51,90,191,142,168,94,54,96,97,145,33,100,101,102,98,139,105,163,107,158,148,64,111,76,134,41,173,116,10,42,22,40,197,43,95,124,125,132,127,128,129,18,131,30,133,103,92,136,137,157,194,146,141,31,143,144,121,162,147,109,149,78,151,152,130,113,155,17,21,108,159,160,135,140,106,164,80,166,167,93,169,170,75,172,79,69,88,176,177,178,179,180,39,182,27,195,185,186,187,119,72,65,91,192,193,19,184,70,104,171,9,];False
8536;8481;17017;[46,174,2,25,189,192,6,61,38,199,49,11,12,0,14,15,16,156,150,196,118,138,20,23,176,3,26,183,37,154,126,115,32,99,34,35,36,28,8,82,13,198,188,122,44,45,181,47,68,123,50,86,52,53,117,55,56,59,58,57,60,7,175,157,120,190,66,67,48,63,29,65,4,73,74,114,112,77,153,161,165,81,110,185,84,85,89,87,71,51,90,191,142,168,94,54,96,97,145,33,100,101,102,98,139,105,163,107,158,30,64,111,76,134,41,173,116,10,42,22,40,197,43,95,1,125,132,127,128,129,18,131,148,133,103,92,136,137,39,194,146,141,31,147,144,121,162,143,109,149,78,151,152,130,113,155,17,21,108,159,160,135,140,106,164,80,166,167,93,169,170,75,172,79,69,88,24,177,178,179,180,62,182,27,195,83,186,187,119,72,124,91,5,193,19,184,70,104,171,9,];False
8525;8490;17015;[46,174,2,25,189,5,6,61,38,199,49,11,12,0,14,15,16,156,150,196,118,138,20,23,176,3,26,183,37,154,126,115,32,99,34,35,36,28,8,82,13,198,188,122,44,45,181,47,68,123,50,86,52,53,117,55,56,59,58,57,60,7,175,62,120,190,66,67,48,63,29,65,4,73,74,114,112,77,153,161,165,81,110,185,84,85,89,87,71,51,90,191,142,168,94,19,96,97,145,33,100,101,102,98,139,105,163,107,158,148,64,111,76,134,41,173,116,10,42,22,40,197,43,95,1,125,132,127,128,129,18,131,30,133,103,92,136,137,39,194,146,141,31,147,144,121,162,143,109,149,78,151,152,130,113,155,17,21,108,159,160,135,140,106,164,80,166,167,93,169,170,75,172,79,69,88,24,177,178,179,180,157,182,27,195,83,186,187,119,72,124,91,192,193,54,184,70,104,171,9,];False
8443;8571;17014;[46,175,2,25,189,5,6,61,38,199,49,11,12,181,14,15,16,156,150,196,118,138,20,23,24,3,26,183,37,154,126,115,32,99,34,35,36,28,8,82,13,198,188,122,44,45,0,47,68,123,50,86,52,53,117,55,56,59,58,57,60,7,174,62,120,190,66,67,48,63,114,65,4,73,74,29,112,77,153,161,165,81,110,185,84,85,89,87,71,51,90,191,142,168,94,54,96,97,145,33,100,101,102,98,139,105,163,107,158,148,64,111,76,134,41,173,116,10,42,22,40,197,43,95,1,125,132,127,128,129,18,131,30,133,103,92,136,137,39,194,146,141,31,147,144,121,162,143,109,149,78,151,152,130,113,155,17,21,108,159,160,135,140,106,164,80,166,167,93,169,170,75,172,79,69,88,176,177,178,179,180,157,182,27,195,83,186,187,119,72,124,91,192,193,19,184,70,104,171,9,];False
8552;8461;17013;[46,174,2,25,189,5,6,61,38,199,49,11,12,0,14,15,16,156,150,196,118,138,20,23,176,3,26,183,37,154,126,115,32,99,34,35,66,28,8,82,13,198,188,122,44,45,181,47,68,123,50,86,52,53,117,55,56,59,58,57,60,7,175,62,120,190,36,67,48,63,29,65,4,73,74,114,112,77,153,161,165,81,110,185,84,85,89,87,71,51,90,191,142,168,94,54,96,97,145,33,100,101,102,98,139,105,163,107,158,148,64,111,76,134,41,173,116,10,42,22,40,197,43,95,1,125,132,127,128,129,18,131,30,133,103,92,136,137,39,194,146,141,31,147,144,121,162,143,109,149,78,151,152,130,113,155,17,21,108,159,160,135,140,106,164,80,166,167,93,169,170,75,172,79,69,88,24,177,178,179,180,157,182,27,195,83,186,187,119,72,124,91,192,193,19,184,70,104,171,9,];False
8453;8560;17013;[0,175,2,25,189,5,6,61,38,199,49,11,12,181,14,15,16,156,150,196,20,138,118,23,24,3,26,183,37,154,126,115,32,99,34,35,36,28,8,82,13,198,188,122,44,45,30,47,68,123,50,86,52,53,117,55,56,59,58,57,60,7,174,62,120,190,66,67,48,63,29,1,4,73,74,114,112,77,153,161,165,81,110,185,84,85,89,87,71,51,90,191,142,168,94,54,96,97,145,33,100,101,102,98,139,105,163,107,158,148,64,111,76,134,41,173,116,10,42,22,40,197,43,95,65,125,132,127,128,129,18,131,46,133,103,92,136,137,157,194,146,141,31,147,144,121,162,143,109,149,78,151,152,130,113,155,17,21,108,159,160,135,140,106,164,80,166,167,93,169,170,75,172,79,69,88,176,177,178,179,180,39,182,27,195,83,186,187,119,72,124,91,192,193,19,184,70,104,171,9,];False
8555;8456;17011;[46,174,2,25,189,192,6,61,38,199,49,11,12,91,14,15,16,156,150,196,118,138,20,23,176,3,26,183,37,154,126,115,32,99,34,35,36,28,8,82,13,198,188,122,44,45,181,47,68,123,50,86,52,53,117,55,56,59,58,57,60,7,175,62,120,190,66,67,48,63,29,65,4,73,74,114,112,77,153,161,165,81,110,185,84,85,89,87,71,51,90,191,142,168,94,54,96,97,145,33,100,101,102,98,139,105,163,107,158,30,64,111,76,134,41,173,116,10,42,22,40,197,43,95,1,125,132,127,128,129,18,131,148,133,103,92,136,137,39,194,146,141,31,147,144,121,162,143,109,149,78,151,152,130,113,155,17,21,108,159,160,135,140,106,164,80,166,167,93,169,170,75,172,79,69,88,24,177,178,179,180,157,182,27,195,83,186,187,119,72,124,0,5,193,19,184,70,104,171,9,];False
8544;8467;17011;[46,174,2,25,189,5,6,61,38,199,49,11,12,0,14,198,16,156,150,196,118,138,20,23,176,3,26,183,37,154,126,115,32,99,34,35,36,28,8,82,13,15,188,122,44,45,181,47,68,123,50,86,52,53,117,55,56,59,58,57,60,7,175,62,120,190,66,67,48,63,29,65,4,73,74,114,112,77,153,161,165,81,110,185,84,85,89,87,71,51,90,191,142,168,94,54,96,97,145,33,100,101,102,98,139,105,163,107,158,148,64,111,76,134,41,173,116,10,42,22,40,197,43,95,1,125,132,127,128,129,18,131,30,133,103,92,136,137,39,194,146,141,31,147,144,121,162,143,109,149,78,151,152,130,113,155,17,21,108,159,160,135,140,106,164,80,166,167,93,169,170,75,172,79,69,88,24,177,178,179,180,157,182,27,195,83,186,187,119,72,124,91,192,193,19,184,70,104,171,9,];False
8452;8558;17010;[0,175,2,25,189,5,6,61,38,199,49,11,12,181,14,15,16,156,150,196,20,138,118,23,24,3,26,183,37,154,126,115,32,99,34,35,36,28,8,82,13,198,188,122,44,45,46,47,68,123,50,86,52,53,117,55,56,59,58,57,60,7,174,62,120,190,66,67,48,63,29,1,4,73,74,114,112,77,153,161,165,81,110,185,84,85,89,87,71,51,90,191,142,168,94,54,96,97,145,33,100,101,102,98,139,105,148,107,158,163,64,111,76,134,41,173,116,10,42,22,40,197,43,95,65,125,132,127,128,129,18,131,30,133,103,92,136,137,157,194,146,141,31,147,144,121,162,143,109,149,78,151,152,130,113,155,17,21,108,159,160,135,140,106,164,80,166,167,93,169,170,75,172,79,69,88,176,177,178,179,180,39,182,27,195,83,186,187,119,72,124,91,192,193,19,184,70,104,171,9,];False
8539;8470;17009;[46,174,2,25,189,192,6,61,38,199,49,11,12,0,14,15,16,156,150,196,118,138,20,23,176,3,26,183,37,154,126,115,32,99,34,35,36,28,8,82,13,198,188,122,44,45,181,47,68,123,50,86,52,53,117,55,56,59,58,57,60,7,175,62,120,190,66,67,48,63,29,65,4,73,74,114,112,77,153,161,165,81,110,185,84,85,89,87,71,51,90,191,142,168,94,54,96,97,145,33,100,101,102,98,139,105,163,107,158,30,64,111,76,134,41,173,116,10,42,22,40,197,43,95,1,125,132,127,128,129,18,167,148,133,103,92,136,137,39,194,146,141,31,147,144,121,162,143,109,149,78,151,152,130,113,155,17,21,108,159,160,135,140,106,164,80,166,131,93,169,170,75,172,79,69,88,24,177,178,179,180,157,182,27,195,83,186,187,119,72,124,91,5,193,19,184,70,104,171,9,];False
8492;8517;17009;[46,174,2,25,189,192,6,61,38,199,49,11,12,0,14,15,16,156,150,196,118,138,20,23,176,3,26,183,37,154,126,115,32,99,34,35,36,28,8,82,13,198,188,122,44,45,181,47,68,123,50,86,52,53,117,55,56,59,58,57,60,7,175,62,120,190,66,67,48,63,29,65,4,73,74,114,112,77,153,161,165,81,110,185,84,85,89,87,71,42,90,191,142,168,94,54,96,97,145,33,100,101,102,98,139,105,163,107,158,30,64,111,76,134,41,173,116,10,51,22,40,197,43,95,1,125,132,127,128,129,18,131,148,133,103,92,136,137,39,194,146,141,31,147,144,121,162,143,109,149,78,151,152,130,113,155,17,21,108,159,160,135,140,106,164,80,166,167,93,169,170,75,172,79,69,88,24,177,178,179,180,157,182,27,195,83,186,187,119,72,124,91,5,193,19,184,70,104,171,9,];False
8467;8534;17001;[46,175,2,25,189,5,6,61,38,199,49,11,12,0,14,15,16,156,150,196,118,138,20,23,24,3,26,183,37,154,126,115,32,99,34,35,36,28,8,82,13,198,188,122,44,45,181,47,68,123,50,86,52,53,117,55,56,59,58,57,60,7,174,62,120,190,66,67,180,63,29,65,4,73,74,114,112,77,153,161,165,81,110,185,84,85,89,87,71,51,90,191,142,168,94,54,96,97,145,33,100,101,102,98,139,105,163,107,158,148,64,111,76,134,41,173,116,10,42,22,40,197,43,95,1,125,132,127,128,129,18,131,30,133,103,92,136,137,39,194,146,141,31,147,144,121,162,143,109,149,78,151,152,130,113,155,17,21,108,159,160,135,140,106,164,80,166,167,93,169,170,75,172,79,69,88,176,177,178,179,48,157,182,27,195,83,186,187,119,72,124,91,192,193,19,184,70,104,171,9,];False
8535;8466;17001;[46,174,2,25,189,192,6,61,38,199,49,11,12,0,14,15,16,156,150,196,118,138,83,23,176,3,26,183,37,154,126,115,32,99,34,35,36,28,8,82,13,198,188,122,44,45,181,47,68,123,50,86,52,53,117,55,56,59,58,57,60,7,175,62,120,190,66,67,48,63,29,65,4,73,74,114,112,77,153,161,165,81,110,185,84,85,89,87,71,51,90,191,142,168,94,54,96,97,145,33,100,101,102,98,139,105,163,107,158,30,64,111,76,134,41,173,116,10,42,22,40,197,43,95,1,125,132,127,128,129,18,131,148,133,103,92,136,137,39,194,146,141,31,147,144,121,162,143,109,149,78,151,152,130,113,155,17,21,108,159,160,135,140,106,164,80,166,167,93,169,170,75,172,79,69,88,24,177,178,179,180,157,182,27,195,20,186,187,119,72,124,91,5,193,19,184,70,104,171,9,];False
8506;8493;16999;[46,175,2,25,189,5,6,61,38,199,49,11,12,0,14,15,16,156,150,196,118,138,20,23,24,3,26,183,37,154,126,115,32,99,34,35,36,28,8,82,13,198,188,122,44,45,181,47,68,123,50,86,52,53,117,55,56,59,58,57,60,7,174,62,120,190,66,67,48,63,29,65,4,73,74,114,112,77,153,161,165,81,110,185,84,85,89,87,71,51,90,191,142,168,94,54,96,97,145,33,100,101,102,98,139,105,163,107,158,148,64,111,76,134,41,173,116,10,42,22,40,197,43,95,1,125,132,127,128,129,18,131,30,133,103,92,136,137,39,194,146,141,31,180,144,121,162,143,109,149,78,151,152,130,113,155,17,21,108,159,160,135,140,106,164,80,166,167,93,169,170,75,172,79,69,88,176,177,178,179,147,157,182,27,195,83,186,187,119,72,124,91,192,193,19,184,70,104,171,9,];False
8369;8628;16997;[0,175,2,25,189,5,6,61,38,199,49,11,12,181,14,15,16,156,150,196,20,138,118,23,24,3,26,183,37,154,126,115,32,99,34,74,36,28,8,82,13,198,188,122,44,45,46,47,68,123,50,86,52,53,117,55,56,59,58,57,60,7,174,62,120,190,66,67,48,63,29,71,4,73,35,114,112,77,153,161,80,81,110,83,84,85,89,87,1,51,90,191,142,168,94,54,96,97,145,33,100,101,102,98,139,105,163,107,158,148,64,111,76,134,41,173,116,10,42,22,40,197,43,95,124,125,132,127,128,129,18,131,30,133,103,92,136,137,157,194,146,141,31,143,144,121,162,147,109,149,78,151,152,130,113,155,17,21,108,159,160,135,140,106,164,165,166,167,93,169,170,75,172,79,69,88,176,177,178,179,180,39,182,27,195,185,186,187,119,72,65,91,192,193,19,184,70,104,171,9,];False
8495;8501;16996;[46,174,2,25,189,192,6,61,38,199,49,11,12,0,14,15,16,156,150,196,118,138,20,23,176,3,26,183,37,154,126,115,32,99,34,35,36,28,8,82,13,198,188,122,44,45,181,47,68,123,50,86,52,53,117,55,56,59,58,57,60,7,175,62,120,190,66,67,48,63,29,65,4,73,74,114,112,77,153,161,165,81,110,185,84,85,89,87,71,51,90,191,64,168,94,54,96,97,145,33,100,101,102,98,139,105,163,107,158,30,142,111,76,134,41,173,116,10,42,22,40,197,43,95,1,125,132,127,128,129,18,131,148,133,103,92,136,137,39,194,146,141,31,147,144,121,162,143,109,149,78,151,152,130,113,155,17,21,108,159,160,135,140,106,164,80,166,167,93,169,170,75,172,79,69,88,24,177,178,179,180,157,182,27,195,83,186,187,119,72,124,91,5,193,19,184,70,104,171,9,];False
8543;8451;16994;[46,174,2,25,189,192,6,61,38,199,49,11,12,0,14,15,16,156,150,139,118,138,20,23,176,3,26,183,37,154,126,115,32,99,34,35,36,28,8,82,13,198,188,122,44,45,181,47,68,123,50,86,52,53,117,55,56,59,58,57,60,7,175,62,120,190,66,67,48,63,29,65,4,73,74,114,112,77,153,161,165,81,110,185,84,85,89,87,71,51,90,191,142,168,94,54,96,97,145,33,100,101,102,98,196,105,163,107,158,30,64,111,76,134,41,173,116,10,42,22,40,197,43,95,1,125,132,127,128,129,18,131,148,133,103,92,136,137,39,194,146,141,31,147,144,121,162,143,109,149,78,151,152,130,113,155,17,21,108,159,160,135,140,106,164,80,166,167,93,169,170,75,172,79,69,88,24,177,178,179,180,157,182,27,195,83,186,187,119,72,124,91,5,193,19,184,70,104,171,9,];False
8479;8515;16994;[0,175,2,25,189,5,6,61,64,199,49,11,12,181,14,15,16,156,150,196,118,138,20,23,24,3,26,183,37,154,126,115,32,99,34,35,36,28,8,82,13,198,188,122,44,45,46,47,68,123,50,86,52,53,117,55,56,59,58,57,60,7,174,62,120,190,66,67,48,63,29,65,4,73,74,114,112,77,153,161,165,81,110,185,84,85,89,87,71,51,90,191,142,168,94,54,96,97,145,33,100,101,102,98,139,105,163,107,158,148,38,111,76,134,41,173,116,10,42,22,40,197,43,95,1,125,132,127,128,129,18,131,30,133,103,92,136,137,39,194,146,141,31,147,144,121,162,143,109,149,78,151,152,130,113,155,17,21,108,159,160,135,140,106,164,80,166,167,93,169,170,75,172,79,69,88,176,177,178,179,180,157,182,27,195,83,186,187,119,72,124,91,192,193,19,184,70,104,171,9,];False
8577;8416;16993;[46,174,2,25,189,192,6,61,38,199,49,11,12,0,14,15,16,156,150,196,118,138,20,23,176,3,26,183,37,154,1,115,32,99,34,35,36,28,8,82,13,198,188,122,44,45,181,47,68,123,50,86,52,53,117,55,56,59,58,57,60,7,175,62,120,190,66,67,48,63,29,65,4,73,74,114,112,77,153,161,165,81,110,185,84,85,89,87,71,51,90,191,142,168,94,54,96,97,145,33,100,101,102,98,139,105,163,107,158,30,64,111,76,134,41,173,116,10,42,22,40,197,43,95,126,125,132,127,128,129,18,131,148,133,103,92,136,137,39,194,146,141,31,147,144,121,162,143,109,149,78,151,152,130,113,155,17,21,108,159,160,135,140,106,164,80,166,167,93,169,170,75,172,79,69,88,24,177,178,179,180,157,182,27,195,83,186,187,119,72,124,91,5,193,19,184,70,104,171,9,];False
8386;8607;16993;[0,175,2,25,189,5,6,61,38,199,49,11,12,181,14,15,16,156,150,196,118,138,20,23,24,3,26,183,37,154,126,115,32,99,34,35,36,28,8,82,13,198,188,122,44,45,46,47,68,123,50,86,52,53,117,55,56,59,58,57,60,7,174,62,120,190,66,67,48,97,29,65,4,73,74,114,112,77,153,161,165,81,110,185,84,85,89,87,71,51,90,191,142,168,94,54,96,63,145,33,100,101,102,98,139,105,163,107,158,148,64,111,76,134,41,173,116,10,42,22,40,197,43,95,1,125,132,127,128,129,18,131,30,133,103,92,136,137,39,194,146,141,31,147,144,121,162,143,109,149,78,151,152,130,113,155,17,21,108,159,160,135,140,106,164,80,166,167,93,169,170,75,172,79,69,88,176,177,178,179,180,157,182,27,195,83,186,187,119,72,124,91,192,193,19,184,70,104,171,9,];False
8429;8557;16986;[0,175,2,25,189,5,6,61,38,199,49,11,12,181,14,15,16,156,150,196,118,138,20,23,24,3,26,183,37,154,126,115,32,99,34,35,36,28,8,82,13,198,188,122,44,45,46,47,68,123,50,86,52,53,117,55,56,59,58,57,60,7,174,62,120,190,66,67,48,63,29,65,4,73,74,114,112,77,153,161,165,81,110,185,84,85,89,87,71,51,90,191,142,168,94,54,96,97,145,33,100,101,102,98,139,105,163,107,158,148,64,111,76,134,41,173,116,10,42,22,40,197,43,95,1,125,132,127,128,129,18,131,30,133,103,92,136,193,39,194,146,141,31,147,144,121,162,143,109,149,78,151,152,130,113,155,17,21,108,159,160,135,140,106,164,80,166,167,93,169,170,75,172,79,69,88,176,177,178,179,180,157,182,27,195,83,186,187,119,72,124,91,192,137,19,184,70,104,171,9,];False
8469;8514;16983;[46,175,2,25,189,5,6,61,31,199,49,11,12,0,14,15,16,156,150,196,118,138,20,23,24,3,26,183,37,154,126,115,32,99,34,35,36,28,8,82,13,198,188,122,44,45,181,47,68,123,50,86,52,53,117,55,56,59,58,57,60,7,174,62,120,190,66,67,48,63,29,65,4,73,74,114,112,77,153,161,165,81,110,185,84,85,89,87,71,51,90,191,142,168,94,54,96,97,145,33,100,101,102,98,139,105,163,107,158,148,64,111,76,134,41,173,116,10,42,22,40,197,43,95,1,125,132,127,128,129,18,131,30,133,103,92,136,137,39,194,146,141,38,147,144,121,162,143,109,149,78,151,152,130,113,155,17,21,108,159,160,135,140,106,164,80,166,167,93,169,170,75,172,79,69,88,176,177,178,179,180,157,182,27,195,83,186,187,119,72,124,91,192,193,19,184,70,104,171,9,];False
8516;8467;16983;[46,174,2,25,189,5,6,61,38,199,49,11,12,0,14,15,16,156,150,196,118,138,20,23,176,3,26,183,37,154,126,115,32,99,34,35,36,28,8,82,13,198,188,122,44,45,181,47,68,123,50,86,52,53,117,55,56,59,58,57,60,7,175,62,120,190,66,67,48,63,29,65,4,73,74,114,112,77,153,161,165,81,110,185,84,85,89,87,71,51,90,191,142,168,94,54,96,97,145,33,100,101,102,98,139,105,163,107,158,148,64,111,76,134,41,173,116,10,42,22,40,197,43,95,1,125,132,127,128,129,18,131,30,133,103,92,136,137,39,194,146,141,31,147,144,121,162,143,109,149,78,151,152,130,113,155,17,21,108,159,160,135,140,106,164,80,166,167,69,169,170,75,172,79,93,88,24,177,178,179,180,157,182,27,195,83,186,187,119,72,124,91,192,193,19,184,70,104,171,9,];False
8495;8487;16982;[46,174,2,25,189,192,6,61,38,199,49,11,12,0,14,15,16,156,150,196,118,138,20,23,176,194,26,183,37,154,126,115,32,99,34,35,36,28,8,82,13,198,188,122,44,45,181,47,68,123,50,86,52,53,117,55,56,59,58,57,60,7,175,62,120,190,66,67,48,63,29,65,4,73,74,114,112,77,153,161,165,81,110,185,84,85,89,87,71,51,90,191,142,168,94,54,96,97,145,33,100,101,102,98,139,105,163,107,158,30,64,111,76,134,41,173,116,10,42,22,40,197,43,95,1,125,132,127,128,129,18,131,148,133,103,92,136,137,39,3,146,141,31,147,144,121,162,143,109,149,78,151,152,130,113,155,17,21,108,159,160,135,140,106,164,80,166,167,93,169,170,75,172,79,69,88,24,177,178,179,180,157,182,27,195,83,186,187,119,72,124,91,5,193,19,184,70,104,171,9,];False
8484;8497;16981;[0,175,2,25,189,5,6,61,38,199,49,11,12,181,14,15,16,156,150,196,118,138,20,23,24,3,26,183,37,154,126,115,32,99,34,35,36,28,8,82,13,198,188,122,44,45,46,47,68,123,50,86,52,53,117,55,56,59,58,57,60,7,174,62,120,190,66,67,48,63,29,65,4,73,74,114,112,77,153,161,165,81,110,185,84,85,89,87,71,51,90,191,142,168,94,54,96,97,145,33,100,101,75,98,139,105,163,107,158,148,64,111,76,134,41,173,116,10,42,22,40,197,43,95,1,125,132,127,128,129,18,131,30,133,103,92,136,137,39,194,146,141,31,147,144,121,162,143,109,149,78,151,152,130,113,155,17,21,108,159,160,135,140,106,164,80,166,167,93,169,170,102,172,79,69,88,176,177,178,179,180,157,182,27,195,83,186,187,119,72,124,91,192,193,19,184,70,104,171,9,];False
8532;8444;16976;[46,174,2,25,189,192,6,61,38,199,49,11,12,0,14,15,16,156,150,196,118,138,20,23,176,3,26,183,37,154,126,115,32,99,34,35,36,28,8,82,13,198,188,122,44,45,181,47,68,123,50,86,52,53,117,55,56,59,58,57,60,7,175,62,120,190,66,67,48,63,29,65,4,73,74,114,112,77,153,161,165,81,110,185,84,85,89,87,71,51,90,191,142,168,94,54,96,97,145,33,100,101,102,98,139,105,163,107,158,30,64,111,76,134,41,173,116,10,42,22,40,197,43,95,1,125,132,127,128,129,18,131,130,133,103,92,136,137,39,194,146,141,31,147,144,121,162,143,109,149,78,151,152,148,113,155,17,21,108,159,160,135,140,106,164,80,166,167,93,169,170,75,172,79,69,88,24,177,178,179,180,157,182,27,195,83,186,187,119,72,124,91,5,193,19,184,70,104,171,9,];False
8435;8538;16973;[0,175,2,25,189,5,6,61,38,199,49,11,12,181,14,15,16,156,150,196,118,138,20,23,24,3,26,183,37,154,126,115,32,99,34,35,36,28,8,82,13,198,188,122,44,45,46,47,68,123,50,86,52,53,117,55,56,59,58,57,60,7,174,62,120,190,66,67,48,63,29,65,4,73,74,114,112,77,153,161,165,81,110,185,70,85,89,87,71,51,90,191,142,168,94,54,96,97,145,33,100,101,102,98,139,105,163,107,158,148,64,111,76,134,41,173,116,10,42,22,40,197,43,95,1,125,132,127,128,129,18,131,30,133,103,92,136,137,39,194,146,141,31,147,144,121,162,143,109,149,78,151,152,130,113,155,17,21,108,159,160,135,140,106,164,80,166,167,93,169,170,75,172,79,69,88,176,177,178,179,180,157,182,27,195,83,186,187,119,72,124,91,192,193,19,184,84,104,171,9,];False
8334;8638;16972;[0,175,2,25,189,5,6,61,38,199,49,11,12,181,14,15,16,156,153,196,20,138,118,23,24,3,26,183,37,154,126,115,32,99,34,35,36,28,8,82,13,198,188,122,44,45,46,47,68,123,50,86,52,53,117,55,56,59,58,57,60,7,174,62,40,190,66,67,48,63,29,71,4,73,74,114,112,77,150,161,80,81,110,83,84,85,89,87,1,51,90,191,142,168,108,54,96,97,145,33,100,101,102,98,139,105,163,107,158,148,64,111,76,134,41,173,116,10,42,119,120,197,43,95,124,125,132,127,128,129,18,131,30,133,103,92,136,137,157,194,146,141,31,143,144,121,162,147,109,149,78,151,152,130,113,155,17,21,94,159,160,135,140,106,164,165,166,167,93,169,170,75,172,79,69,88,176,177,178,179,180,39,182,27,195,185,186,187,22,72,65,91,192,193,19,184,70,104,171,9,];False
8421;8550;16971;[46,175,2,25,189,5,6,61,38,199,49,11,12,0,14,15,16,156,150,196,118,138,20,23,24,3,26,183,37,154,126,115,32,99,34,35,36,28,8,82,13,198,188,122,44,45,181,47,68,123,50,86,52,53,117,55,56,59,58,57,60,7,174,62,120,190,66,67,48,63,29,65,4,73,152,114,112,77,153,161,165,81,110,185,84,85,89,87,71,51,90,191,142,168,94,54,96,97,145,33,100,101,102,98,139,105,163,107,158,148,64,111,76,134,41,173,116,10,42,22,40,197,43,95,1,125,132,127,128,129,18,131,30,133,103,92,136,137,39,194,146,141,31,147,144,121,162,143,109,149,78,151,74,130,113,155,17,21,108,159,160,135,140,106,164,80,166,167,93,169,170,75,172,79,69,88,176,177,178,179,180,157,182,27,195,83,186,187,119,72,124,91,192,193,19,184,70,104,171,9,];False
8344;8624;16968;[0,175,2,25,189,5,6,61,38,199,49,11,12,181,14,15,16,156,150,196,20,138,118,23,24,3,26,183,37,154,126,115,32,99,34,35,36,28,8,82,13,198,188,122,44,45,46,47,68,123,50,86,52,53,117,55,56,59,58,57,60,7,174,62,120,190,66,67,48,63,29,71,4,73,74,114,112,77,153,161,80,81,110,83,84,85,89,87,1,51,90,191,142,168,94,54,96,97,145,33,100,101,102,98,139,105,163,107,158,148,64,111,76,134,41,173,116,10,42,22,40,197,43,95,124,125,132,127,128,129,18,131,30,133,103,92,136,137,157,194,146,141,31,143,144,121,162,147,109,149,78,151,152,130,113,155,17,21,108,159,160,135,140,106,164,165,166,167,93,169,170,75,9,79,69,88,176,177,178,179,180,39,182,27,195,185,186,187,119,72,65,91,192,193,19,184,70,104,171,172,];False
8404;8564;16968;[0,175,2,25,189,5,6,61,38,199,49,11,12,181,14,15,16,156,150,196,31,138,118,23,24,3,26,183,37,154,126,115,32,99,34,35,36,28,8,82,13,198,188,122,44,45,46,47,68,123,50,86,52,53,117,55,56,59,58,57,60,7,174,62,120,190,66,67,48,63,29,1,4,73,74,114,112,77,153,161,165,81,110,185,84,85,89,87,71,51,90,191,142,168,94,54,96,97,145,33,100,101,102,98,139,105,163,107,158,148,64,111,76,134,41,173,116,10,42,22,40,197,43,95,65,125,132,127,128,129,18,131,30,133,103,92,136,137,157,194,146,141,20,147,144,121,162,143,109,149,78,151,152,130,113,155,17,21,108,159,160,135,140,106,164,80,166,167,93,169,170,75,172,79,69,88,176,177,178,179,180,39,182,27,195,83,186,187,119,72,124,91,192,193,19,184,70,104,171,9,];False
8505;8461;16966;[46,174,2,25,189,192,6,61,38,199,49,11,12,0,14,15,16,156,150,196,118,138,20,23,176,3,26,183,37,154,126,115,32,99,34,35,36,28,8,82,13,198,188,122,44,45,181,47,68,123,50,86,52,53,117,55,56,59,58,57,60,7,175,62,120,190,66,67,48,63,29,65,4,73,74,114,112,77,153,161,165,81,110,185,84,85,89,87,71,51,90,191,142,168,94,54,96,97,145,33,100,101,102,98,139,105,163,107,158,30,64,104,76,134,41,173,116,10,42,22,40,197,43,95,1,125,132,127,128,129,18,131,148,133,103,92,136,137,39,194,146,141,31,147,144,121,162,143,109,149,78,151,152,130,113,155,17,21,108,159,160,135,140,106,164,80,166,167,93,169,170,75,172,79,69,88,24,177,178,179,180,157,182,27,195,83,186,187,119,72,124,91,5,193,19,184,70,111,171,9,];False
8401;8564;16965;[0,175,2,25,189,5,6,61,38,199,49,11,12,181,14,15,16,156,150,196,20,138,118,23,24,3,26,183,37,154,126,115,32,99,34,35,36,28,8,82,13,198,188,122,44,45,46,47,68,123,50,86,52,53,117,55,56,59,58,57,60,7,174,62,120,190,66,67,48,63,29,1,4,73,74,114,112,77,153,161,165,81,110,185,84,85,89,87,71,51,90,191,142,168,94,54,96,97,145,33,100,101,102,98,139,105,163,107,158,148,64,111,76,134,41,173,116,10,42,22,40,197,43,95,65,125,132,127,128,129,18,131,30,133,103,92,136,137,157,194,146,141,31,147,144,121,176,143,109,149,78,151,152,130,113,155,17,21,108,159,160,135,140,106,164,80,166,167,93,169,170,75,172,79,69,88,162,177,178,179,180,39,182,27,195,83,186,187,119,72,124,91,192,193,19,184,70,104,171,9,];False
8372;8592;16964;[0,175,2,25,189,5,6,61,38,199,49,11,12,181,14,15,16,156,150,196,20,138,118,23,24,3,26,183,37,154,126,115,32,99,34,35,36,28,8,82,13,198,188,122,44,45,46,47,68,123,50,86,52,53,117,55,56,59,167,57,60,7,174,62,40,190,66,67,48,63,29,71,4,73,74,114,112,77,153,161,80,81,110,83,84,85,89,87,1,51,90,191,142,168,94,54,96,97,145,33,100,101,102,98,139,105,163,107,158,148,64,111,76,134,41,173,116,10,42,119,120,197,43,95,124,125,132,127,128,129,18,131,30,133,103,92,136,137,157,194,146,141,31,143,144,121,162,147,109,149,78,151,152,130,113,155,17,21,108,159,160,135,140,106,164,165,166,58,93,169,170,75,172,79,69,88,176,177,178,179,180,39,182,27,195,185,186,187,22,72,65,91,192,193,19,184,70,104,171,9,];False
8417;8547;16964;[0,175,2,25,189,5,6,61,38,199,49,11,12,181,14,15,16,156,150,196,20,138,118,23,24,3,26,183,37,154,126,115,32,99,34,35,36,28,8,82,13,198,188,122,44,45,46,47,68,123,50,86,52,53,117,55,56,59,58,57,60,7,174,62,120,190,66,67,48,63,29,1,4,73,74,114,112,77,153,161,165,81,110,83,84,85,89,87,71,51,90,191,142,168,94,54,96,97,145,33,100,101,102,98,139,105,163,107,158,148,64,111,76,134,41,173,116,10,42,22,40,197,43,95,124,125,132,127,128,129,18,131,30,133,103,92,136,137,157,194,146,141,31,147,144,121,162,143,109,149,78,151,152,130,113,155,17,21,108,159,160,135,140,106,164,80,166,167,93,169,170,75,172,79,69,88,176,177,178,179,180,39,182,27,195,185,186,187,119,72,65,91,192,193,19,184,70,104,171,9,];False
8706;8258;16964;[46,174,2,25,189,118,6,61,38,199,49,11,12,0,80,15,16,156,82,196,192,138,20,23,176,3,26,183,37,154,126,115,32,99,34,35,36,28,8,150,13,198,188,122,44,45,181,47,68,123,50,86,52,91,69,55,56,59,58,57,97,7,175,62,120,190,66,67,48,63,29,65,4,73,41,114,112,77,153,161,165,60,110,185,84,85,89,87,71,51,90,191,142,168,94,54,111,81,145,33,100,101,102,98,139,105,180,107,158,30,64,96,76,134,74,173,116,10,42,22,40,197,43,95,1,125,132,127,128,129,18,31,148,133,103,92,136,137,39,194,146,109,131,147,144,121,162,171,141,149,78,151,152,130,113,155,17,21,108,159,160,135,140,106,164,14,166,167,93,178,170,75,172,79,117,88,24,177,169,179,163,157,182,27,195,83,186,187,119,72,124,53,5,193,19,184,70,104,143,9,];False
8488;8476;16964;[46,174,2,25,189,192,6,61,38,199,49,11,12,0,14,90,16,156,150,196,118,138,20,23,176,3,26,183,37,154,126,115,32,99,34,35,36,28,8,82,13,198,188,122,44,45,181,47,68,123,50,86,52,53,117,55,56,59,58,57,60,7,175,62,120,190,66,67,48,63,29,65,4,73,74,114,112,77,153,161,165,81,110,185,84,85,89,87,71,51,15,191,142,168,94,54,96,97,145,33,100,101,102,98,139,105,163,107,158,30,64,111,76,134,41,173,116,10,42,22,40,197,43,95,1,125,132,127,128,129,18,131,148,133,103,92,136,137,39,194,146,141,31,147,144,121,162,143,109,149,78,151,152,130,113,155,17,21,108,159,160,135,140,106,164,80,166,167,93,169,170,75,172,79,69,88,24,177,178,179,180,157,182,27,195,83,186,187,119,72,124,91,5,193,19,184,70,104,171,9,];False
8444;8519;16963;[46,175,2,25,189,5,6,61,38,199,49,11,12,0,14,15,16,156,150,196,118,138,20,23,176,3,26,183,37,154,126,115,32,99,34,35,36,28,8,82,13,198,188,122,44,45,181,47,68,123,50,86,52,53,117,55,56,59,58,57,60,7,174,62,120,190,66,67,48,63,29,65,4,73,74,114,112,77,153,161,165,81,110,185,84,85,89,87,71,51,90,191,142,168,94,54,96,97,145,33,100,101,102,98,139,105,163,107,158,148,64,136,76,134,41,173,116,10,42,22,40,197,43,95,1,125,132,127,128,129,18,131,30,133,103,92,111,137,39,194,146,141,31,147,144,121,162,143,109,149,78,151,152,130,113,155,17,21,108,159,160,135,140,106,164,80,166,167,93,169,170,75,172,79,69,88,24,177,178,179,180,157,182,27,195,83,186,187,119,72,124,91,192,193,19,184,70,104,171,9,];False
8418;8544;16962;[0,175,2,25,189,5,6,61,38,199,49,11,12,181,14,15,16,156,150,196,20,138,118,23,24,3,26,183,37,154,126,115,32,99,34,35,36,28,8,82,13,198,188,122,44,45,46,47,68,123,50,86,52,53,117,55,56,59,58,57,60,7,174,62,120,190,66,67,48,63,29,1,4,73,74,114,112,77,153,161,165,81,110,185,84,85,89,87,71,51,90,191,142,168,94,54,96,97,145,33,100,101,102,98,139,105,163,107,158,148,64,111,76,134,41,173,116,10,42,22,40,197,43,95,124,125,132,127,128,129,18,131,30,133,103,92,136,137,157,194,146,141,31,147,144,121,162,143,109,149,78,151,152,130,113,155,17,21,108,159,160,135,140,106,164,80,166,167,93,169,170,75,172,79,69,88,176,177,178,179,180,39,182,27,195,83,186,187,119,72,65,91,192,193,19,184,70,104,171,9,];False
8387;8574;16961;[0,175,2,25,189,5,6,61,38,199,49,11,12,181,14,15,16,156,150,196,20,138,118,23,24,3,26,183,37,154,126,115,32,99,34,35,36,28,8,82,13,198,188,122,44,45,46,47,68,123,50,86,52,53,117,55,56,59,58,57,60,7,174,62,120,190,66,67,48,63,29,1,4,73,74,114,112,77,153,161,165,81,110,185,84,85,89,87,71,51,90,191,142,168,94,54,96,97,145,33,100,101,102,98,139,105,163,107,109,148,64,111,76,134,41,173,116,10,42,22,40,197,43,95,65,125,132,127,128,129,18,131,30,133,103,92,136,137,157,194,146,141,31,147,144,121,162,143,158,149,78,151,152,130,113,155,17,21,108,159,160,135,140,106,164,80,166,167,93,169,170,75,172,79,69,88,176,177,178,179,180,39,182,27,195,83,186,187,119,72,124,91,192,193,19,184,70,104,171,9,];False
8411;8550;16961;[0,175,2,25,189,5,6,61,38,199,49,11,12,181,14,15,16,156,150,196,118,138,20,23,24,3,26,183,37,154,126,115,32,99,34,35,36,28,8,82,13,198,188,122,44,45,46,47,68,123,50,86,52,53,117,55,56,59,58,57,60,7,174,62,120,190,66,67,48,63,29,116,4,73,74,114,112,77,153,161,165,81,110,185,84,85,89,87,71,51,90,191,142,168,94,54,96,97,145,33,100,101,102,98,139,105,163,107,158,148,64,111,76,134,41,173,65,10,42,22,40,197,43,95,1,125,132,127,128,129,18,131,30,133,103,92,136,137,39,194,146,141,31,147,144,121,162,143,109,149,78,151,152,130,113,155,17,21,108,159,160,135,140,106,164,80,166,167,93,169,170,75,172,79,69,88,176,177,178,179,180,157,182,27,195,83,186,187,119,72,124,91,192,193,19,184,70,104,171,9,];False
8464;8495;16959;[46,174,2,25,189,5,6,61,38,199,49,11,12,0,14,15,16,156,150,196,118,138,20,129,176,3,26,183,37,154,126,115,32,99,34,35,36,28,8,82,13,198,188,122,44,45,181,47,68,123,50,86,52,53,117,55,56,59,58,57,60,7,175,62,120,190,66,67,48,63,29,65,4,73,74,114,112,77,153,161,165,81,110,185,84,85,89,87,71,51,90,191,142,168,94,54,96,97,145,33,100,101,102,98,139,105,163,107,158,148,64,111,76,134,41,173,116,10,42,22,40,197,43,95,1,125,132,127,128,23,18,131,30,133,103,92,136,137,39,194,146,141,31,147,144,121,162,143,109,149,78,151,152,130,113,155,17,21,108,159,160,135,140,106,164,80,166,167,93,169,170,75,172,79,69,88,24,177,178,179,180,157,182,27,195,83,186,187,119,72,124,91,192,193,19,184,70,104,171,9,];False
8437;8521;16958;[46,174,2,25,189,192,6,61,38,199,49,11,162,0,14,15,16,156,150,196,118,138,20,23,176,3,26,183,37,154,126,115,32,99,34,35,36,28,8,82,13,198,188,122,44,45,181,47,68,123,50,86,52,53,117,55,56,59,58,57,60,7,175,62,120,190,66,67,48,63,29,65,4,73,74,114,112,77,153,161,165,81,110,185,84,85,89,87,71,51,90,191,142,168,94,54,96,97,145,33,100,101,102,98,139,105,163,107,158,30,64,111,76,134,41,173,116,10,42,22,40,197,43,95,1,125,132,127,128,129,18,131,148,133,103,92,136,137,39,194,146,141,31,147,144,121,12,143,109,149,78,151,152,130,113,155,17,21,108,159,160,135,140,106,164,80,166,167,93,169,170,75,172,79,69,88,24,177,178,179,180,157,182,27,195,83,186,187,119,72,124,91,5,193,19,184,70,104,171,9,];False
8360;8597;16957;[0,175,2,25,189,5,6,61,38,199,49,11,12,181,14,15,16,156,150,196,20,138,118,23,24,3,26,183,37,154,126,115,32,99,34,35,36,28,8,82,13,198,21,122,44,45,46,47,68,123,50,86,52,53,117,55,56,59,58,57,60,7,174,62,40,190,66,67,48,63,29,71,4,73,74,114,112,77,153,161,80,81,110,83,84,85,89,87,1,51,90,191,142,168,94,54,96,97,145,33,100,101,102,98,139,105,163,107,158,148,64,111,76,134,41,173,116,10,42,119,120,197,43,95,124,125,132,127,128,129,18,131,30,133,103,92,136,137,157,194,146,141,31,143,144,121,162,147,109,149,78,151,152,130,113,155,17,188,108,159,160,135,140,106,164,165,166,167,93,169,170,75,172,79,69,88,176,177,178,179,180,39,182,27,195,185,186,187,22,72,65,91,192,193,19,184,70,104,171,9,];False
8519;8437;16956;[46,174,2,25,189,192,6,61,38,199,49,11,12,0,14,15,16,156,150,196,118,138,20,23,176,3,26,183,37,154,126,115,32,99,34,35,36,28,8,82,13,198,188,122,44,45,181,47,68,123,50,86,52,53,117,55,178,59,58,57,60,7,175,62,120,190,66,67,48,63,29,65,4,73,74,114,112,77,153,161,165,81,110,185,84,85,89,87,71,51,90,191,142,168,94,54,96,97,145,33,100,101,102,98,139,105,163,107,158,30,64,111,76,134,41,173,116,10,42,22,40,197,43,95,1,125,132,127,128,129,18,131,148,133,103,92,136,137,39,194,146,141,31,147,144,121,162,143,109,149,78,151,152,130,113,155,17,21,108,159,160,135,140,106,164,80,166,167,93,169,170,75,172,79,69,88,24,177,56,179,180,157,182,27,195,83,186,187,119,72,124,91,5,193,19,184,70,104,171,9,];False
8334;8621;16955;[0,175,2,25,189,5,6,61,38,199,49,11,12,181,14,15,16,156,153,196,20,138,118,23,24,3,26,183,37,154,126,115,32,99,34,35,36,28,8,82,13,198,188,122,44,45,46,47,68,123,50,86,52,53,117,55,56,59,58,57,60,7,174,62,40,190,66,67,48,63,29,71,4,73,74,114,112,77,150,161,80,81,110,83,84,85,89,87,1,51,90,191,142,168,94,54,96,97,145,33,100,101,102,98,139,105,163,107,158,148,64,111,76,134,41,173,116,10,42,119,120,197,43,95,124,125,132,127,128,129,18,131,30,133,103,92,136,137,157,194,146,141,31,143,144,121,162,147,109,149,78,151,152,130,113,155,17,21,108,159,160,135,140,106,164,165,184,167,93,169,170,75,172,79,69,88,176,177,178,179,180,39,182,27,195,185,186,187,22,72,65,91,192,193,19,166,70,104,171,9,];False
8464;8489;16953;[46,175,2,25,189,5,6,61,38,199,49,11,12,0,14,15,16,156,150,196,118,138,20,23,24,3,26,183,37,154,126,115,32,99,34,35,36,28,8,82,13,198,188,122,44,45,181,47,68,123,50,86,52,53,117,55,56,59,58,57,60,7,174,62,120,190,66,67,48,63,29,65,4,73,74,114,112,77,153,161,165,81,110,185,84,85,89,87,71,51,90,191,142,168,94,54,96,97,145,170,100,101,102,98,139,105,163,107,158,148,64,111,76,134,41,173,116,10,42,22,40,197,43,95,1,125,132,127,128,129,18,131,30,133,103,92,136,137,39,194,146,141,31,147,144,121,162,143,109,149,78,151,152,130,113,155,17,21,108,159,160,135,140,106,164,80,166,167,93,169,33,75,172,79,69,88,176,177,178,179,180,157,182,27,195,83,186,187,119,72,124,91,192,193,19,184,70,104,171,9,];False
8395;8558;16953;[0,175,2,25,189,5,6,61,38,199,49,11,12,181,14,15,16,156,150,196,20,138,118,23,24,3,26,183,37,154,126,115,32,99,34,35,36,28,8,82,13,198,188,122,44,45,46,47,68,123,50,86,52,53,117,55,56,59,58,57,60,7,174,62,120,190,66,67,48,63,29,1,4,73,74,114,112,77,153,161,165,81,110,185,84,85,89,87,71,51,90,191,142,168,94,54,96,97,145,33,100,101,102,98,139,105,163,107,158,148,64,111,76,134,41,173,116,10,42,22,40,197,43,95,65,125,132,127,128,129,192,131,30,133,103,92,136,137,157,194,146,141,31,147,144,121,162,143,109,149,78,151,152,130,113,155,17,21,108,159,160,135,140,106,164,80,166,167,93,169,170,75,172,79,69,88,176,177,178,179,180,39,182,27,195,83,186,187,119,72,124,91,18,193,19,184,70,104,171,9,];False
8410;8543;16953;[0,175,2,25,189,5,6,61,38,199,49,11,12,181,14,15,16,156,150,196,20,138,118,23,24,3,26,183,37,154,126,115,32,99,34,35,36,28,8,82,13,198,188,122,44,45,46,47,68,123,50,86,52,53,117,55,56,59,58,57,60,7,174,62,120,190,66,67,48,63,29,1,4,73,74,114,112,77,153,161,165,81,110,185,84,85,89,87,71,51,90,191,142,168,94,54,96,97,145,33,100,101,102,98,139,105,163,107,158,148,64,111,76,134,41,173,116,10,42,22,40,197,43,95,65,125,132,127,128,129,18,131,30,133,103,92,136,137,157,194,146,141,31,147,144,121,162,143,109,149,78,151,152,130,113,155,17,21,108,159,160,135,140,106,164,80,166,167,93,169,170,75,172,79,69,88,176,177,178,179,180,39,182,27,195,83,186,187,119,72,124,91,192,193,19,184,70,104,171,9,];False
8533;8417;16950;[46,174,2,25,189,192,6,61,38,199,49,11,12,0,14,15,16,156,150,196,118,138,20,23,176,3,26,183,37,154,126,115,32,99,34,35,36,28,8,82,13,198,188,122,44,45,181,47,68,123,50,86,52,53,117,55,56,59,58,57,60,7,175,62,120,190,66,67,48,63,29,65,4,73,41,114,112,77,153,161,165,97,110,185,84,85,89,87,71,51,90,191,142,168,94,54,111,81,145,33,100,101,102,98,139,105,163,107,158,30,64,96,76,134,74,173,116,108,42,22,40,197,43,95,1,125,132,127,128,129,18,131,148,133,103,92,136,137,39,194,146,141,31,147,144,121,162,143,109,149,78,151,152,130,113,155,17,21,10,159,160,135,140,106,164,80,166,167,93,178,170,75,172,79,69,88,24,177,169,179,180,157,182,27,195,83,186,187,119,72,124,91,5,193,19,184,70,104,171,9,];False
8489;8457;16946;[46,174,2,25,189,5,6,61,38,199,49,11,12,0,14,15,16,156,150,196,118,138,20,23,176,3,26,183,37,154,188,115,32,99,34,35,36,28,8,82,13,198,126,122,44,45,181,47,68,123,50,86,52,53,117,55,56,59,58,57,60,7,175,62,120,190,66,67,48,63,29,65,4,73,74,114,112,77,153,161,165,81,110,185,84,85,89,87,71,51,90,191,142,168,94,54,96,97,145,33,100,101,102,98,139,105,163,107,158,148,64,111,76,134,41,173,116,10,42,22,40,197,43,95,1,125,132,127,128,129,18,131,30,133,103,92,136,137,39,194,146,141,31,147,144,121,162,143,109,149,78,151,152,130,113,155,17,21,108,159,160,135,140,106,164,80,166,167,93,169,170,75,172,79,69,88,24,177,178,179,180,157,182,27,195,83,186,187,119,72,124,91,192,193,19,184,70,104,171,9,];False
8489;8457;16946;[46,174,2,25,189,192,6,61,38,199,49,11,12,0,14,15,16,156,150,196,118,138,20,23,176,3,26,183,37,154,126,115,32,99,34,35,36,28,8,82,13,198,188,122,44,45,181,47,68,123,50,86,52,53,117,55,56,59,58,57,60,7,175,62,120,190,66,67,48,63,29,65,4,73,74,114,112,77,153,161,165,81,110,185,84,85,89,87,71,51,90,191,142,168,94,54,96,97,145,33,100,101,102,98,139,105,163,107,158,30,64,111,76,134,41,173,116,10,42,22,40,197,43,95,1,125,132,127,128,129,18,131,148,133,72,92,136,137,39,194,146,141,31,147,144,121,162,143,109,149,78,151,152,130,113,155,17,21,108,159,160,135,140,106,164,80,166,167,93,169,170,75,172,79,69,88,24,177,178,179,180,157,182,27,195,83,186,187,119,103,124,91,5,193,19,184,70,104,171,9,];False
8512;8433;16945;[46,174,2,25,189,192,6,61,38,199,49,11,12,0,14,15,16,156,150,196,118,138,20,23,176,3,26,183,37,154,126,115,32,99,34,35,36,28,8,82,13,198,188,122,44,45,181,47,68,123,50,86,52,53,117,55,56,59,58,57,60,7,175,62,120,190,66,67,48,63,29,65,4,73,74,114,112,77,153,161,165,81,110,185,84,85,89,87,71,51,90,191,142,168,94,54,96,97,145,33,100,101,102,98,139,105,163,107,158,30,64,111,76,134,41,173,116,10,42,22,40,197,43,95,1,125,132,127,128,129,18,131,148,133,103,92,136,137,39,194,146,141,31,147,144,121,162,143,109,149,78,151,152,130,113,155,17,70,108,159,160,135,140,106,164,80,166,167,93,169,170,75,172,79,69,88,24,177,178,179,180,157,182,27,195,83,186,187,119,72,124,91,5,193,19,184,21,104,171,9,];False
8518;8427;16945;[46,174,2,25,189,192,6,61,38,199,49,11,12,0,14,15,16,156,150,196,118,138,20,23,176,3,26,113,37,154,126,115,32,99,34,35,36,28,8,82,13,198,188,122,44,45,181,47,68,123,50,86,52,53,117,55,56,59,58,57,60,7,175,62,120,190,66,67,48,63,29,65,4,73,74,114,112,77,153,161,165,81,110,185,84,85,89,87,71,51,90,191,142,168,94,54,96,97,145,33,100,101,102,98,139,105,163,107,158,30,64,111,76,134,41,173,116,10,42,22,40,197,43,95,1,125,132,127,128,129,18,131,148,133,103,92,136,137,39,194,146,141,31,147,144,121,162,143,109,149,78,151,152,130,183,155,17,21,108,159,160,135,140,106,164,80,166,167,93,169,170,75,172,79,69,88,24,177,178,179,180,157,182,27,195,83,186,187,119,72,124,91,5,193,19,184,70,104,171,9,];False
8304;8641;16945;[0,175,2,25,189,5,6,61,38,199,49,11,12,181,14,15,16,156,153,196,20,138,118,23,24,3,26,183,37,154,126,115,32,99,34,35,36,28,8,82,13,198,188,122,44,45,46,47,48,123,50,86,52,53,117,55,56,59,58,57,60,7,174,62,40,190,66,67,68,63,29,71,4,73,74,114,112,77,150,161,80,81,110,83,84,85,89,87,1,51,90,191,142,168,94,54,96,97,145,33,100,101,102,98,139,105,163,107,158,148,64,111,76,134,41,173,116,10,42,119,120,197,43,95,124,125,132,127,128,129,18,131,30,133,103,92,136,137,157,194,146,141,31,143,144,121,162,147,109,149,78,151,152,130,113,155,17,21,108,159,160,135,140,106,164,165,166,167,93,169,170,75,172,79,69,88,176,177,178,179,180,39,182,27,195,185,186,187,22,72,65,91,192,193,19,184,70,104,171,9,];False
8521;8422;16943;[46,174,2,25,189,192,6,61,38,199,49,11,12,0,14,15,16,156,150,196,118,138,20,23,176,3,26,183,37,154,126,115,32,99,34,35,36,28,8,82,13,198,188,122,44,45,181,47,68,123,50,86,52,53,117,55,56,59,58,57,60,7,175,62,120,190,66,67,48,63,29,65,4,73,74,114,112,77,153,161,165,81,110,185,84,85,89,87,71,51,90,191,142,168,94,54,96,97,145,33,100,101,102,98,139,105,163,107,158,30,64,111,76,134,41,173,116,10,42,22,40,197,43,95,1,125,132,127,128,129,18,131,148,133,103,92,136,137,39,194,146,141,31,147,144,121,21,143,109,149,78,151,152,130,113,155,17,162,108,159,160,135,140,106,164,80,166,167,93,169,170,75,172,79,69,88,24,177,178,179,180,157,182,27,195,83,186,187,119,72,124,91,5,193,19,184,70,104,171,9,];False
8393;8548;16941;[0,175,2,25,189,5,6,61,38,199,49,11,12,181,14,15,16,156,150,196,118,138,20,23,24,3,26,183,37,154,126,115,32,99,34,35,36,28,8,82,13,198,188,122,44,45,46,47,68,123,50,86,52,53,117,55,56,59,58,57,60,7,174,62,120,190,66,67,48,63,29,65,4,73,74,114,112,77,153,161,165,81,110,185,84,85,89,87,71,51,90,191,142,168,94,54,96,97,145,33,100,101,102,98,139,105,163,107,158,148,64,111,76,134,41,173,116,10,42,22,40,197,43,95,1,125,132,127,128,129,18,131,30,133,119,92,136,137,39,194,146,141,31,147,144,121,162,143,109,149,78,151,152,130,113,155,17,21,108,159,160,135,140,106,164,80,166,167,93,169,170,75,172,79,69,88,176,177,178,179,180,157,182,27,195,83,186,187,103,72,124,91,192,193,19,184,70,104,171,9,];False
8452;8488;16940;[46,174,2,25,189,5,6,61,38,199,49,11,12,0,14,15,16,156,150,196,118,138,20,23,176,3,26,183,37,154,126,115,32,99,34,35,36,28,8,82,13,198,188,122,44,45,181,47,68,123,50,86,52,53,117,55,56,59,58,57,60,7,175,62,120,190,66,67,48,63,29,65,4,73,74,114,112,77,153,161,165,81,110,185,84,85,89,87,71,51,90,191,64,168,94,54,96,97,145,33,100,101,102,98,139,105,163,107,158,148,142,111,76,134,41,173,116,10,42,22,40,197,43,95,1,125,132,127,128,129,18,131,30,133,103,92,136,137,39,194,146,141,31,147,144,121,162,143,109,149,78,151,152,130,113,155,17,21,108,159,160,135,140,106,164,80,166,167,93,169,170,75,172,79,69,88,24,177,178,179,180,157,182,27,195,83,186,187,119,72,124,91,192,193,19,184,70,104,171,9,];False
8439;8498;16937;[46,174,2,25,189,5,6,61,38,199,49,11,12,0,14,15,16,156,150,196,118,138,20,23,176,3,26,183,37,154,126,115,32,99,34,35,36,28,8,82,13,198,188,122,44,45,181,47,68,123,50,86,52,53,117,55,56,59,58,57,60,7,175,62,120,190,66,67,48,63,29,65,4,73,74,114,112,77,153,161,165,81,110,185,84,85,89,87,71,51,90,191,142,168,94,54,96,97,145,33,100,101,102,98,139,105,163,107,158,30,64,111,76,134,41,173,116,10,42,22,40,197,43,95,1,125,132,127,128,129,18,184,148,133,103,92,136,137,39,194,146,141,31,147,144,121,162,143,109,149,78,151,152,130,113,155,17,21,108,159,160,135,140,106,164,80,166,167,93,169,170,75,172,79,69,88,24,177,178,179,180,157,182,27,195,83,186,187,119,72,124,91,192,193,19,131,70,104,171,9,];False
8354;8582;16936;[0,175,2,25,189,5,6,61,38,199,49,11,12,181,14,15,16,156,105,196,20,138,118,23,24,3,26,183,37,154,126,115,32,99,34,35,36,28,8,82,13,198,188,122,44,45,46,47,68,123,50,86,52,53,117,55,56,59,58,57,60,7,174,62,40,190,66,67,48,63,29,71,4,73,74,114,112,77,153,161,80,81,110,83,84,85,89,87,1,51,90,191,142,168,94,54,96,97,145,33,100,101,102,98,139,150,163,107,158,148,64,111,76,134,41,173,116,10,42,119,120,197,43,95,124,125,132,127,128,129,18,131,30,133,103,92,136,137,157,194,146,141,31,143,144,121,162,147,109,149,78,151,152,130,113,155,17,21,108,159,160,135,140,106,164,165,166,167,93,169,170,75,172,79,69,88,176,177,178,179,180,39,182,27,195,185,186,187,22,72,65,91,192,193,19,184,70,104,171,9,];False
8392;8541;16933;[0,175,2,25,189,5,6,61,38,199,49,11,12,181,14,15,16,156,150,196,118,138,20,23,24,3,26,183,37,154,126,115,32,99,34,35,36,28,8,82,13,198,188,122,44,45,46,47,68,123,50,86,52,53,117,55,56,59,58,57,60,7,174,62,120,190,66,67,48,63,29,1,4,73,74,114,112,77,153,161,165,81,110,185,84,85,89,87,71,51,90,191,142,168,94,54,96,97,145,33,100,101,102,98,139,105,163,107,158,148,64,111,76,134,41,173,116,10,42,22,40,197,43,95,65,125,132,127,128,129,18,131,30,133,103,92,136,137,157,194,146,141,31,147,144,121,162,143,109,149,78,151,152,130,113,155,17,21,108,159,160,135,140,106,164,80,166,167,93,169,170,75,172,79,69,88,176,177,178,179,180,39,182,27,195,83,186,187,119,72,124,91,192,193,19,184,70,104,171,9,];False
8472;8459;16931;[1,174,2,25,189,192,6,61,38,199,49,11,12,0,14,15,16,156,150,196,118,138,20,23,176,3,26,183,37,154,126,115,32,99,34,35,36,28,8,82,13,198,188,122,44,45,181,47,68,123,50,86,52,53,117,55,56,59,58,57,60,7,175,62,120,190,66,67,48,63,29,65,4,73,74,114,112,77,153,161,165,81,110,185,84,85,89,87,71,51,90,191,142,168,94,54,96,97,145,33,100,101,102,98,139,105,163,107,158,30,64,111,76,134,41,173,116,10,42,22,40,197,43,95,46,125,132,127,128,129,18,131,148,133,103,92,136,137,39,194,146,141,31,147,144,121,162,143,109,149,78,151,152,130,113,155,17,21,108,159,160,135,140,106,164,80,166,167,93,169,170,75,172,79,69,88,24,177,178,179,180,157,182,27,195,83,186,187,119,72,124,91,5,193,19,184,70,104,171,9,];False
8347;8584;16931;[0,175,2,25,189,5,6,61,38,199,49,11,12,181,14,15,16,156,150,196,20,138,118,23,24,3,26,183,37,154,126,115,32,99,34,35,36,28,8,82,13,198,188,122,44,45,46,47,68,123,50,86,52,53,117,55,56,59,69,57,60,7,174,62,120,190,66,67,48,63,29,71,4,73,74,114,112,77,153,161,80,81,110,83,84,85,89,87,1,51,90,191,142,168,94,54,96,97,145,33,100,101,102,98,139,105,163,107,158,148,64,111,76,134,41,173,116,10,42,22,40,197,43,95,124,125,132,127,128,129,18,131,30,133,103,92,136,137,157,194,146,141,31,143,144,121,162,147,109,149,78,151,152,130,113,155,17,21,108,159,160,135,140,106,164,165,166,167,93,169,170,75,172,79,58,88,176,177,178,179,180,39,182,27,195,185,186,187,119,72,65,91,192,193,19,184,70,104,171,9,];False
8363;8565;16928;[0,175,2,25,189,5,6,61,38,199,49,11,12,181,14,15,16,156,150,196,118,138,20,23,24,3,26,183,37,154,126,115,32,99,34,35,36,28,8,82,13,198,188,122,44,45,46,47,68,123,50,86,52,53,117,55,56,59,58,57,60,7,174,62,120,190,66,67,48,63,29,65,4,170,74,114,112,77,153,161,165,81,110,185,84,85,89,87,71,51,90,191,142,168,94,54,96,97,145,33,100,101,102,98,139,105,163,107,158,148,64,111,76,134,41,173,116,10,42,22,40,197,43,95,1,125,132,127,128,129,18,131,30,133,103,92,136,137,39,194,146,141,31,147,144,121,162,143,109,149,78,151,152,130,113,155,17,21,108,159,160,135,140,106,164,80,166,167,93,169,73,75,172,79,69,88,176,177,178,179,180,157,182,27,195,83,186,187,119,72,124,91,192,193,19,184,70,104,171,9,];False
8484;8443;16927;[46,174,2,25,189,192,6,61,38,199,49,11,12,0,14,15,16,156,150,196,118,138,20,23,176,3,26,183,37,154,126,115,32,99,34,35,36,28,8,82,13,198,188,122,44,45,181,47,68,123,50,86,52,53,117,55,56,59,58,57,60,7,175,62,120,190,66,67,48,63,159,65,4,73,74,114,112,77,153,161,165,81,110,185,84,85,89,87,71,51,90,191,142,168,94,54,96,97,145,33,100,101,102,98,139,105,163,107,158,30,64,111,76,134,41,173,116,10,42,22,40,197,43,95,1,125,132,127,128,129,18,131,148,133,103,92,136,137,39,194,146,141,31,147,144,121,162,143,109,149,78,151,152,130,113,155,17,21,108,29,160,135,140,106,164,80,166,167,93,169,170,75,172,79,69,88,24,177,178,179,180,157,182,27,195,83,186,187,119,72,124,91,5,193,19,184,70,104,171,9,];False
8469;8457;16926;[46,174,2,25,189,192,6,61,38,199,49,11,12,0,14,15,16,156,150,196,118,138,20,23,176,3,26,183,37,154,126,115,32,99,34,35,36,28,8,82,13,198,188,122,44,45,181,47,68,123,50,86,52,53,117,55,56,59,58,57,60,7,175,62,120,190,66,67,48,63,29,65,4,73,74,114,112,77,153,161,165,81,110,185,84,85,89,87,71,51,90,191,142,168,94,54,96,97,145,33,100,101,102,98,139,5,163,107,158,30,64,111,76,134,41,173,116,10,42,22,40,197,43,95,1,125,132,127,128,129,18,131,148,133,103,92,136,137,39,194,146,141,31,147,144,121,162,143,109,149,78,151,152,130,113,155,17,21,108,159,160,135,140,106,164,80,166,167,93,169,170,75,172,79,69,88,24,177,178,179,180,157,182,27,195,83,186,187,119,72,124,91,105,193,19,184,70,104,171,9,];False
8368;8557;16925;[46,175,2,25,189,5,6,61,38,199,49,11,12,181,14,15,16,156,150,196,118,138,20,23,24,3,26,183,37,154,126,115,32,99,34,35,36,28,8,82,13,198,188,122,44,45,0,47,68,123,50,86,52,53,117,55,56,59,58,57,60,7,174,62,120,190,66,67,48,63,29,65,4,73,74,114,112,77,153,161,165,81,110,185,84,85,89,87,71,51,90,191,142,168,94,54,96,97,145,33,100,101,102,98,139,105,163,107,158,148,64,111,76,134,41,173,116,10,42,22,40,197,43,95,1,125,132,127,128,129,18,131,30,133,103,92,186,137,39,194,146,141,31,147,144,121,162,143,109,149,78,151,152,130,113,155,17,21,108,159,160,135,140,106,164,80,166,167,93,169,170,75,172,79,69,88,176,177,178,179,180,157,182,27,195,83,136,187,119,72,124,91,192,193,19,184,70,104,171,9,];False
8342;8582;16924;[0,175,2,25,189,5,6,61,38,199,49,11,12,181,14,15,16,156,150,196,20,138,118,23,24,3,26,183,37,154,126,115,32,99,34,35,36,28,8,82,13,198,188,122,44,45,46,47,68,123,50,86,52,53,117,55,56,59,58,57,60,7,174,62,40,190,66,67,48,63,29,71,4,73,74,114,112,77,153,161,80,81,110,83,84,85,89,87,1,51,90,191,142,168,94,54,96,97,145,33,100,101,102,98,139,105,163,107,158,148,64,111,76,134,41,173,116,10,42,119,120,197,43,95,124,125,132,127,128,129,18,131,30,133,103,92,136,137,157,194,146,141,31,143,144,121,162,147,109,149,78,151,152,130,113,155,17,21,108,159,160,135,140,106,164,165,166,167,93,169,170,75,172,79,69,88,176,177,178,179,180,39,182,27,195,185,186,187,22,72,65,91,192,193,19,184,70,104,171,9,];False
8421;8500;16921;[46,174,2,25,189,192,6,61,38,199,49,11,12,0,14,15,16,156,150,196,118,138,20,23,176,3,26,183,37,154,126,115,32,99,34,35,36,28,8,82,13,198,188,122,44,45,181,47,68,123,50,86,52,53,117,55,56,59,58,57,60,7,175,62,120,190,66,67,48,63,29,65,4,73,74,114,112,77,153,161,165,81,110,185,84,140,89,87,71,51,90,191,142,168,94,54,96,97,145,33,100,101,102,98,139,105,163,107,158,30,64,111,76,134,41,173,116,10,42,22,40,197,43,95,1,125,132,127,128,129,18,131,148,133,103,92,136,137,39,194,146,141,31,147,144,121,162,143,109,149,78,151,152,130,113,155,17,21,108,159,160,135,85,106,164,80,166,167,93,169,170,75,172,79,69,88,24,177,178,179,180,157,182,27,195,83,186,187,119,72,124,91,5,193,19,184,70,104,171,9,];False
8480;8439;16919;[46,174,2,25,189,192,6,61,38,199,49,11,12,0,14,15,16,156,150,196,118,138,20,23,176,3,26,183,37,154,126,115,32,99,34,35,36,28,8,82,13,198,188,122,44,45,181,47,68,123,50,86,52,53,117,55,56,59,58,57,60,7,175,62,120,190,66,67,48,63,29,65,4,73,74,114,112,77,153,161,165,111,110,185,84,85,89,87,71,51,90,191,142,168,94,54,96,97,145,33,100,101,102,98,139,105,163,107,158,30,64,81,76,134,41,173,116,10,42,22,40,197,43,95,1,125,132,127,128,129,18,131,148,133,103,92,136,137,39,194,146,141,31,147,144,121,162,143,109,149,78,151,152,130,113,155,17,21,108,159,160,135,140,106,164,80,166,167,93,169,170,75,172,79,69,88,24,177,178,179,180,157,182,27,195,83,186,187,119,72,124,91,5,193,19,184,70,104,171,9,];False
8470;8449;16919;[46,174,2,25,189,192,6,61,38,199,49,11,12,0,14,15,16,156,150,196,118,138,20,23,176,3,26,183,37,28,126,115,32,99,34,35,36,154,8,82,13,198,188,122,44,45,181,47,68,123,50,86,52,53,117,55,56,59,58,57,60,7,175,62,120,190,66,67,48,63,29,65,4,73,74,114,112,77,153,161,165,81,110,185,84,85,89,87,71,51,90,191,142,168,94,54,96,97,145,33,100,101,102,98,139,105,163,107,158,30,64,111,76,134,41,173,116,10,42,22,40,197,43,95,1,125,132,127,128,129,18,131,148,133,103,92,136,137,39,194,146,141,31,147,144,121,162,143,109,149,78,151,152,130,113,155,17,21,108,159,160,135,140,106,164,80,166,167,93,169,170,75,172,79,69,88,24,177,178,179,180,157,182,27,195,83,186,187,119,72,124,91,5,193,19,184,70,104,171,9,];False
8478;8440;16918;[46,174,2,25,189,192,6,61,38,199,49,11,12,0,14,15,16,156,150,196,118,138,20,23,176,3,26,183,37,154,126,115,32,99,34,35,36,28,8,82,13,198,188,122,44,45,181,47,68,123,50,86,52,53,117,55,56,59,58,57,60,7,175,62,120,190,66,67,48,63,29,65,4,73,74,114,112,77,153,161,165,81,110,185,84,85,89,87,71,51,90,191,142,168,94,54,96,97,145,33,100,101,102,98,139,105,163,107,158,30,64,111,76,134,41,173,116,10,42,22,40,197,43,95,1,125,132,127,128,129,18,131,148,133,103,92,136,137,39,194,146,141,31,147,144,121,162,143,109,149,78,151,152,130,113,155,17,21,108,159,160,135,140,106,164,80,166,167,93,169,170,75,172,79,69,88,24,177,178,179,180,157,182,27,195,83,186,187,119,72,124,9,5,193,19,184,70,104,171,91,];False
8475;8441;16916;[46,174,2,25,189,192,6,61,38,199,49,11,12,0,14,15,16,156,150,196,118,138,20,23,176,3,26,183,37,154,126,115,32,99,34,35,36,28,8,82,13,198,188,122,44,45,181,47,68,123,50,86,52,53,117,55,56,59,58,57,60,7,175,62,120,190,66,67,48,63,29,65,4,73,74,114,112,77,153,161,165,81,110,185,84,85,89,87,71,51,90,191,142,168,94,54,96,97,145,33,100,101,102,98,139,184,163,107,158,30,64,111,76,134,41,173,116,10,42,22,40,197,43,95,1,125,132,127,128,129,18,131,148,133,103,92,136,137,39,194,146,141,31,147,144,121,162,143,109,149,78,151,152,130,113,155,17,21,108,159,160,135,140,106,164,80,166,167,93,169,170,75,172,79,69,88,24,177,178,179,180,157,182,27,195,83,186,187,119,72,124,91,5,193,19,105,70,104,171,9,];False
8296;8618;16914;[0,175,2,25,189,5,6,61,38,199,49,11,12,181,14,15,16,156,150,196,20,138,118,23,24,3,26,183,37,154,126,115,32,99,34,35,36,28,8,82,13,198,188,122,44,45,46,47,68,123,50,22,52,53,117,55,56,59,58,57,60,7,174,62,120,190,66,67,48,63,29,71,4,73,74,114,112,77,153,161,80,81,110,83,84,85,89,87,1,51,90,191,142,168,94,54,96,97,145,33,100,101,102,98,139,105,163,107,158,148,64,111,76,134,41,173,116,10,42,86,40,197,43,95,124,125,132,127,128,129,18,131,30,133,103,92,136,137,157,194,146,141,31,143,144,121,162,147,109,149,78,151,152,130,113,155,17,21,108,159,160,135,140,106,164,165,166,167,93,169,170,75,172,79,69,88,176,177,178,179,180,39,182,27,195,185,186,187,119,72,65,91,192,193,19,184,70,104,171,9,];False
8320;8593;16913;[0,175,2,25,189,5,6,61,38,199,49,11,12,181,14,15,16,156,150,196,20,138,118,23,24,3,26,183,37,154,126,115,32,99,34,35,36,28,8,82,13,198,188,122,44,45,46,47,68,123,50,86,52,53,117,55,56,59,58,57,60,7,174,62,120,190,66,67,48,63,29,71,4,73,74,114,112,77,153,161,80,81,110,83,84,85,89,87,1,51,90,139,142,168,94,54,96,97,145,33,100,101,102,98,191,105,163,107,158,148,64,111,76,134,41,173,116,10,42,22,40,197,43,95,124,125,132,127,128,129,18,131,30,133,103,92,136,137,157,194,146,141,31,143,144,121,162,147,109,149,78,151,152,130,113,155,17,21,108,159,160,135,140,106,164,165,166,167,93,169,170,75,172,79,69,88,176,177,178,179,180,39,182,27,195,185,186,187,119,72,65,91,192,193,19,184,70,104,171,9,];False
8370;8543;16913;[0,175,2,25,189,5,6,61,38,199,49,11,12,181,14,15,16,156,150,196,118,138,20,23,24,3,26,183,37,154,126,115,32,99,34,35,36,28,8,82,13,198,188,122,44,45,46,47,68,123,50,86,52,53,117,55,56,59,58,57,60,7,174,62,120,190,66,67,48,63,29,65,4,73,74,114,112,143,153,161,165,81,110,185,84,85,89,87,71,51,90,191,142,168,94,54,96,97,145,33,100,101,102,98,139,105,163,107,158,148,64,111,76,134,41,173,116,10,42,22,40,197,43,95,1,125,132,127,128,129,18,131,30,133,103,92,136,137,39,194,146,141,31,147,144,121,162,77,109,149,78,151,152,130,113,155,17,21,108,159,160,135,140,106,164,80,166,167,93,169,170,75,172,79,69,88,176,177,178,179,180,157,182,27,195,83,186,187,119,72,124,91,192,193,19,184,70,104,171,9,];False
8364;8548;16912;[0,175,2,25,189,5,6,61,38,199,49,11,12,181,14,15,16,156,150,196,118,138,20,23,24,3,26,183,37,154,126,115,32,99,34,35,36,28,8,82,13,198,188,122,44,45,46,47,68,123,50,86,52,53,117,55,56,59,58,57,60,7,174,62,120,190,66,67,48,63,29,65,4,73,74,114,112,77,105,161,165,81,110,185,84,85,89,87,71,51,90,191,142,168,94,54,96,97,145,33,100,101,102,98,139,153,163,107,158,148,64,111,76,134,41,173,116,10,42,22,40,197,43,95,1,125,132,127,128,129,18,131,30,133,103,92,136,137,39,194,146,141,31,147,144,121,162,143,109,149,78,151,152,130,113,155,17,21,108,159,160,135,140,106,164,80,166,167,93,169,170,75,172,79,69,88,176,177,178,179,180,157,182,27,195,83,186,187,119,72,124,91,192,193,19,184,70,104,171,9,];False
8655;8256;16911;[46,174,2,25,189,118,6,61,38,199,49,11,12,0,80,15,16,156,82,196,192,138,20,23,176,3,26,183,37,154,126,115,32,99,34,35,36,28,8,150,13,198,188,122,44,45,181,47,68,123,50,86,52,91,69,55,56,59,58,57,97,7,175,62,120,190,89,67,48,63,29,65,4,73,41,114,112,77,153,161,165,60,110,185,84,85,66,87,71,51,90,191,142,168,94,54,111,81,145,33,100,101,102,98,139,105,180,107,158,30,64,96,76,134,74,173,116,10,42,22,40,197,39,95,1,125,132,127,128,129,18,131,148,133,103,92,136,137,43,194,146,109,31,147,144,121,162,171,141,149,78,151,152,130,113,117,17,21,108,159,160,135,140,106,164,14,166,167,93,178,170,75,172,79,155,88,24,177,169,179,163,157,182,27,195,83,186,187,119,72,124,53,5,193,19,184,70,104,143,9,];False
8469;8442;16911;[46,174,2,25,189,5,6,61,38,199,49,11,12,0,14,15,16,156,150,196,118,138,20,23,176,3,26,183,37,154,126,115,32,99,34,35,36,28,8,82,13,198,188,122,44,45,181,47,68,123,50,86,52,53,117,55,56,59,58,57,60,7,175,62,120,190,66,67,48,63,29,65,4,73,74,114,112,77,153,161,165,81,110,185,84,85,89,87,71,51,90,191,142,168,94,54,96,97,145,33,100,101,102,98,139,105,163,107,158,148,64,111,76,134,41,173,116,10,42,22,40,197,43,95,1,125,132,127,128,129,18,131,30,133,103,92,136,137,39,194,146,141,31,147,144,121,162,143,109,149,78,151,152,130,113,155,17,21,108,159,160,135,140,106,164,80,166,167,93,169,170,75,172,79,69,88,24,177,178,179,180,157,182,27,195,83,186,187,119,72,124,91,192,193,19,184,70,104,171,9,];False
8444;8466;16910;[46,174,2,25,189,5,6,61,38,199,49,11,12,0,14,15,16,156,150,196,118,138,20,23,176,3,26,183,37,154,126,115,32,99,34,35,36,28,8,82,13,198,188,122,44,45,181,47,68,123,50,86,52,53,117,55,56,59,58,57,60,7,175,62,120,190,66,67,48,63,29,65,4,73,74,114,112,77,153,161,165,81,110,185,84,85,89,87,71,51,90,191,142,168,94,54,96,97,145,33,100,101,102,98,139,105,163,107,158,148,64,111,76,134,41,173,116,10,42,22,40,197,43,95,1,125,132,127,128,129,18,131,30,193,103,92,136,137,39,194,146,141,31,147,144,121,162,143,109,149,78,151,152,130,113,155,17,21,108,159,160,135,140,106,164,80,166,167,93,169,170,75,172,79,69,88,24,177,178,179,180,157,182,27,195,83,186,187,119,72,124,91,192,133,19,184,70,104,171,9,];False
8411;8499;16910;[46,175,2,25,189,5,6,61,38,199,49,11,12,0,14,15,16,156,150,196,118,138,20,23,24,3,26,183,37,154,126,115,32,99,34,35,36,28,8,82,13,198,188,122,44,45,181,47,68,123,50,86,52,53,117,55,56,59,58,57,60,7,174,62,120,190,66,67,48,63,29,65,4,73,74,114,112,77,153,161,165,81,110,185,84,85,89,87,71,51,90,191,142,168,94,54,96,97,145,33,100,101,102,98,139,105,163,107,158,148,64,111,76,18,41,173,116,10,42,22,40,197,43,95,1,125,132,127,128,129,134,131,30,133,103,92,136,137,39,194,146,141,31,147,144,121,162,143,109,149,78,151,152,130,113,155,17,21,108,159,160,135,140,106,164,80,166,167,93,169,170,75,172,79,69,88,176,177,178,179,180,157,182,27,195,83,186,187,119,72,124,91,192,193,19,184,70,104,171,9,];False
8440;8469;16909;[46,174,2,25,189,192,6,61,38,199,49,11,12,0,14,15,16,156,150,196,118,138,20,23,176,3,26,183,37,154,126,115,32,99,34,35,36,28,8,82,13,198,188,122,44,45,181,47,68,123,50,86,52,53,117,55,56,59,58,57,60,7,175,62,120,190,66,67,48,63,29,65,4,73,74,114,112,77,153,161,165,81,110,185,84,85,89,87,71,51,184,191,142,168,94,54,96,97,145,33,100,101,102,98,139,105,163,107,158,30,64,111,76,134,41,173,116,10,42,22,40,197,43,95,1,125,132,127,128,129,18,131,148,133,103,92,136,137,39,194,146,141,31,147,144,121,162,143,109,149,78,151,152,130,113,155,17,21,108,159,160,135,140,106,164,80,166,167,93,169,170,75,172,79,69,88,24,177,178,179,180,157,182,27,195,83,186,187,119,72,124,91,5,193,19,90,70,104,171,9,];False
8340;8566;16906;[0,175,2,25,189,5,6,61,38,199,49,11,12,181,14,15,16,156,150,196,20,138,118,23,24,3,26,126,37,154,183,115,32,99,34,35,36,28,8,82,13,198,188,122,44,45,46,47,68,123,50,86,52,53,117,55,56,59,58,57,60,7,174,62,120,190,66,67,48,63,29,71,4,73,74,114,112,77,153,161,165,81,110,83,84,85,89,87,1,51,90,191,142,168,94,54,96,97,145,33,100,101,102,98,139,105,163,107,158,148,64,111,76,134,41,173,116,10,42,22,40,197,43,95,124,125,132,127,128,129,18,131,30,133,103,92,136,137,157,194,146,141,31,143,144,121,162,147,109,149,78,151,152,130,113,155,17,21,108,159,160,135,140,106,164,80,166,167,93,169,170,75,172,79,69,88,176,177,178,179,180,39,182,27,195,185,186,187,119,72,65,91,192,193,19,184,70,104,171,9,];False
8446;8459;16905;[28,174,2,25,189,5,6,61,38,199,49,11,12,0,14,15,16,156,150,196,118,138,20,23,176,3,26,183,37,154,126,115,32,99,34,35,36,46,8,82,13,198,188,122,44,45,181,47,68,123,50,86,52,53,117,55,56,59,58,57,60,7,175,62,120,190,66,67,48,63,29,65,4,73,74,114,112,77,153,161,165,81,110,185,84,85,89,87,71,51,90,191,142,168,94,54,96,97,145,33,100,101,102,98,139,105,163,107,158,148,64,111,76,134,41,173,116,10,42,22,40,197,43,95,1,125,132,127,128,129,18,131,30,133,103,92,136,137,39,194,146,141,31,147,144,121,162,143,109,149,78,151,152,130,113,155,17,21,108,159,160,135,140,106,164,80,166,167,93,169,170,75,172,79,69,88,24,177,178,179,180,157,182,27,195,83,186,187,119,72,124,91,192,193,19,184,70,104,171,9,];False
8318;8586;16904;[0,175,2,25,189,5,6,61,38,199,49,11,12,181,14,15,16,156,150,196,20,138,118,23,24,3,26,183,37,154,126,115,32,99,34,35,36,28,8,82,13,198,188,122,44,45,46,47,68,123,50,86,52,53,117,55,56,59,58,57,60,7,174,62,40,190,66,67,48,63,29,71,4,73,74,114,112,77,153,161,80,81,110,83,84,85,89,87,1,51,90,191,142,168,94,54,96,97,145,33,100,152,102,98,139,105,163,107,158,148,64,111,76,134,41,173,116,10,42,119,120,197,43,95,124,125,132,127,128,129,18,131,30,133,103,92,136,137,157,194,146,141,31,143,144,121,162,147,109,149,78,151,101,130,113,155,17,21,108,159,160,135,140,106,164,165,166,167,93,169,170,75,172,79,69,88,176,177,178,179,180,39,182,27,195,185,186,187,22,72,65,91,192,193,19,184,70,104,171,9,];False
8269;8633;16902;[0,175,2,25,189,5,6,61,38,199,49,11,12,181,14,15,16,156,150,196,20,138,118,23,24,3,26,183,37,154,126,115,32,99,34,35,36,28,8,82,13,198,188,122,44,45,46,47,68,123,50,86,52,53,117,55,56,59,58,57,60,7,174,62,120,190,66,67,48,63,29,71,4,73,74,114,112,77,153,161,80,81,110,83,84,85,89,87,1,51,90,191,142,168,94,54,96,97,145,33,100,101,102,98,139,105,163,107,158,148,64,111,76,134,41,173,116,10,42,22,40,197,43,95,124,125,132,127,128,164,18,131,30,133,103,92,136,137,157,194,146,141,31,143,144,121,162,147,109,149,78,151,152,130,113,155,17,21,108,159,160,135,140,106,129,165,166,167,93,169,170,75,172,79,69,88,176,177,178,179,180,39,182,27,195,185,186,187,119,72,65,91,192,193,19,184,70,104,171,9,];False
8437;8463;16900;[46,174,2,25,189,192,6,61,38,199,49,11,12,0,14,15,16,156,150,196,118,138,20,23,176,3,26,183,37,154,137,115,32,99,34,35,36,28,8,82,13,198,188,122,44,45,181,47,68,123,50,86,52,53,117,55,56,59,58,57,60,7,175,62,120,190,66,67,48,63,29,65,4,73,74,114,112,77,153,161,165,81,110,185,84,85,89,87,71,51,90,191,142,168,94,54,96,97,145,33,100,101,102,98,139,105,163,107,158,30,64,111,76,134,41,173,116,10,42,22,40,197,43,95,1,125,132,127,128,129,18,131,148,133,103,92,136,126,39,194,146,141,31,147,144,121,162,143,109,149,78,151,152,130,113,155,17,21,108,159,160,135,140,106,164,80,166,167,93,169,170,75,172,79,69,88,24,177,178,179,180,157,182,27,195,83,186,187,119,72,124,91,5,193,19,184,70,104,171,9,];False
8325;8575;16900;[0,175,2,25,189,5,6,61,38,199,49,11,12,181,14,15,16,156,150,196,118,138,20,23,24,3,26,183,37,154,126,115,32,99,34,35,36,28,8,82,13,198,188,122,44,45,46,47,68,123,50,86,52,53,117,55,56,59,58,57,60,7,174,62,120,190,66,67,48,63,29,65,4,73,74,114,112,77,153,161,165,81,110,185,84,85,89,87,71,51,90,191,142,168,94,54,96,97,145,33,100,101,102,98,139,105,163,107,158,148,64,111,76,134,41,173,116,10,42,22,40,197,43,95,1,125,132,127,128,129,18,131,30,133,103,92,136,137,157,194,146,141,31,147,144,121,162,143,109,149,78,151,152,130,113,155,17,21,108,159,160,135,140,106,164,80,166,167,93,169,170,75,172,79,69,88,176,177,178,179,180,39,182,27,195,124,186,187,119,72,83,91,192,193,19,184,70,104,171,9,];False
8390;8507;16897;[0,175,2,25,189,5,6,61,38,199,49,11,12,181,14,15,16,156,150,196,118,138,20,23,24,3,26,183,37,154,126,115,32,99,34,35,36,28,8,82,13,198,188,122,44,45,46,47,68,123,50,86,52,53,117,55,56,59,58,57,60,7,174,62,120,190,66,67,48,63,29,65,4,73,74,114,112,77,153,161,165,81,110,185,84,85,89,87,71,51,90,191,142,168,94,54,96,97,145,33,100,101,102,98,139,105,163,107,158,148,64,111,76,134,41,173,116,10,42,22,40,197,43,95,1,125,132,127,128,129,18,131,30,133,103,92,136,137,39,194,146,141,31,147,144,121,162,143,109,149,78,151,152,130,113,155,17,21,108,159,160,135,140,106,164,80,166,167,93,169,170,75,172,79,69,88,176,177,178,179,180,157,182,27,195,83,186,187,119,72,124,91,192,193,19,184,70,104,171,9,];False
8411;8486;16897;[46,174,2,25,189,192,6,61,38,199,49,11,12,0,14,15,16,156,150,196,118,138,20,23,176,3,26,183,37,154,126,115,32,99,34,35,36,28,8,82,13,198,188,122,44,45,181,47,68,123,50,86,52,53,117,55,56,59,58,57,60,7,175,62,120,190,66,67,48,63,29,65,4,73,74,108,112,77,153,161,165,81,110,185,84,85,89,87,71,51,90,191,142,168,94,54,96,97,145,33,100,101,102,98,139,105,163,107,158,30,64,111,76,134,41,173,116,10,42,22,40,197,43,95,1,125,132,127,128,129,18,131,148,133,103,92,136,137,39,194,146,141,31,147,144,121,162,143,109,149,78,151,152,130,113,155,17,21,114,159,160,135,140,106,164,80,166,167,93,169,170,75,172,79,69,88,24,177,178,179,180,157,182,27,195,83,186,187,119,72,124,91,5,193,19,184,70,104,171,9,];False
8325;8570;16895;[0,175,2,25,189,5,6,61,38,199,49,11,12,181,14,15,16,156,150,196,20,138,118,23,24,19,26,183,37,154,126,115,32,99,34,35,36,28,8,82,13,198,188,122,44,45,46,47,68,123,50,86,52,53,117,55,56,59,58,57,60,7,174,62,120,190,66,67,48,63,29,71,4,73,74,114,112,77,153,161,165,81,110,83,84,85,89,87,1,51,90,191,142,168,94,54,96,97,145,33,100,101,102,98,139,105,163,107,158,148,64,111,76,134,41,173,116,10,42,22,40,197,43,95,124,125,132,127,128,129,18,131,30,133,103,92,136,137,157,194,146,141,31,143,144,121,162,147,109,149,78,151,152,130,113,155,17,21,108,159,160,135,140,106,164,80,166,167,93,169,170,75,172,79,69,88,176,177,178,179,180,39,182,27,195,185,186,187,119,72,65,91,192,193,3,184,70,104,171,9,];False
8474;8421;16895;[46,174,2,25,189,5,6,61,38,199,49,11,12,0,14,15,16,156,150,196,118,138,20,23,176,3,26,183,37,154,126,115,32,99,34,35,36,28,8,82,13,198,188,122,44,45,181,47,68,123,50,86,52,53,117,55,56,59,58,57,60,7,175,62,120,190,66,67,48,63,29,65,4,73,74,114,112,77,153,161,165,81,110,185,84,85,89,87,71,51,90,191,142,168,94,54,96,97,145,33,100,101,102,98,139,105,163,107,158,30,64,111,76,134,41,173,116,10,42,22,40,197,43,95,1,125,132,127,128,129,18,131,148,133,103,92,136,137,39,194,146,141,31,147,144,121,162,143,109,149,78,151,152,130,113,155,17,21,108,159,160,135,140,106,164,80,166,167,93,169,170,75,172,79,69,88,24,177,178,179,180,157,182,27,195,83,186,187,119,72,124,91,192,193,19,184,70,104,171,9,];False
8436;8458;16894;[46,174,2,25,189,192,6,61,38,199,49,11,12,0,14,15,16,156,150,196,118,138,20,23,176,3,26,183,37,154,126,115,32,99,34,35,36,28,8,82,13,198,188,122,44,45,148,47,68,123,50,86,52,53,117,55,56,59,58,57,60,7,175,62,120,190,66,67,48,63,29,65,4,73,74,114,112,77,153,161,165,81,110,185,84,85,89,87,71,51,90,191,142,168,94,54,96,97,145,33,100,101,102,98,139,105,163,107,158,30,64,111,76,134,41,173,116,10,42,22,40,197,43,95,1,125,132,127,128,129,18,131,181,133,103,92,136,137,39,194,146,141,31,147,144,121,162,143,109,149,78,151,152,130,113,155,17,21,108,159,160,135,140,106,164,80,166,167,93,169,170,75,172,79,69,88,24,177,178,179,180,157,182,27,195,83,186,187,119,72,124,91,5,193,19,184,70,104,171,9,];False
8334;8559;16893;[0,175,2,25,189,5,6,61,38,199,49,11,12,181,14,15,16,156,150,196,118,138,20,23,24,3,26,183,37,154,126,115,32,99,34,35,36,28,8,82,13,198,188,122,44,45,46,47,68,123,50,86,52,53,117,55,56,59,58,57,60,7,174,62,120,190,66,67,48,63,29,1,4,73,74,114,112,77,153,85,165,81,110,185,84,161,89,87,71,51,90,191,142,168,94,54,96,97,145,33,100,101,102,98,139,105,163,107,158,148,64,111,76,134,41,173,116,10,42,22,40,197,43,95,65,125,132,127,128,129,18,131,30,133,103,92,136,137,157,194,146,141,31,147,144,121,162,143,109,149,78,151,152,130,113,155,17,21,108,159,160,135,140,106,164,80,166,167,93,169,170,75,172,79,69,88,176,177,178,179,180,39,182,27,195,83,186,187,119,72,124,91,192,193,19,184,70,104,171,9,];False
8379;8512;16891;[46,175,2,25,189,5,6,16,38,199,49,11,12,0,14,15,61,156,150,196,118,138,20,23,24,3,26,183,37,154,126,115,32,99,34,35,36,28,8,82,13,198,188,122,44,45,181,47,68,123,50,86,52,53,117,55,56,59,58,57,60,7,174,62,120,190,66,67,48,63,29,65,4,73,74,114,112,77,153,161,165,81,110,185,84,85,89,87,71,51,90,191,142,168,94,54,96,97,145,33,100,101,102,98,139,105,163,107,158,148,64,111,76,134,41,173,116,10,42,22,40,197,43,95,1,125,132,127,128,129,18,131,30,133,103,92,136,137,39,194,146,141,31,147,144,121,162,143,109,149,78,151,152,130,113,155,17,21,108,159,160,135,140,106,164,80,166,167,93,169,170,75,172,79,69,88,176,177,178,179,180,157,182,27,195,83,186,187,119,72,124,91,192,193,19,184,70,104,171,9,];False
8275;8615;16890;[0,175,2,25,189,5,6,61,38,199,49,11,12,181,14,15,16,156,153,196,20,138,118,23,24,3,26,183,37,154,126,115,32,99,34,35,36,28,8,82,13,198,188,122,44,45,46,47,68,123,50,86,52,53,117,55,56,59,58,57,60,7,174,62,40,190,66,67,48,63,29,71,4,73,74,114,112,77,150,161,80,81,110,83,84,85,89,87,1,51,90,191,142,168,94,54,96,97,145,33,100,101,102,98,139,105,163,107,158,148,64,111,76,134,41,173,116,10,42,119,120,197,43,95,124,125,132,127,128,129,18,131,30,133,103,92,136,137,157,194,146,141,31,143,144,121,162,147,109,149,78,151,152,130,113,155,17,21,108,159,160,135,140,106,164,165,166,167,93,169,170,75,172,79,69,88,176,177,178,179,180,39,182,27,195,185,186,187,22,72,65,91,192,193,19,184,70,104,171,9,];False
8387;8502;16889;[181,175,2,25,189,5,6,61,38,199,49,11,12,0,14,15,16,156,150,196,118,138,20,23,24,3,26,183,37,154,126,115,32,99,34,35,36,28,8,82,13,198,188,122,44,45,46,47,68,123,50,86,52,53,117,55,56,59,58,57,60,7,174,62,120,190,66,67,48,63,29,65,4,73,74,114,112,77,153,161,165,81,110,185,84,85,89,87,71,51,90,191,142,168,94,54,96,97,145,33,100,101,102,98,139,105,163,107,158,148,64,111,76,134,41,173,116,10,42,22,40,197,43,95,1,125,132,127,128,129,18,131,30,133,103,92,136,137,39,194,146,141,31,147,144,121,162,143,109,149,78,151,152,130,113,155,17,21,108,159,160,135,140,106,164,80,166,167,93,169,170,75,172,79,69,88,176,177,178,179,180,157,182,27,195,83,186,187,119,72,124,91,192,193,19,184,70,104,171,9,];False
8393;8496;16889;[46,175,2,25,189,5,6,61,38,199,49,11,12,0,14,15,16,156,150,196,118,138,20,23,24,3,26,183,37,154,126,115,32,99,34,35,36,28,8,82,13,198,188,122,44,45,181,47,68,123,50,86,52,184,117,55,56,59,58,57,60,7,174,62,120,190,66,67,48,63,29,65,4,73,74,114,112,77,153,161,165,81,110,185,84,85,89,87,71,51,90,191,142,168,94,54,96,97,145,33,100,101,102,98,139,105,163,107,158,148,64,111,76,134,41,173,116,10,42,22,40,197,43,95,1,125,132,127,128,129,18,131,30,133,103,92,136,137,39,194,146,141,31,147,144,121,162,143,109,149,78,151,152,130,113,155,17,21,108,159,160,135,140,106,164,80,166,167,93,169,170,75,172,79,69,88,176,177,178,179,180,157,182,27,195,83,186,187,119,72,124,91,192,193,19,53,70,104,171,9,];False
8324;8564;16888;[0,175,2,25,189,5,6,61,38,199,49,11,12,181,14,15,16,156,150,196,20,138,118,23,24,3,26,183,37,154,126,115,32,99,34,35,36,28,8,82,13,198,188,122,44,45,46,47,68,123,50,86,52,53,117,55,56,59,58,57,60,7,174,62,120,190,66,67,48,63,29,71,4,73,74,114,112,77,153,161,165,81,110,83,84,85,89,87,1,51,90,191,142,168,94,54,96,97,145,33,100,101,102,98,139,105,163,107,158,148,64,111,76,134,41,173,116,10,42,22,40,197,43,95,124,125,132,127,128,129,18,131,30,133,103,92,136,137,157,194,146,141,31,143,144,121,162,147,109,149,78,151,152,130,113,155,17,21,108,159,160,135,140,106,164,80,166,167,93,169,170,75,172,79,69,88,176,177,178,179,180,39,182,27,195,185,186,187,119,72,65,91,192,193,19,184,70,104,171,9,];False
8288;8598;16886;[0,175,2,25,189,5,6,61,38,199,49,11,12,181,14,15,23,156,150,196,20,138,118,16,24,3,26,183,37,154,126,115,32,99,34,35,36,28,8,82,13,198,188,122,44,45,46,47,68,123,50,86,52,53,117,55,56,59,58,57,60,7,174,62,120,190,66,67,48,63,29,71,4,73,74,114,112,77,153,161,165,81,110,83,84,85,89,87,1,51,90,191,142,168,94,54,96,97,145,33,100,101,102,98,139,105,163,107,158,148,64,111,76,134,41,173,116,10,42,22,40,197,43,95,124,125,132,127,128,129,18,131,30,133,103,92,136,137,157,194,146,141,31,143,144,121,162,147,109,149,78,151,152,130,113,155,17,21,108,159,160,135,140,106,164,80,166,167,93,169,170,75,172,79,69,88,176,177,178,179,180,39,182,27,195,185,186,187,119,72,65,91,192,193,19,184,70,104,171,9,];False
8423;8457;16880;[46,174,2,25,189,192,6,61,38,199,49,11,12,0,14,15,16,156,150,196,118,138,20,23,176,3,26,183,37,154,126,115,32,99,34,35,36,28,8,82,13,198,188,122,44,45,181,47,68,123,50,86,52,53,117,55,56,59,58,57,60,7,175,62,120,190,66,67,48,63,29,65,4,73,74,114,112,77,153,161,165,81,110,105,84,85,89,87,71,51,90,191,142,168,94,54,96,97,145,33,100,101,102,98,139,185,163,107,158,30,64,111,76,134,41,173,116,10,42,22,40,197,43,95,1,125,132,127,128,129,18,131,148,133,103,92,136,137,39,194,146,141,31,147,144,121,162,143,109,149,78,151,152,130,113,155,17,21,108,159,160,135,140,106,164,80,166,167,93,169,170,75,172,79,69,88,24,177,178,179,180,157,182,27,195,83,186,187,119,72,124,91,5,193,19,184,70,104,171,9,];False
8624;8253;16877;[46,174,2,25,189,118,6,61,38,199,49,11,12,0,80,15,16,156,82,196,192,138,20,23,176,3,26,183,37,154,126,115,32,117,34,35,36,28,8,150,13,198,188,122,44,45,181,47,68,123,50,86,52,91,69,55,56,59,58,57,97,7,175,62,120,190,89,67,48,63,29,65,4,73,41,114,112,77,153,161,165,60,110,185,84,85,66,87,71,51,90,191,142,168,94,54,111,81,145,33,100,101,102,98,139,105,180,107,158,30,64,96,76,134,74,173,116,10,42,22,40,197,39,95,1,125,132,127,128,129,18,131,148,133,103,92,136,137,43,194,146,109,31,147,144,121,162,171,141,149,78,151,152,130,113,155,17,21,108,159,160,135,140,106,164,14,166,167,93,178,170,75,172,79,99,88,24,177,169,179,163,157,182,27,195,83,186,187,119,72,124,53,5,193,19,184,70,104,143,9,];False
8431;8445;16876;[46,174,2,25,189,192,6,61,38,199,49,11,12,0,14,15,16,156,150,196,118,138,20,23,176,3,26,183,37,154,126,115,32,99,34,35,36,28,93,82,13,198,188,122,44,45,181,47,68,123,50,86,52,53,117,55,56,59,58,57,60,7,175,62,120,190,66,67,48,63,29,65,4,73,74,114,112,77,153,161,165,81,110,185,84,85,89,87,71,51,90,191,142,168,94,54,96,97,145,33,100,101,102,98,139,105,163,107,158,30,64,111,76,134,41,173,116,10,42,22,40,197,43,95,1,125,132,127,128,129,18,131,148,133,103,92,136,137,39,194,146,141,31,147,144,121,162,143,109,149,78,151,152,130,113,155,17,21,108,159,160,135,140,106,164,80,166,167,8,169,170,75,172,79,69,88,24,177,178,179,180,157,182,27,195,83,186,187,119,72,124,91,5,193,19,184,70,104,171,9,];False
8428;8445;16873;[46,174,2,25,189,192,6,61,38,199,49,11,12,0,14,15,16,156,150,196,118,138,20,23,176,3,26,183,37,154,126,115,32,99,34,35,36,28,8,82,13,198,188,122,44,45,181,47,31,123,50,86,52,53,117,55,56,59,58,57,60,7,175,62,120,190,66,67,48,63,29,65,4,73,74,114,112,77,153,161,165,81,110,185,84,85,89,87,71,51,90,191,142,168,94,54,96,97,145,33,100,101,102,98,139,105,163,107,158,30,64,111,76,134,41,173,116,10,42,22,40,197,43,95,1,125,132,127,128,129,18,131,148,133,103,92,136,137,39,194,146,141,68,147,144,121,162,143,109,149,78,151,152,130,113,155,17,21,108,159,160,135,140,106,164,80,166,167,93,169,170,75,172,79,69,88,24,177,178,179,180,157,182,27,195,83,186,187,119,72,124,91,5,193,19,184,70,104,171,9,];False
8360;8508;16868;[46,174,2,25,189,192,6,61,38,199,49,11,12,0,14,15,16,156,150,196,118,138,20,23,176,3,26,183,37,154,126,115,32,99,34,35,36,28,8,82,13,198,188,122,44,45,181,47,68,123,50,86,52,53,117,55,56,59,58,57,60,7,175,62,120,190,66,67,48,85,29,65,4,73,74,114,112,77,153,161,165,81,110,185,84,63,89,87,71,51,90,191,142,168,94,54,96,97,145,33,100,101,102,98,139,105,163,107,158,30,64,111,76,134,41,173,116,10,42,22,40,197,43,95,1,125,132,127,128,129,18,131,148,133,103,92,136,137,39,194,146,141,31,147,144,121,162,143,109,149,78,151,152,130,113,155,17,21,108,159,160,135,140,106,164,80,166,167,93,169,170,75,172,79,69,88,24,177,178,179,180,157,182,27,195,83,186,187,119,72,124,91,5,193,19,184,70,104,171,9,];False
8440;8427;16867;[46,174,2,25,189,192,6,61,38,199,49,11,12,0,14,15,16,156,150,196,118,138,20,23,176,3,26,183,37,154,126,115,32,99,34,35,36,28,8,82,13,198,188,122,44,45,181,47,68,123,50,86,52,53,117,55,56,59,58,57,60,7,175,62,120,190,66,67,48,63,29,65,4,73,41,114,112,77,153,161,96,97,110,185,84,85,89,87,71,51,90,191,142,168,94,54,111,81,145,33,100,101,102,98,139,105,180,107,158,30,64,165,76,134,74,173,116,10,42,22,40,197,43,95,1,125,132,127,128,129,18,131,148,133,103,92,136,137,39,194,146,141,31,147,144,121,162,143,109,149,78,151,152,130,113,155,17,21,108,159,160,135,140,106,164,80,166,167,93,178,170,75,172,79,69,88,24,177,169,179,163,157,182,27,195,83,186,187,119,72,124,91,5,193,19,184,70,104,171,9,];False
8408;8459;16867;[46,175,2,25,189,5,6,61,38,199,49,11,12,0,14,15,16,156,150,196,118,138,20,23,176,3,26,183,37,154,126,115,32,99,34,35,36,28,8,82,13,198,188,122,44,45,181,47,68,123,50,86,52,53,117,55,56,59,58,57,60,7,174,62,120,190,66,67,48,63,29,65,4,73,74,114,112,77,153,161,165,81,110,185,84,85,89,87,71,51,90,191,142,168,94,54,96,97,145,33,100,101,102,98,139,105,163,107,158,148,64,111,76,134,41,173,116,10,42,22,40,197,43,95,1,125,132,127,128,129,18,131,30,133,103,92,136,137,39,194,146,141,31,147,144,121,162,143,109,149,78,151,152,130,113,155,17,21,108,159,160,135,140,106,164,80,166,167,93,169,170,75,172,79,69,88,24,177,178,179,180,157,182,27,195,83,186,187,119,72,124,91,192,193,19,184,70,104,171,9,];False
8345;8516;16861;[46,175,2,25,189,5,6,61,38,199,49,11,12,0,14,15,16,156,150,196,118,138,20,23,24,3,26,183,37,154,126,115,32,99,34,35,36,28,8,82,13,198,188,122,44,45,181,47,68,123,50,86,52,53,117,55,56,59,58,57,60,7,174,62,120,190,66,67,48,63,29,65,4,73,74,114,112,77,153,161,165,81,110,185,84,85,89,87,71,51,90,191,142,168,94,54,96,97,145,33,100,101,102,98,139,27,163,107,158,148,64,111,76,134,41,173,116,10,42,22,40,197,43,95,1,125,132,127,128,129,18,131,30,133,103,92,136,137,39,194,146,141,31,147,144,121,162,143,109,149,78,151,152,130,113,155,17,21,108,159,160,135,140,106,164,80,166,167,93,169,170,75,172,79,69,88,176,177,178,179,180,157,182,105,195,83,186,187,119,72,124,91,192,193,19,184,70,104,171,9,];False
8357;8502;16859;[46,175,2,25,189,5,6,61,38,199,49,11,12,0,14,15,16,156,150,85,118,138,20,23,24,3,26,183,37,154,126,115,32,99,34,35,36,28,8,82,13,198,188,122,44,45,181,47,68,123,50,86,52,53,117,55,56,59,58,57,60,7,174,62,120,190,66,67,48,63,29,65,4,73,74,114,112,77,153,161,165,81,110,185,84,196,89,87,71,51,90,191,142,168,94,54,96,97,145,33,100,101,102,98,139,105,163,107,158,148,64,111,76,134,41,173,116,10,42,22,40,197,43,95,1,125,132,127,128,129,18,131,30,133,103,92,136,137,39,194,146,141,31,147,144,121,162,143,109,149,78,151,152,130,113,155,17,21,108,159,160,135,140,106,164,80,166,167,93,169,170,75,172,79,69,88,176,177,178,179,180,157,182,27,195,83,186,187,119,72,124,91,192,193,19,184,70,104,171,9,];False
8572;8286;16858;[46,174,2,25,189,118,6,61,38,199,49,11,12,0,80,15,16,156,82,196,192,138,20,23,176,3,26,183,37,154,126,115,32,99,34,35,36,28,8,150,13,198,188,122,44,45,181,47,68,151,50,86,52,91,69,55,56,59,58,57,97,7,175,62,120,190,66,67,48,63,29,65,4,73,41,114,112,77,153,161,165,60,110,185,84,85,89,87,71,51,90,191,142,168,94,54,111,81,145,33,100,101,102,98,139,105,180,107,158,30,64,96,76,134,74,173,116,10,42,22,40,197,43,95,1,125,132,127,128,129,18,131,148,133,103,92,136,137,39,194,146,109,31,147,144,121,162,171,141,149,78,123,152,130,113,155,17,21,108,159,160,135,140,106,164,14,166,167,93,178,170,75,172,79,117,88,24,177,169,179,163,157,182,27,195,83,186,187,119,72,124,53,5,193,19,184,70,104,143,9,];False
8341;8516;16857;[0,175,2,25,189,5,6,61,38,199,49,11,12,181,14,15,16,156,150,196,118,138,20,23,24,3,26,183,37,154,126,115,32,99,34,35,36,28,8,82,13,198,188,122,44,45,46,47,68,123,50,86,52,53,117,55,56,59,58,57,60,7,174,62,120,190,66,67,48,63,29,65,4,73,74,114,112,77,153,161,165,81,110,185,84,85,89,87,71,51,90,191,142,168,94,54,96,97,145,33,100,101,102,98,139,105,163,107,158,148,64,111,76,134,41,173,116,10,42,22,40,197,43,95,1,125,132,127,128,129,18,131,30,133,103,92,136,137,157,194,146,141,31,147,144,121,162,143,109,149,78,151,152,130,113,155,17,21,108,159,160,135,140,106,164,80,166,167,93,169,170,75,172,79,69,88,176,177,178,179,180,39,182,27,195,83,186,187,119,72,124,91,192,193,19,184,70,104,171,9,];False
8429;8426;16855;[46,174,2,25,189,192,6,61,38,199,49,11,12,0,14,15,16,156,150,196,118,138,20,23,176,3,26,183,37,154,126,115,32,99,34,35,36,28,8,82,13,198,188,122,44,45,181,47,68,123,50,86,52,53,117,55,56,59,58,57,60,7,175,62,120,190,66,67,48,63,29,65,4,73,74,114,112,77,153,161,165,81,110,185,84,85,89,87,71,51,90,191,142,168,94,54,96,97,145,33,100,101,102,98,139,105,163,107,158,30,64,111,76,134,41,173,116,10,42,22,40,197,43,95,1,125,132,127,128,129,18,131,148,133,103,92,136,137,39,194,146,141,31,147,144,121,162,143,109,149,78,151,152,130,113,155,17,21,108,159,160,135,140,106,164,80,166,167,93,169,170,75,172,79,69,88,24,177,178,179,180,157,182,27,195,83,186,187,119,72,124,91,5,193,19,184,70,104,171,9,];False
8408;8443;16851;[46,174,2,25,189,192,6,61,38,199,49,11,12,0,14,15,16,156,150,196,118,138,20,23,176,3,26,183,37,154,126,115,32,99,34,35,36,28,8,82,13,198,188,122,44,45,181,47,68,123,50,86,52,53,117,55,56,59,58,57,60,7,175,62,120,190,66,67,48,63,29,65,4,73,74,114,112,77,101,161,165,81,110,185,84,85,89,87,71,51,90,191,142,168,94,54,96,97,145,33,100,153,102,98,139,105,163,107,158,30,64,111,76,134,41,173,116,10,42,22,40,197,43,95,1,125,132,127,128,129,18,131,148,133,103,92,136,137,39,194,146,141,31,147,144,121,162,143,109,149,78,151,152,130,113,155,17,21,108,159,160,135,140,106,164,80,166,167,93,169,170,75,172,79,69,88,24,177,178,179,180,157,182,27,195,83,186,187,119,72,124,91,5,193,19,184,70,104,171,9,];False
8275;8576;16851;[0,175,2,25,189,5,6,61,38,199,49,11,12,181,14,15,16,156,150,196,20,138,118,23,24,3,26,183,37,154,126,115,32,99,34,35,36,28,8,82,13,198,188,122,44,45,46,47,68,123,50,86,52,53,117,55,56,59,58,57,60,7,174,62,40,190,66,67,48,63,29,71,4,73,74,114,112,77,153,161,80,81,110,83,84,85,89,87,1,51,90,191,142,168,94,54,96,97,145,33,100,101,102,98,139,105,163,107,158,148,64,111,76,134,41,173,116,10,42,22,120,197,43,95,124,125,132,127,128,129,18,131,30,133,103,92,136,137,157,194,146,141,31,143,144,121,162,147,109,149,78,151,152,130,113,155,17,21,108,159,160,135,140,106,164,165,166,167,93,169,170,75,172,79,69,88,176,177,178,179,180,39,182,27,195,185,186,187,119,72,65,91,192,193,19,184,70,104,171,9,];False
8368;8482;16850;[46,174,2,25,189,192,6,61,38,199,49,11,12,0,14,15,16,156,150,196,118,138,20,23,176,3,26,183,37,154,126,115,32,99,34,35,36,28,8,128,13,198,188,122,44,45,181,47,68,123,50,86,52,53,117,55,56,59,58,57,60,7,175,62,120,190,66,67,48,63,29,65,4,73,41,114,112,77,153,161,165,97,110,185,84,85,89,87,71,51,90,191,142,168,94,54,96,81,145,33,100,101,102,98,139,105,163,107,158,30,64,111,76,134,74,173,116,10,42,22,40,197,43,95,1,125,132,127,82,129,18,131,148,133,103,92,136,137,39,194,146,141,31,147,144,121,162,143,109,149,78,151,152,130,113,155,17,21,108,159,160,135,140,106,164,80,166,167,93,178,170,75,172,79,69,88,24,177,169,179,180,157,182,27,195,83,186,187,119,72,124,91,5,193,19,184,70,104,171,9,];False
8325;8524;16849;[46,175,2,25,189,5,6,61,38,199,49,11,12,0,14,15,16,156,150,196,118,138,20,23,24,3,26,183,37,154,126,115,32,99,34,35,36,28,8,82,13,198,188,122,44,45,181,47,68,123,50,86,52,53,117,55,56,59,58,57,60,7,174,62,120,190,66,67,48,63,29,65,4,73,74,114,166,77,153,161,165,81,110,185,84,85,89,87,71,51,90,191,142,168,94,54,96,97,145,33,100,101,102,98,139,105,163,107,158,148,64,111,76,134,41,173,116,10,42,22,40,197,43,95,1,125,132,127,128,129,18,131,30,133,103,92,136,137,39,194,146,141,31,147,144,121,162,143,109,149,78,151,152,130,113,155,17,21,108,159,160,135,140,106,164,80,112,167,93,169,170,75,172,79,69,88,176,177,178,179,180,157,182,27,195,83,186,187,119,72,124,91,192,193,19,184,70,104,171,9,];False
8356;8492;16848;[46,175,2,25,189,5,6,61,38,199,49,11,12,0,14,15,16,156,150,196,118,138,20,23,24,3,26,183,37,154,126,115,32,99,34,35,36,28,8,82,13,198,188,122,44,45,181,119,68,123,50,86,52,53,117,55,56,59,58,57,60,7,174,62,120,190,66,67,48,63,29,65,4,73,74,114,112,77,153,161,165,81,110,185,84,85,89,87,71,51,90,191,142,168,94,54,96,97,145,33,100,101,102,98,139,105,163,107,158,148,64,111,76,134,41,173,116,10,42,22,40,197,43,95,1,125,132,127,128,129,18,131,30,133,103,92,136,137,39,194,146,141,31,147,144,121,162,143,109,149,78,151,152,130,113,155,17,21,108,159,160,135,140,106,164,80,166,167,93,169,170,75,172,79,69,88,176,177,178,179,180,157,182,27,195,83,186,187,47,72,124,91,192,193,19,184,70,104,171,9,];False
8321;8523;16844;[46,175,2,25,189,5,6,61,38,199,49,11,12,0,14,15,16,7,150,196,118,138,20,23,24,3,26,183,37,154,126,115,32,99,34,35,36,28,8,82,13,198,188,122,44,45,181,47,68,123,50,86,52,53,117,55,56,59,58,57,60,156,174,62,120,190,66,67,48,63,29,65,4,73,74,114,112,77,153,161,165,81,110,185,84,85,89,87,71,51,90,191,142,168,94,54,96,97,145,33,100,101,102,98,139,105,163,107,158,148,64,111,76,134,41,173,116,10,42,22,40,197,43,95,1,125,132,127,128,129,18,131,30,133,103,92,136,137,39,194,146,141,31,147,144,121,162,143,109,149,78,151,152,130,113,155,17,21,108,159,160,135,140,106,164,80,166,167,93,169,170,75,172,79,69,88,176,177,178,179,180,157,182,27,195,83,186,187,119,72,124,91,192,193,19,184,70,104,171,9,];False
8650;8191;16841;[46,174,2,25,189,118,6,61,38,199,49,11,12,0,80,15,16,156,82,196,192,138,20,23,176,3,26,183,37,154,126,115,32,99,34,35,36,28,8,150,13,198,188,122,44,45,181,47,68,123,50,86,52,91,69,55,56,59,58,57,97,7,175,62,120,190,66,67,48,63,29,65,4,73,41,114,112,77,72,161,165,60,110,185,84,85,89,87,71,51,90,191,142,168,94,54,111,81,145,33,100,101,102,98,139,105,180,107,158,30,64,96,76,134,74,173,116,10,42,22,40,197,43,95,1,125,132,127,128,129,18,131,148,133,103,92,136,137,39,194,146,109,31,147,144,121,162,171,141,149,78,151,152,130,113,155,17,21,108,159,160,135,140,106,164,14,166,167,93,178,170,75,172,79,117,88,24,177,169,179,163,157,182,27,195,83,186,187,119,153,124,53,5,193,19,184,70,104,143,9,];False
8349;8489;16838;[46,175,2,25,189,5,6,61,38,199,49,11,12,0,14,15,16,156,150,196,118,138,20,23,24,3,26,183,37,154,126,115,32,99,34,35,36,28,8,82,13,198,188,122,44,45,181,47,68,123,50,86,52,53,117,55,56,59,58,57,60,7,174,62,120,190,66,67,48,63,29,65,4,73,74,114,112,77,153,161,165,81,110,185,84,85,89,87,71,51,90,191,142,168,94,54,96,97,145,33,100,101,102,98,139,105,163,107,158,148,64,111,76,134,41,173,116,10,42,22,40,197,43,95,1,125,132,127,128,129,18,131,30,133,103,92,136,137,39,194,146,141,31,147,144,121,162,143,109,149,78,151,152,130,113,155,17,21,108,159,160,135,140,106,164,80,166,167,93,169,170,75,172,79,69,88,176,177,178,179,180,157,182,27,195,83,186,187,119,72,124,91,192,193,19,184,70,104,171,9,];False
8344;8494;16838;[46,175,2,25,189,5,6,61,38,199,49,11,12,0,14,15,16,156,150,196,118,138,20,23,24,3,26,183,37,154,126,115,32,99,34,35,36,28,8,82,13,198,188,122,44,45,181,47,68,123,50,86,52,53,117,55,56,59,58,57,84,7,174,62,120,190,66,67,48,63,29,65,4,73,74,114,112,77,153,161,165,81,110,185,60,85,89,87,71,51,90,191,142,168,94,54,96,97,145,33,100,101,102,98,139,105,163,107,158,148,64,111,76,134,41,173,116,10,42,22,40,197,43,95,1,125,132,127,128,129,18,131,30,133,103,92,136,137,39,194,146,141,31,147,144,121,162,143,109,149,78,151,152,130,113,155,17,21,108,159,160,135,140,106,164,80,166,167,93,169,170,75,172,79,69,88,176,177,178,179,180,157,182,27,195,83,186,187,119,72,124,91,192,193,19,184,70,104,171,9,];False
8636;8199;16835;[46,174,2,25,189,118,6,61,38,199,49,11,12,0,80,15,16,156,82,196,192,138,20,23,176,3,26,183,37,154,126,115,32,99,34,35,36,13,8,150,28,198,188,122,44,45,181,47,68,123,50,86,52,91,69,55,56,59,58,57,97,7,175,62,120,190,66,67,48,63,29,65,4,73,41,114,112,77,153,161,165,60,110,185,84,85,89,87,71,51,90,191,142,168,94,54,111,81,145,33,100,101,102,98,139,105,180,107,158,30,64,96,76,134,74,173,116,10,42,22,40,197,43,95,1,125,132,127,128,129,18,131,148,133,103,92,136,137,39,194,146,109,31,147,144,121,162,171,141,149,78,151,152,130,113,155,17,21,108,159,160,135,140,106,164,14,166,167,93,178,170,75,172,79,117,88,24,177,169,179,163,157,182,27,195,83,186,187,119,72,124,53,5,193,19,184,70,104,143,9,];False
8316;8519;16835;[46,175,2,25,189,5,6,61,38,199,49,11,12,181,14,15,16,156,150,196,118,138,20,23,24,3,26,183,37,154,126,115,32,99,63,35,36,28,8,82,13,198,188,122,44,45,0,47,68,123,50,86,52,53,117,55,56,59,58,57,60,7,174,62,120,190,66,67,48,34,29,65,4,73,74,114,112,77,153,161,165,81,110,185,84,85,89,87,71,51,90,191,142,168,94,54,96,97,145,33,100,101,102,98,139,105,163,107,158,148,64,111,76,134,41,173,116,10,42,22,40,197,43,95,1,125,132,127,128,129,18,131,30,133,103,92,136,137,39,194,146,141,31,147,144,121,162,143,109,149,78,151,152,130,113,155,17,21,108,159,160,135,140,106,164,80,166,167,93,169,170,75,172,79,69,88,176,177,178,179,180,157,182,27,195,83,186,187,119,72,124,91,192,193,19,184,70,104,171,9,];False
8415;8416;16831;[46,174,2,25,189,192,6,61,38,199,49,11,12,0,14,15,16,156,82,196,118,96,20,23,176,3,26,183,37,154,126,115,32,99,34,35,36,28,8,150,13,198,188,122,44,45,181,47,68,123,50,86,52,53,117,55,56,59,58,57,60,7,175,62,120,190,66,67,48,63,29,65,4,73,41,114,112,77,153,161,165,97,110,185,84,85,89,87,71,51,90,191,142,168,94,54,111,81,145,33,100,101,102,98,139,105,180,107,158,30,64,138,76,134,74,173,116,10,42,22,40,197,43,95,1,125,132,127,128,129,18,131,148,133,103,92,136,137,39,194,146,141,31,147,144,121,162,143,109,149,78,151,152,130,113,155,17,21,108,159,160,135,140,106,164,80,166,167,93,178,170,75,172,79,69,88,24,177,169,179,163,157,182,27,195,83,186,187,119,72,124,91,5,193,19,184,70,104,171,9,];False
8510;8305;16815;[46,174,2,25,189,118,6,61,38,199,49,11,12,0,80,15,16,156,82,196,192,138,20,23,176,3,26,183,37,154,126,115,32,99,34,35,36,28,8,150,13,198,79,122,44,45,181,47,68,123,50,86,52,91,69,55,56,59,58,57,97,7,175,62,120,190,66,67,48,63,29,65,4,73,41,114,112,77,153,161,165,60,110,185,84,85,89,87,71,51,90,191,142,168,94,54,111,81,145,33,100,101,102,98,139,105,180,107,158,30,64,96,76,134,74,173,116,10,42,22,40,197,43,95,1,125,132,127,128,129,18,131,148,133,103,92,136,137,39,194,146,141,31,147,144,121,162,143,109,149,78,151,152,130,113,155,17,21,108,159,160,135,140,106,164,14,166,167,93,178,170,75,172,188,117,88,24,177,169,179,163,157,182,27,195,83,186,187,119,72,124,53,5,193,19,184,70,104,171,9,];False
8387;8428;16815;[46,174,2,25,189,192,6,61,38,199,49,11,12,0,14,15,16,156,150,196,118,138,20,23,176,3,26,183,37,154,126,115,32,99,34,35,36,28,117,82,13,198,188,122,44,45,181,47,68,123,50,86,52,53,8,55,56,59,58,57,60,7,175,62,120,190,66,67,48,63,29,65,4,73,74,114,112,77,153,161,165,81,110,185,84,85,89,87,71,51,90,191,142,168,94,54,96,97,145,33,100,101,102,98,139,105,163,107,158,30,64,111,76,134,41,173,116,10,42,22,40,197,43,95,1,125,132,127,128,129,18,131,148,133,103,92,136,137,39,194,146,141,31,147,144,121,162,143,109,149,78,151,152,130,113,155,17,21,108,159,160,135,140,106,164,80,166,167,93,178,170,75,172,79,69,88,24,177,169,179,180,157,182,27,195,83,186,187,119,72,124,91,5,193,19,184,70,104,171,9,];False
8277;8536;16813;[46,175,2,25,189,5,6,61,38,199,49,11,12,181,14,15,16,156,150,196,118,138,20,23,24,3,26,183,37,154,126,115,32,99,34,35,36,28,8,82,13,198,188,122,44,45,0,47,68,123,50,86,52,53,117,98,56,59,58,57,60,7,174,62,120,190,66,67,48,63,29,65,4,73,74,114,112,77,153,161,165,81,110,185,84,85,89,87,71,51,90,191,142,168,94,54,96,97,145,33,100,101,102,55,139,105,163,107,158,148,64,111,76,134,41,173,116,10,42,22,40,197,43,95,1,125,132,127,128,129,18,131,30,133,103,92,136,137,39,194,146,141,31,147,144,121,162,143,109,149,78,151,152,130,113,155,17,21,108,159,160,135,140,106,164,80,166,167,93,169,170,75,172,79,69,88,176,177,178,179,180,157,182,27,195,83,186,187,119,72,124,91,192,193,19,184,70,104,171,9,];False
8230;8578;16808;[0,175,2,25,189,5,6,61,38,199,49,11,12,181,14,15,16,156,150,196,20,138,118,23,24,3,26,183,37,154,126,115,32,99,34,35,36,28,8,82,13,198,188,122,44,45,46,47,68,123,50,86,52,53,117,55,56,59,58,57,60,7,174,62,120,190,66,67,48,63,29,71,4,73,74,114,112,77,153,161,80,81,110,83,84,85,89,87,1,51,90,191,142,168,94,54,96,97,145,33,100,101,102,98,139,105,163,107,158,148,64,111,76,134,41,173,116,10,42,22,40,197,43,95,124,125,132,127,128,129,18,131,30,133,103,92,136,137,157,194,146,141,31,143,144,121,162,147,109,149,78,151,152,130,113,155,17,21,108,159,160,135,140,106,164,165,166,167,93,169,170,75,172,79,69,88,176,177,178,179,180,39,182,27,195,185,186,187,119,72,65,91,192,193,19,184,70,104,171,9,];False
8297;8507;16804;[46,175,2,25,189,5,6,61,38,199,49,11,12,181,14,15,16,156,150,196,118,138,20,23,24,3,26,183,37,154,126,115,32,99,34,35,36,28,8,82,13,198,188,122,44,45,0,47,68,123,50,86,52,53,117,55,56,59,58,57,60,7,174,62,120,190,66,67,48,63,29,65,4,73,74,114,112,77,153,161,165,81,110,185,84,85,89,87,71,51,90,191,142,168,94,54,96,97,145,33,100,101,102,98,139,105,163,107,158,148,64,111,76,134,41,173,116,10,42,22,40,197,43,95,1,125,132,127,128,129,18,131,30,133,103,92,136,137,39,194,146,141,31,147,144,121,162,143,109,149,78,151,152,130,113,155,17,21,108,159,160,135,140,106,164,80,166,167,93,169,170,75,172,79,69,88,176,177,178,179,180,157,182,27,195,83,186,187,119,72,124,91,192,193,19,184,70,104,171,9,];False
8335;8467;16802;[46,174,2,25,189,192,6,61,38,199,49,11,12,0,14,15,16,156,150,196,118,138,20,23,176,3,26,183,37,154,126,115,32,99,34,35,36,28,8,82,13,198,188,122,44,45,181,89,68,123,50,86,52,53,117,55,56,59,58,57,60,7,175,62,120,190,66,67,48,63,29,65,4,73,74,114,112,77,153,161,165,81,110,185,84,85,47,87,71,51,90,191,142,168,94,54,96,97,145,33,100,101,102,98,139,105,163,107,158,30,64,111,76,134,41,173,116,10,42,22,40,197,43,95,1,125,132,127,128,129,18,131,148,133,103,92,136,137,39,194,146,141,31,147,144,121,162,143,109,149,78,151,152,130,113,155,17,21,108,159,160,135,140,106,164,80,166,167,93,169,170,75,172,79,69,88,24,177,178,179,180,157,182,27,195,83,186,187,119,72,124,91,5,193,19,184,70,104,171,9,];False
8330;8464;16794;[46,174,2,25,189,192,6,61,38,199,49,11,12,0,14,15,16,156,150,196,118,138,20,23,176,3,26,183,37,185,126,115,32,99,34,35,36,28,8,82,13,198,188,122,44,45,181,47,68,123,50,86,52,53,117,55,56,59,58,57,60,7,175,62,120,190,66,67,48,63,29,65,4,73,74,114,112,77,153,161,165,81,110,154,84,85,89,87,71,51,90,191,142,168,94,54,96,97,145,33,100,101,102,98,139,105,163,107,158,30,64,111,76,134,41,173,116,10,42,22,40,197,43,95,1,125,132,127,128,129,18,131,148,133,103,92,136,137,39,194,146,141,31,147,144,121,162,143,109,149,78,151,152,130,113,155,17,21,108,159,160,135,140,106,164,80,166,167,93,169,170,75,172,79,69,88,24,177,178,179,180,157,182,27,195,83,186,187,119,72,124,91,5,193,19,184,70,104,171,9,];False
8518;8273;16791;[46,174,2,25,189,118,6,61,38,199,49,11,12,0,80,15,16,156,82,196,192,138,20,23,176,3,26,183,37,154,126,13,32,99,34,35,36,28,8,150,115,198,188,122,44,45,181,47,68,123,50,86,52,53,117,55,56,59,58,57,60,7,175,62,120,190,66,67,48,63,29,65,4,73,41,114,112,77,153,161,165,97,110,185,84,85,89,87,71,51,90,191,142,168,94,54,111,81,145,33,100,101,102,98,139,105,180,107,158,30,64,96,76,134,74,173,116,10,42,22,40,197,43,95,1,125,132,127,128,129,18,131,148,133,103,92,136,137,39,194,146,141,31,147,144,121,162,143,109,149,78,151,152,130,113,155,17,21,108,159,160,135,140,106,164,14,166,167,93,178,170,75,172,79,69,88,24,177,169,179,163,157,182,27,195,83,186,187,119,72,124,91,5,193,19,184,70,104,171,9,];False
8289;8499;16788;[46,175,2,25,189,5,6,61,38,199,49,11,12,0,14,15,16,156,150,196,118,138,20,23,24,3,26,183,37,154,126,115,32,99,34,35,36,28,8,82,13,198,188,122,44,45,181,47,68,123,50,86,52,53,117,55,56,59,58,57,60,7,174,62,120,190,66,67,48,63,29,65,4,73,74,114,112,77,153,161,165,81,110,185,84,85,89,87,71,51,90,191,142,168,178,54,96,97,145,33,100,101,102,98,139,105,163,107,158,148,64,111,76,134,41,173,116,10,42,22,40,197,43,95,1,125,132,127,128,129,18,131,30,133,103,92,136,137,39,194,146,141,31,147,144,121,162,143,109,149,78,151,152,130,113,155,17,21,108,159,160,135,140,106,164,80,166,167,93,169,170,75,172,79,69,88,176,177,94,179,180,157,182,27,195,83,186,187,119,72,124,91,192,193,19,184,70,104,171,9,];False
8411;8371;16782;[46,174,2,25,189,118,6,61,38,199,49,11,12,0,14,15,16,156,82,196,192,138,20,23,176,3,26,183,37,154,126,115,32,99,34,35,36,28,8,150,13,198,188,122,44,45,181,47,68,123,50,86,52,53,117,55,56,59,58,57,60,7,175,62,120,190,66,67,48,63,29,65,4,73,41,114,112,77,153,161,165,97,110,185,84,85,89,87,71,51,90,191,142,168,94,54,111,81,145,33,100,101,102,98,139,105,180,107,158,30,64,96,76,134,74,173,116,10,42,22,40,197,43,95,128,125,132,127,1,129,18,131,148,133,103,92,136,137,39,194,146,141,31,147,144,121,162,143,109,149,78,151,152,130,113,155,17,21,108,159,160,135,140,106,164,80,166,167,93,178,170,75,172,79,69,88,24,177,169,179,163,157,182,27,195,83,186,187,119,72,124,91,5,193,19,184,70,104,171,9,];False
8480;8301;16781;[46,174,2,25,189,118,6,61,38,199,49,11,12,0,80,15,16,156,82,196,192,138,20,23,176,3,26,183,37,154,126,115,32,99,34,35,36,28,8,150,13,198,128,122,44,45,181,47,68,123,50,86,52,91,69,55,56,59,58,57,97,7,175,62,120,190,66,67,48,63,29,65,4,73,41,114,112,77,153,161,165,60,110,185,84,85,89,87,71,51,90,191,142,168,94,54,111,81,145,33,100,101,102,98,139,105,180,107,158,30,64,96,76,134,74,173,116,10,42,22,40,197,43,95,1,125,132,127,188,129,18,131,148,133,103,92,136,137,39,194,146,141,31,147,144,121,162,143,109,149,78,151,152,130,113,155,17,21,108,159,160,135,140,106,164,14,166,167,93,178,170,75,172,79,117,88,24,177,169,179,163,157,182,27,195,83,186,187,119,72,124,53,5,193,19,184,70,104,171,9,];False
8346;8434;16780;[46,174,2,25,189,192,6,61,38,199,49,11,12,0,14,15,16,156,150,196,118,138,20,23,176,3,26,183,37,154,126,115,32,99,34,35,36,28,8,82,13,198,188,122,44,45,181,47,68,123,50,135,52,53,117,55,56,59,58,57,60,7,175,62,120,190,66,67,48,63,29,65,4,73,41,114,112,77,153,161,165,97,110,185,84,85,89,87,71,51,90,191,142,168,94,54,96,81,145,33,100,101,102,98,139,105,163,107,158,30,64,111,76,134,74,173,116,10,42,22,40,197,43,95,1,125,132,127,128,129,18,131,148,133,103,92,136,137,39,194,146,141,31,147,144,121,162,143,109,149,78,151,152,130,113,155,17,21,108,159,160,86,140,106,164,80,166,167,93,178,170,75,172,79,69,88,24,177,169,179,180,157,182,27,195,83,186,187,119,72,124,91,5,193,19,184,70,104,171,9,];False
8335;8440;16775;[46,174,2,25,189,192,6,61,38,199,49,11,12,0,14,15,16,156,150,196,118,138,20,23,176,3,26,183,37,154,126,115,32,99,34,35,36,28,8,82,13,198,188,122,44,45,181,47,68,123,50,86,52,53,117,55,56,59,58,145,60,7,175,62,120,190,66,67,48,63,29,65,4,73,74,114,112,77,153,161,165,81,110,185,84,85,89,87,71,51,90,191,142,168,94,54,96,97,57,33,100,101,102,98,139,105,163,107,158,30,64,111,76,134,41,173,116,10,42,22,40,197,43,95,1,125,132,127,128,129,18,131,148,133,103,92,136,137,39,194,146,141,31,147,144,121,162,143,109,149,78,151,152,130,113,155,17,21,108,159,160,135,140,106,164,80,166,167,93,169,170,75,172,79,69,88,24,177,178,179,180,157,182,27,195,83,186,187,119,72,124,91,5,193,19,184,70,104,171,9,];False
8376;8398;16774;[46,174,2,25,189,192,6,61,38,199,49,11,12,0,14,15,16,156,150,196,118,138,20,23,176,3,26,183,37,154,126,115,32,99,34,35,36,28,8,82,13,198,188,122,44,45,181,47,68,123,50,86,52,53,117,55,56,59,58,57,60,7,175,62,120,190,66,67,48,63,29,65,4,73,41,114,112,77,153,161,165,97,110,185,84,85,89,87,71,51,90,191,142,168,94,54,96,81,145,33,100,101,102,98,139,105,163,107,158,30,64,119,76,134,74,173,116,10,42,22,40,197,43,95,1,125,132,127,128,129,18,131,148,133,103,92,136,137,39,194,146,141,31,147,144,121,162,143,109,149,78,151,152,130,113,155,17,21,108,159,160,135,140,106,164,80,166,167,93,178,170,75,172,79,69,88,24,177,169,179,180,157,182,27,195,83,186,187,111,72,124,91,5,193,19,184,70,104,171,9,];False
8531;8240;16771;[46,174,2,25,189,118,6,61,38,199,49,11,12,0,80,15,16,156,82,196,192,138,20,23,176,3,26,183,37,154,126,115,32,99,34,35,36,28,8,150,13,198,188,122,44,45,181,47,68,123,50,86,52,91,69,55,56,59,142,57,97,7,175,62,120,190,66,67,48,63,29,65,4,73,41,114,112,77,153,161,165,60,110,185,84,85,89,87,71,51,90,191,58,168,94,54,111,81,145,33,100,101,102,98,139,105,180,107,158,30,64,96,76,134,74,173,116,10,42,22,40,197,43,95,1,125,132,127,128,129,18,131,148,133,103,92,136,137,39,194,146,109,31,147,144,121,162,143,141,149,78,151,152,130,113,155,17,21,108,159,160,135,140,106,164,14,166,167,93,178,170,75,172,79,117,88,24,177,169,179,163,157,182,27,195,83,186,187,119,72,124,53,5,193,19,184,70,104,171,9,];False
8163;8605;16768;[0,175,2,25,189,5,6,61,38,199,49,11,12,181,14,15,16,156,150,196,20,138,118,23,24,3,26,183,37,154,126,115,32,99,34,35,36,28,8,82,13,198,188,122,44,45,46,47,68,123,50,86,52,53,117,55,56,59,58,57,60,7,174,62,120,190,66,67,48,63,29,71,4,73,74,114,112,77,153,161,80,81,110,83,84,85,89,87,1,51,90,191,142,168,94,54,96,97,145,33,100,101,102,98,139,105,163,107,158,148,64,111,76,134,41,173,129,10,42,22,40,197,43,95,124,125,132,127,128,116,18,131,30,133,103,92,136,137,157,194,146,141,31,143,144,121,162,147,109,149,78,151,152,130,113,155,17,21,108,159,160,135,140,106,164,165,166,167,93,169,170,75,172,79,69,88,176,177,178,179,180,39,182,27,195,185,186,187,119,72,65,91,192,193,19,184,70,104,171,9,];False
8511;8250;16761;[46,174,2,25,189,118,6,61,38,199,49,11,12,0,80,15,16,156,82,196,192,138,20,23,176,3,26,183,37,154,126,115,32,99,34,35,36,28,8,150,13,198,188,122,44,45,181,47,68,123,50,86,52,91,69,55,56,59,58,57,97,7,175,62,120,190,66,67,48,63,29,65,4,73,41,114,112,77,153,161,165,60,110,185,84,85,89,87,71,51,90,191,142,168,94,54,111,81,145,33,100,101,102,98,139,105,180,121,158,30,64,96,76,134,74,173,116,10,42,22,40,197,43,95,1,125,132,127,128,129,18,131,148,133,103,92,136,137,39,194,146,141,31,147,144,107,162,143,109,149,78,151,152,130,113,155,17,21,108,159,160,135,140,106,164,14,166,167,93,178,170,75,172,79,117,88,24,177,169,179,163,157,182,27,195,83,186,187,119,72,124,53,5,193,19,184,70,104,171,9,];False
8352;8406;16758;[46,174,2,25,189,192,6,61,38,199,49,11,12,0,14,15,16,156,150,196,118,138,20,23,176,3,26,183,37,154,126,115,32,99,34,35,36,28,8,82,13,198,188,122,44,45,81,47,68,123,50,86,52,53,117,55,56,59,58,57,60,7,175,62,120,190,66,67,48,63,29,65,4,73,41,114,112,77,153,161,165,97,110,185,84,85,89,87,71,51,90,191,142,168,94,54,96,181,145,33,100,101,102,98,139,105,163,107,158,30,64,111,76,134,74,173,116,10,42,22,40,197,43,95,1,125,132,127,128,129,18,131,148,133,103,92,136,137,39,194,146,141,31,147,144,121,162,143,109,149,78,151,152,130,113,155,17,21,108,159,160,135,140,106,164,80,166,167,93,178,170,75,172,79,69,88,24,177,169,179,180,157,182,27,195,83,186,187,119,72,124,91,5,193,19,184,70,104,171,9,];False
8332;8424;16756;[46,174,2,25,189,192,6,61,38,199,49,11,12,0,14,15,16,156,150,196,118,138,20,23,176,3,26,183,37,154,126,115,32,99,34,35,36,28,8,82,13,198,188,122,44,45,181,47,68,123,50,86,52,53,117,55,56,59,58,57,60,7,175,62,120,190,66,67,48,63,29,65,4,73,74,114,112,77,153,161,165,81,110,185,84,85,89,87,71,51,90,191,142,168,94,54,96,97,145,19,100,101,102,98,139,105,163,107,158,30,64,111,76,134,41,173,116,10,42,22,40,197,43,95,1,125,132,127,128,129,18,131,148,133,103,92,136,137,39,194,146,141,31,147,144,121,162,143,109,149,78,151,152,130,113,155,17,21,108,159,160,135,140,106,164,80,166,167,93,178,170,75,172,79,69,88,24,177,169,179,180,157,182,27,195,83,186,187,119,72,124,91,5,193,33,184,70,104,171,9,];False
8370;8376;16746;[46,174,2,25,189,192,6,61,38,199,49,11,12,0,14,15,16,156,150,196,118,138,20,23,176,3,26,183,37,154,126,115,32,99,34,35,36,28,8,82,13,198,188,122,44,45,181,47,68,123,50,86,52,53,117,55,56,59,58,57,60,7,175,62,120,190,66,67,48,63,29,65,4,73,41,114,112,77,153,161,165,97,110,185,84,85,89,87,71,51,90,191,142,168,94,54,111,81,145,33,100,101,102,98,139,105,163,107,158,30,64,96,76,134,74,173,116,10,42,22,40,197,43,95,1,125,132,127,128,129,18,131,148,133,103,92,136,137,39,194,146,141,31,147,144,121,162,143,109,149,78,151,152,130,113,155,17,21,108,159,160,135,140,106,164,80,166,167,93,178,170,75,172,79,69,88,24,177,169,179,180,157,182,27,195,83,186,187,119,72,124,91,5,193,19,184,70,104,171,9,];False
8375;8370;16745;[46,174,2,25,189,192,6,61,38,199,49,11,12,0,14,15,16,156,150,196,118,138,20,23,176,3,26,183,37,154,126,115,32,99,34,35,36,28,8,82,13,198,188,122,44,45,181,47,68,123,50,86,52,53,117,55,56,59,58,100,60,7,175,62,120,190,66,67,48,63,29,65,4,73,41,114,112,77,153,161,165,97,110,185,84,85,89,87,71,51,90,191,142,168,94,54,111,81,145,33,57,101,102,98,139,105,180,107,158,30,64,96,76,134,74,173,116,10,42,22,40,197,43,95,1,125,132,127,128,129,18,131,148,133,103,92,136,137,39,194,146,141,31,147,144,121,162,143,109,149,78,151,152,130,113,155,17,21,108,159,160,135,140,106,164,80,166,167,93,178,170,75,172,79,69,88,24,177,169,179,163,157,182,27,195,83,186,187,119,72,124,91,5,193,19,184,70,104,171,9,];False
8358;8386;16744;[46,174,2,25,189,192,6,61,38,199,49,11,12,0,14,15,16,156,150,196,118,138,181,23,176,3,26,183,37,154,126,115,32,99,34,35,36,28,8,82,13,198,188,122,44,45,20,47,68,123,50,86,52,53,117,55,56,59,58,57,60,7,175,62,120,190,66,67,48,63,29,65,4,73,41,114,112,77,153,161,165,97,110,185,84,85,89,87,71,51,90,191,142,168,94,54,111,81,145,33,100,101,102,98,139,105,180,107,158,30,64,96,76,134,74,173,116,10,42,22,40,197,43,95,1,125,132,127,128,129,18,131,148,133,103,92,136,137,39,194,146,141,31,147,144,121,162,143,109,149,78,151,152,130,113,155,17,21,108,159,160,135,140,106,164,80,166,167,93,178,170,75,172,79,69,88,24,177,169,179,163,157,182,27,195,83,186,187,119,72,124,91,5,193,19,184,70,104,171,9,];False
8469;8269;16738;[46,174,2,25,189,118,6,61,38,199,49,11,12,0,80,15,16,156,82,196,192,138,20,23,176,3,26,183,37,154,126,115,32,99,34,35,36,28,8,150,13,198,188,122,44,45,181,47,68,123,50,86,52,53,69,55,56,59,58,57,97,7,175,62,120,190,66,67,48,63,29,65,4,73,41,114,112,77,153,161,165,60,110,185,84,85,89,87,71,51,90,191,142,168,94,54,111,81,145,33,100,101,102,98,139,105,180,107,158,30,64,96,76,134,74,173,116,10,42,22,40,197,43,95,1,125,132,127,128,129,18,131,148,133,103,92,136,137,39,194,146,141,31,147,144,121,162,143,109,149,78,151,152,130,113,155,17,21,108,159,160,135,140,106,164,14,166,167,93,178,170,75,172,79,117,88,24,177,169,179,163,157,182,27,195,83,186,187,119,72,124,91,5,193,19,70,184,104,171,9,];False
8459;8276;16735;[46,174,2,25,189,118,6,61,38,199,49,11,12,0,80,15,16,156,82,196,192,138,20,23,176,3,26,183,37,154,126,115,32,99,34,35,36,28,8,150,13,198,188,122,44,45,181,47,68,123,50,86,52,91,69,55,56,59,58,57,97,7,175,62,120,190,66,67,48,63,29,65,4,73,41,114,112,77,153,161,165,60,110,185,84,85,89,87,71,51,90,191,142,168,94,54,111,81,145,33,100,101,102,98,139,105,180,107,158,30,64,96,76,134,74,173,116,10,42,22,40,197,43,95,1,125,132,127,128,129,18,131,148,133,75,92,136,137,39,194,146,141,31,147,144,121,162,143,109,149,78,151,152,130,113,155,17,21,108,159,160,135,140,106,164,14,166,167,93,178,170,103,172,79,117,88,24,177,169,179,163,157,182,27,195,83,186,187,119,72,124,53,5,193,19,184,70,104,171,9,];False
8331;8403;16734;[46,174,2,25,189,192,6,61,38,199,49,11,12,0,14,15,16,156,150,196,118,138,20,23,176,3,26,183,37,154,126,1,32,99,34,35,36,28,8,82,13,198,188,122,44,45,181,47,68,123,50,86,52,53,117,55,56,59,58,57,60,7,175,62,120,190,66,67,48,63,29,65,4,73,41,114,112,77,153,161,165,97,110,185,84,85,89,87,71,51,90,191,142,168,94,54,96,81,145,33,100,101,102,98,139,105,163,107,158,30,64,111,76,134,74,173,116,10,42,22,40,197,43,95,115,125,132,127,128,129,18,131,148,133,103,92,136,137,39,194,146,141,31,147,144,121,162,143,109,149,78,151,152,130,113,155,17,21,108,159,160,135,140,106,164,80,166,167,93,178,170,75,172,79,69,88,24,177,169,179,180,157,182,27,195,83,186,187,119,72,124,91,5,193,19,184,70,104,171,9,];False
8349;8382;16731;[46,174,2,25,189,192,6,61,38,199,49,11,12,0,14,15,16,156,150,196,118,138,20,23,176,3,26,183,37,154,126,115,32,99,34,35,36,28,8,82,13,198,188,122,44,45,181,47,68,123,50,86,52,53,117,55,56,59,58,57,60,7,175,62,120,190,66,67,48,63,29,65,4,73,41,114,112,77,153,161,165,97,110,185,84,85,89,87,71,51,90,191,142,168,94,54,96,81,145,33,100,101,102,98,139,105,163,107,158,30,64,111,76,134,74,173,116,10,42,22,40,197,43,95,1,125,132,127,128,129,18,131,148,133,103,92,136,137,39,194,146,141,31,147,144,121,162,143,109,149,78,151,152,130,113,155,17,21,108,159,160,135,140,106,164,80,166,167,93,178,170,75,172,79,69,88,24,177,169,179,180,157,182,27,195,83,186,187,119,72,124,91,5,193,19,184,70,104,171,9,];False
8539;8191;16730;[46,174,2,25,189,93,6,61,38,199,49,11,12,0,80,15,16,156,82,196,192,138,20,23,176,3,26,183,37,154,126,115,32,99,34,35,36,28,8,150,13,198,188,122,44,45,181,47,68,123,50,86,52,91,69,55,56,59,58,57,97,7,175,62,120,190,89,67,48,63,29,65,4,73,41,114,112,77,153,161,165,60,110,185,84,85,66,87,71,51,90,191,142,168,94,54,111,81,145,33,100,101,102,98,139,105,180,107,158,30,64,96,76,134,74,173,116,10,42,22,40,197,39,95,1,125,132,127,128,129,18,131,148,133,103,92,136,137,43,194,146,109,31,147,144,121,162,171,141,149,78,151,152,130,113,155,17,21,108,159,160,135,140,106,164,14,166,167,118,178,170,75,172,79,117,88,24,177,169,179,163,157,182,27,195,83,186,187,119,72,124,53,5,193,19,184,70,104,143,9,];False
8295;8434;16729;[46,174,2,25,189,192,6,61,38,199,49,11,12,0,14,15,16,156,150,196,118,138,20,23,176,3,26,183,37,154,126,115,32,99,34,35,36,28,8,82,13,198,188,122,44,45,181,47,68,123,50,86,52,53,117,55,56,59,58,57,60,7,175,62,120,190,66,67,48,63,29,65,4,73,74,114,112,77,153,161,165,81,110,185,84,85,89,78,71,51,90,191,142,168,94,54,96,97,145,33,100,101,102,98,139,105,163,107,158,30,64,111,76,134,41,173,116,10,42,22,40,197,43,95,1,125,132,127,128,129,18,131,148,133,103,92,136,137,39,194,146,141,31,147,144,121,162,143,109,149,87,151,152,130,113,155,17,21,108,159,160,135,140,106,164,80,166,167,93,178,170,75,172,79,69,88,24,177,169,179,180,157,182,27,195,83,186,187,119,72,124,91,5,193,19,184,70,104,171,9,];False
8203;8524;16727;[46,175,2,25,189,5,6,61,38,199,49,11,12,0,14,15,16,156,150,196,118,138,20,23,24,3,26,183,37,154,126,115,32,99,34,35,36,28,8,82,13,198,188,122,44,45,181,47,68,123,50,86,52,53,117,55,56,59,58,57,60,7,174,62,120,190,66,67,48,63,29,65,4,73,74,114,112,77,153,161,187,81,110,185,84,85,89,87,71,51,90,191,142,168,94,54,96,97,145,33,100,101,102,98,139,105,163,107,158,148,64,111,76,134,41,173,116,10,42,22,40,197,43,95,1,125,132,127,128,129,18,131,30,133,103,92,136,137,39,194,146,141,31,147,144,121,162,143,109,149,78,151,152,130,113,155,17,21,108,159,160,135,140,106,164,80,166,167,93,169,170,75,172,79,69,88,176,177,178,179,180,157,182,27,195,83,186,165,119,72,124,91,192,193,19,184,70,104,171,9,];False
8442;8285;16727;[46,174,2,25,189,118,6,61,38,199,49,11,12,0,80,15,16,156,155,196,192,138,20,23,176,3,26,183,37,154,126,115,32,99,34,35,36,28,8,150,13,198,188,122,44,45,181,47,68,123,50,86,52,91,69,55,56,59,58,57,97,7,175,62,120,190,66,67,48,63,29,65,4,73,41,114,112,77,153,161,165,60,110,185,84,85,89,87,71,51,90,191,142,168,94,54,111,81,145,33,100,101,102,98,139,105,180,107,158,30,64,96,76,134,74,173,116,10,42,22,40,197,43,95,1,125,132,127,128,129,18,131,148,133,103,92,136,137,39,194,146,141,31,147,144,121,162,143,109,149,78,151,152,130,113,82,17,21,108,159,160,135,140,106,164,14,166,167,93,178,170,75,172,79,117,88,24,177,169,179,163,157,182,27,195,83,186,187,119,72,124,53,5,193,19,184,70,104,171,9,];False
8408;8315;16723;[46,174,2,25,189,118,6,61,38,199,49,11,12,0,14,15,16,156,82,196,192,138,20,23,176,3,26,183,37,154,126,115,32,99,34,35,36,28,8,150,13,198,188,122,44,45,181,47,68,123,87,86,52,53,117,55,56,59,58,57,60,7,175,62,120,190,66,67,48,63,29,65,4,73,41,114,112,77,153,161,165,97,110,185,84,85,89,50,71,51,90,191,142,168,94,54,111,81,145,33,100,101,102,98,139,105,180,107,158,30,64,96,76,134,74,173,116,10,42,22,40,197,43,95,1,125,132,127,128,129,18,131,148,133,103,92,136,137,39,194,146,141,31,147,144,121,162,143,109,149,78,151,152,130,113,155,17,21,108,159,160,135,140,106,164,80,166,167,93,178,170,75,172,79,69,88,24,177,169,179,163,157,182,27,195,83,186,187,119,72,124,91,5,193,19,184,70,104,171,9,];False
8309;8406;16715;[46,174,2,25,189,192,6,61,38,199,49,11,12,0,14,15,16,156,150,196,118,138,20,23,176,3,26,183,37,154,126,115,32,99,34,35,36,28,8,82,13,198,188,122,44,45,181,47,68,123,50,86,52,53,117,55,56,59,58,57,60,7,175,62,120,190,66,67,48,63,29,65,4,73,74,114,112,77,153,161,165,81,110,185,84,85,89,87,71,51,90,191,142,168,94,54,96,97,145,33,100,101,102,98,139,105,163,107,158,30,64,111,76,134,41,173,116,10,42,22,40,197,43,95,1,125,132,127,128,129,18,131,148,133,103,92,136,137,39,194,146,141,31,147,144,121,162,143,109,149,78,151,152,130,113,155,17,21,108,159,160,135,140,106,164,80,166,167,93,178,170,75,172,79,69,88,24,177,169,179,180,157,182,27,195,83,186,187,119,72,124,91,5,193,19,184,70,104,171,9,];False
8312;8402;16714;[46,174,2,25,189,192,6,61,38,199,49,11,12,0,14,15,16,156,150,196,118,138,20,23,176,3,26,183,37,154,126,115,32,99,34,35,36,28,8,82,13,198,188,122,44,45,181,47,68,123,50,86,52,53,139,55,56,59,58,57,60,7,175,62,120,190,66,67,48,63,29,65,4,73,74,114,112,77,153,161,165,97,110,185,84,85,89,87,71,51,90,191,142,168,94,54,96,81,145,33,100,101,102,98,117,105,163,107,158,30,64,111,76,134,41,173,116,10,42,22,40,197,43,95,1,125,132,127,128,129,18,131,148,133,103,92,136,137,39,194,146,141,31,147,144,121,162,143,109,149,78,151,152,130,113,155,17,21,108,159,160,135,140,106,164,80,166,167,93,178,170,75,172,79,69,88,24,177,169,179,180,157,182,27,195,83,186,187,119,72,124,91,5,193,19,184,70,104,171,9,];False
8534;8178;16712;[46,174,2,25,189,118,6,61,38,199,49,11,12,0,80,15,16,156,82,196,192,138,20,23,176,3,26,183,37,154,126,115,32,99,34,35,36,28,8,150,13,198,188,122,44,45,181,47,68,123,50,86,52,91,69,55,56,59,58,57,97,7,175,62,120,190,89,67,48,63,29,65,4,73,41,114,112,77,153,161,165,60,110,185,84,85,66,87,71,51,90,191,197,168,94,54,111,81,145,33,100,101,102,98,139,105,180,107,158,30,64,96,76,134,74,173,116,10,42,22,40,142,39,95,1,125,132,127,128,129,18,131,148,133,103,92,136,137,43,194,146,109,31,147,93,121,162,171,141,149,78,151,152,130,113,155,17,21,108,159,160,135,140,106,164,14,166,167,144,178,170,75,172,79,117,88,24,177,169,179,163,157,182,27,195,83,186,187,119,72,124,53,5,193,19,184,70,104,143,9,];False
8422;8285;16707;[46,174,2,25,189,118,6,61,38,199,49,11,12,0,80,15,16,156,82,196,192,138,20,23,176,3,26,183,37,154,126,115,32,99,34,35,36,28,8,150,13,198,188,122,44,45,181,47,68,123,50,86,52,53,69,55,56,59,58,57,97,7,175,62,120,190,66,67,48,63,29,65,4,73,41,114,112,77,153,161,165,60,110,185,84,85,89,87,71,51,90,191,142,168,94,54,111,81,145,140,100,101,102,98,139,105,180,107,158,30,64,96,76,134,74,173,116,10,42,22,40,197,43,95,1,125,132,127,128,129,18,131,148,133,103,92,136,137,39,194,146,141,31,147,144,121,162,143,109,149,78,151,152,130,113,155,17,21,108,159,160,135,33,106,164,14,166,167,93,178,170,75,172,79,117,88,24,177,169,179,163,157,182,27,195,83,186,187,119,72,124,91,5,193,19,184,70,104,171,9,];False
8407;8293;16700;[46,174,2,25,189,118,6,90,38,199,49,11,12,0,80,15,16,156,82,196,192,138,20,23,176,3,26,183,37,154,126,115,32,99,34,35,36,28,8,150,13,198,188,122,44,45,181,47,68,123,50,86,52,91,69,55,56,59,58,57,97,7,175,62,120,190,66,67,48,63,29,65,4,73,41,114,112,77,153,161,165,60,110,185,84,85,89,87,71,51,61,191,142,168,94,54,111,81,145,33,100,101,102,98,139,105,180,107,158,30,64,96,76,134,74,173,116,10,42,22,40,197,43,95,1,125,132,127,128,129,18,131,148,133,103,92,136,137,39,194,146,141,31,147,144,121,162,143,109,149,78,151,152,130,113,155,17,21,108,159,160,135,140,106,164,14,166,167,93,178,170,75,172,79,117,88,24,177,169,179,163,157,182,27,195,83,186,187,119,72,124,53,5,193,19,184,70,104,171,9,];False
8317;8377;16694;[46,174,2,25,189,192,6,61,38,199,49,11,12,0,14,15,16,156,150,196,172,138,20,23,176,3,26,183,37,154,126,115,32,99,34,35,36,28,8,82,13,198,188,122,44,45,181,47,68,123,50,86,52,53,117,55,56,59,58,57,60,7,175,62,120,190,66,67,48,63,29,65,4,73,41,114,112,77,153,161,165,97,110,185,84,85,89,87,71,51,90,191,142,168,94,54,111,81,145,33,100,101,102,98,139,105,180,107,158,30,64,96,76,134,74,173,116,10,42,22,40,197,43,95,1,125,132,127,128,129,18,131,148,133,103,92,136,137,39,194,146,141,31,147,144,121,162,143,109,149,78,151,152,130,113,155,17,21,108,159,160,135,140,106,164,80,166,167,93,178,170,75,118,79,69,88,24,177,169,179,163,157,182,27,195,83,186,187,119,72,124,91,5,193,19,184,70,104,171,9,];False
8255;8438;16693;[151,174,2,25,189,192,6,61,38,199,49,11,12,0,14,15,16,156,150,196,118,138,20,23,176,3,26,183,37,154,126,115,32,99,34,35,36,28,8,82,13,198,188,122,44,45,181,47,68,123,50,86,52,53,117,55,56,59,58,57,60,7,175,62,120,190,66,67,48,63,29,65,4,73,41,114,112,77,153,161,165,97,110,185,84,85,89,87,71,51,90,191,142,168,94,54,96,81,145,33,100,101,102,98,139,105,163,107,158,30,64,111,76,134,74,173,116,10,42,22,40,197,43,95,1,125,132,127,128,129,18,131,148,133,103,92,136,137,39,194,146,141,31,147,144,121,162,143,109,149,78,46,152,130,113,155,17,21,108,159,160,135,140,106,164,80,166,167,93,178,170,75,172,79,69,88,24,177,169,179,180,157,182,27,195,83,186,187,119,72,124,91,5,193,19,184,70,104,171,9,];False
8533;8160;16693;[46,174,2,25,189,118,6,61,38,199,49,11,12,0,80,15,16,156,82,196,192,138,20,23,176,3,26,183,37,154,126,115,32,99,34,35,36,28,8,150,13,198,188,122,44,45,181,47,68,123,50,86,52,91,69,55,56,59,58,57,97,7,175,62,120,190,66,67,48,63,29,65,4,73,41,114,112,77,153,161,165,60,110,185,84,85,89,87,71,51,90,191,142,168,94,54,111,81,145,33,100,101,102,98,139,105,180,107,158,30,64,96,76,134,74,173,116,10,42,22,40,197,43,95,1,125,132,127,128,129,18,131,148,133,103,92,136,137,39,194,146,109,31,147,144,121,162,171,141,149,78,151,152,130,113,155,17,21,108,159,160,135,140,106,164,14,166,167,93,178,170,75,172,79,117,88,24,177,169,179,163,157,182,27,195,83,186,187,119,72,124,53,5,193,19,184,70,104,143,9,];False
8257;8435;16692;[46,174,2,25,189,192,6,61,38,199,49,11,12,0,14,187,16,156,150,196,118,138,20,23,176,3,26,183,37,154,126,115,32,99,34,35,36,28,8,82,13,198,188,122,44,45,181,47,68,123,50,86,52,53,117,55,56,59,58,57,60,7,175,62,120,190,66,67,48,63,29,65,4,73,41,114,112,77,153,161,165,97,110,185,84,85,89,87,71,51,90,191,142,168,94,54,96,81,145,33,100,101,102,98,139,105,163,107,158,30,64,111,76,134,74,173,116,10,42,22,40,197,43,95,1,125,132,127,128,129,18,131,148,133,103,92,136,137,39,194,146,141,31,147,144,121,162,143,109,149,78,151,152,130,113,155,17,21,108,159,160,135,140,106,164,80,166,167,93,178,170,75,172,79,69,88,24,177,169,179,180,157,182,27,195,83,186,15,119,72,124,91,5,193,19,184,70,104,171,9,];False
8301;8391;16692;[46,174,2,25,189,192,6,61,38,199,49,11,12,0,14,15,16,156,150,196,118,138,20,23,176,3,26,183,37,154,126,115,32,99,34,35,36,28,8,82,13,198,188,122,44,45,181,47,68,123,50,86,52,53,117,55,56,59,58,57,60,7,175,62,120,190,66,67,48,63,29,65,4,73,74,114,112,77,153,161,165,97,110,185,84,85,89,87,71,51,90,191,142,168,94,54,96,81,145,33,100,101,102,98,139,105,163,107,158,30,64,111,76,134,41,173,116,10,42,22,40,197,43,95,1,125,132,127,128,129,18,131,148,133,103,92,136,137,39,194,146,141,31,147,144,121,162,143,109,149,78,151,152,130,113,155,17,21,108,159,160,135,140,106,164,80,166,167,93,178,170,75,172,79,69,88,24,177,169,179,180,157,182,27,195,83,186,187,119,72,124,91,5,193,19,184,70,104,171,9,];False
8518;8173;16691;[46,174,2,25,189,118,98,61,38,199,49,11,12,0,80,15,16,156,82,196,192,138,20,23,176,3,26,183,37,154,126,115,32,99,34,35,36,28,8,150,13,198,188,122,44,45,181,47,68,123,50,86,52,91,69,55,56,59,58,57,97,7,175,62,120,190,66,67,48,63,29,65,4,73,41,114,112,77,153,161,165,60,110,185,84,85,89,87,71,51,90,191,142,168,94,54,111,81,145,33,100,101,102,6,139,105,180,107,158,30,64,96,76,134,74,173,116,10,42,22,40,197,39,95,1,125,132,127,128,129,18,131,148,133,103,92,136,137,43,194,146,109,31,147,144,121,162,171,141,149,78,151,152,130,113,155,17,21,108,159,160,135,140,106,164,14,166,167,93,178,170,75,172,79,117,88,24,177,169,179,163,157,182,27,195,83,186,187,119,72,124,53,5,193,19,184,70,104,143,9,];False
8471;8219;16690;[46,174,2,25,189,118,6,61,38,199,49,11,12,0,80,15,16,156,82,196,192,138,20,23,176,3,26,183,37,154,126,115,32,99,34,35,36,28,8,150,13,198,188,122,44,45,181,47,68,123,50,86,52,91,69,55,56,59,58,57,97,7,175,62,120,190,66,67,48,63,29,65,4,73,41,114,112,77,153,161,165,60,110,185,84,85,89,87,71,51,90,191,142,168,94,54,111,81,145,33,100,101,102,98,139,105,180,107,158,30,64,96,76,134,74,173,116,10,42,22,40,197,43,95,1,125,132,127,128,129,18,131,148,133,103,92,9,137,39,194,146,109,31,147,144,121,162,143,141,149,78,151,152,130,113,155,17,21,108,159,160,135,140,106,164,14,166,167,93,178,170,75,172,79,117,88,24,177,169,179,163,157,182,27,195,83,186,187,119,72,124,53,5,193,19,184,70,104,171,136,];False
8468;8213;16681;[46,174,2,25,189,118,6,61,38,199,49,11,12,0,80,15,16,156,82,196,192,138,20,23,176,3,26,183,37,154,126,115,32,99,34,35,36,28,8,150,13,198,188,122,44,45,181,47,68,123,50,86,52,91,69,55,56,59,58,57,97,7,175,62,120,29,66,67,48,63,190,65,4,73,41,114,112,77,153,161,165,60,110,185,84,85,89,87,71,51,90,191,142,168,94,54,111,81,145,33,100,101,102,98,139,105,180,107,158,30,64,96,76,134,74,173,116,10,42,22,40,197,43,95,1,125,132,127,128,129,18,131,148,133,103,92,136,137,39,194,146,109,31,147,144,121,162,143,141,149,78,151,152,130,113,155,17,21,108,159,160,135,140,106,164,14,166,167,93,178,170,75,172,79,117,88,24,177,169,179,163,157,182,27,195,83,186,187,119,72,124,53,5,193,19,184,70,104,171,9,];False
8323;8357;16680;[46,174,167,25,189,192,6,61,38,199,49,11,12,0,14,15,16,156,150,196,118,138,20,23,176,3,26,183,37,154,126,115,32,99,34,35,36,28,8,82,13,198,188,122,44,45,181,47,68,123,50,86,52,53,117,55,56,59,58,57,60,7,175,62,120,190,66,67,48,63,29,65,4,73,41,114,112,77,153,161,165,97,110,185,84,85,89,87,71,51,90,191,142,168,94,54,111,81,145,33,100,101,102,98,139,105,180,107,158,30,64,96,76,134,74,173,116,10,42,22,40,197,43,95,1,125,132,127,128,129,18,131,148,133,103,92,136,137,39,194,146,141,31,147,144,121,162,143,109,149,78,151,152,130,113,155,17,21,108,159,160,135,140,106,164,80,166,2,93,178,170,75,172,79,69,88,24,177,169,179,163,157,182,27,195,83,186,187,119,72,124,91,5,193,19,184,70,104,171,9,];False
8320;8360;16680;[46,174,2,25,189,192,6,159,38,199,49,11,12,0,14,15,16,156,150,196,118,138,20,23,176,3,26,183,37,154,126,115,32,99,34,35,36,28,8,82,13,198,188,122,44,45,181,47,68,123,50,86,52,53,117,55,56,59,58,57,60,7,175,62,120,190,66,67,48,63,29,65,4,73,41,114,112,77,153,161,165,97,110,185,84,85,89,87,71,51,90,191,142,168,94,54,111,81,145,33,100,101,102,98,139,105,180,107,158,30,64,96,76,134,74,173,116,10,42,22,40,197,43,95,1,125,132,127,128,129,18,131,148,133,103,92,136,137,39,194,146,141,31,147,144,121,162,143,109,149,78,151,152,130,113,155,17,21,108,61,160,135,140,106,164,80,166,167,93,178,170,75,172,79,69,88,24,177,169,179,163,157,182,27,195,83,186,187,119,72,124,91,5,193,19,184,70,104,171,9,];False
8403;8276;16679;[46,174,2,25,189,118,6,61,38,199,49,11,12,0,80,15,16,156,82,196,192,138,20,23,176,3,26,183,37,154,126,36,32,99,34,35,115,28,8,150,13,198,188,122,44,45,181,47,68,123,50,86,52,53,69,55,56,59,58,57,97,7,175,62,120,190,66,67,48,63,29,65,4,73,41,114,112,77,153,161,165,60,110,185,84,85,89,87,71,51,90,191,142,168,94,54,111,81,145,33,100,101,102,98,139,105,180,107,158,30,64,96,76,134,74,173,116,10,42,22,40,197,43,95,1,125,132,127,128,129,18,131,148,133,103,92,136,137,39,194,146,141,31,147,144,121,162,143,109,149,78,151,152,130,113,155,17,21,108,159,160,135,140,106,164,14,166,167,93,178,170,75,172,79,117,88,24,177,169,179,163,157,182,27,195,83,186,187,119,72,124,91,5,193,19,184,70,104,171,9,];False
8403;8276;16679;[46,174,2,25,189,118,6,61,38,199,49,11,12,0,80,15,16,156,82,196,192,138,20,23,176,3,26,183,37,154,126,115,32,99,34,35,36,28,8,150,13,198,188,122,44,45,181,47,68,123,50,86,52,53,69,55,56,59,58,57,97,7,175,62,120,190,66,67,48,63,29,65,4,73,41,114,112,77,153,161,165,60,110,185,84,85,89,87,71,51,90,191,142,168,94,54,111,81,145,33,100,101,102,98,139,105,180,107,158,30,64,96,76,134,74,173,116,10,42,22,40,197,43,95,1,125,132,127,128,129,18,131,148,133,103,92,136,137,39,194,146,141,31,147,144,121,162,143,109,149,78,151,152,130,113,155,17,21,108,159,160,135,140,106,164,14,166,167,93,178,170,75,172,79,117,88,24,177,169,179,163,157,182,27,195,83,186,187,119,72,124,91,5,70,19,184,193,104,171,9,];False
8328;8346;16674;[46,174,50,25,189,118,6,61,38,199,49,11,12,0,14,15,16,156,82,196,192,138,20,23,176,3,26,183,37,154,126,115,32,99,34,35,36,28,8,150,13,198,188,122,44,45,181,47,68,123,2,86,52,53,117,55,56,59,58,57,60,7,175,62,120,190,66,67,48,63,29,65,4,73,41,114,112,77,153,161,165,97,110,185,84,85,89,87,71,51,90,191,142,168,94,54,111,81,145,33,100,101,102,98,139,105,180,107,158,30,64,96,76,134,74,173,116,10,42,22,40,197,43,95,1,125,132,127,128,129,18,131,148,133,103,92,136,137,39,194,146,141,31,147,144,121,162,143,109,149,78,151,152,130,113,155,17,21,108,159,160,135,140,106,164,80,166,167,93,178,170,75,172,79,69,88,24,177,169,179,163,157,182,27,195,83,186,187,119,72,124,91,5,193,19,184,70,104,171,9,];False
8514;8159;16673;[46,174,2,25,189,118,6,61,38,199,49,11,12,0,80,15,16,156,82,196,192,138,20,23,176,3,26,183,37,154,126,115,32,99,34,35,36,28,8,150,13,198,188,122,44,45,181,47,68,123,50,86,52,91,69,55,56,59,58,57,97,7,175,62,120,190,66,67,48,63,29,65,4,73,41,114,112,77,153,161,165,60,110,185,84,85,89,87,71,51,90,191,142,168,94,54,111,81,145,33,100,101,102,98,139,105,180,107,158,30,64,96,76,134,74,173,116,10,42,22,40,197,39,95,1,125,132,127,128,129,18,131,148,133,103,92,136,137,43,194,146,109,31,147,144,121,162,171,141,149,78,151,152,130,113,155,17,21,108,159,160,135,140,106,164,14,166,167,93,178,170,75,172,79,117,88,24,177,169,179,163,157,182,27,195,83,186,187,119,72,124,53,5,193,19,184,70,104,143,9,];False
8479;8192;16671;[46,174,2,25,189,118,6,61,38,199,49,11,12,0,80,15,16,156,82,196,192,138,20,23,176,3,26,183,37,154,126,115,32,99,34,35,36,28,8,150,13,198,188,122,44,45,181,47,68,123,50,86,52,91,69,55,56,59,58,57,97,7,175,62,120,190,89,67,48,63,29,65,4,73,41,114,112,77,153,161,165,60,110,185,84,85,66,87,106,51,90,191,142,168,94,54,111,81,145,33,100,101,102,98,139,105,180,107,158,30,64,96,76,134,74,173,116,10,42,22,40,197,39,95,1,125,132,127,128,129,18,131,148,133,103,92,136,137,43,194,146,109,31,147,144,121,162,171,141,149,78,151,152,130,113,155,17,21,108,159,160,135,140,71,164,14,166,167,93,178,170,75,172,79,117,88,24,177,169,179,163,157,182,27,195,83,186,187,119,72,124,53,5,193,19,184,70,104,143,9,];False
8470;8198;16668;[46,174,2,25,189,118,6,61,38,199,49,11,12,0,80,15,16,156,82,196,192,138,20,23,176,3,26,183,37,154,126,115,32,99,34,35,36,28,8,150,13,198,188,122,44,45,181,47,68,123,50,86,52,91,69,55,56,59,58,57,97,7,175,62,120,190,66,67,48,63,29,65,4,73,41,114,112,77,153,161,165,60,110,185,84,85,89,87,71,51,90,191,142,168,94,54,111,81,145,33,100,101,102,98,139,105,180,107,158,30,64,96,76,134,74,173,116,10,42,22,40,197,43,95,1,125,132,127,128,129,18,131,148,133,103,92,136,137,39,194,146,109,31,147,144,121,162,143,141,149,78,151,152,130,113,155,17,21,108,159,160,135,140,106,164,14,166,167,93,178,170,75,172,79,117,88,24,177,169,179,163,157,182,27,195,83,186,187,119,72,124,53,5,193,19,184,70,104,171,9,];False
8390;8273;16663;[46,174,2,151,189,118,6,61,38,199,49,11,12,0,80,15,16,156,82,196,192,138,20,23,176,3,26,183,37,154,126,115,32,99,34,35,36,28,8,150,13,198,188,122,44,45,181,47,68,123,50,86,52,53,69,55,56,59,58,57,97,7,175,62,120,190,66,67,48,63,29,65,4,73,41,114,112,77,153,161,165,60,110,185,84,85,89,87,71,51,90,191,142,168,94,54,111,81,145,33,100,101,102,98,139,105,180,107,158,30,64,96,76,134,74,173,116,10,42,22,40,197,43,95,1,125,132,127,128,129,18,131,148,133,103,92,136,137,39,194,146,141,31,147,144,121,162,143,109,149,78,25,152,130,113,155,17,21,108,159,160,135,140,106,164,14,166,167,93,178,170,75,172,79,117,88,24,177,169,179,163,157,182,27,195,83,186,187,119,72,124,91,5,193,19,184,70,104,171,9,];False
8319;8344;16663;[46,174,2,25,189,192,6,61,38,199,49,11,12,0,14,15,16,156,150,196,118,138,20,23,176,3,26,183,37,154,126,115,32,99,34,35,36,28,8,82,13,198,188,122,44,45,181,47,68,123,50,86,52,53,117,55,56,59,58,57,60,7,175,62,120,190,66,67,48,63,29,65,4,73,41,114,112,77,153,161,165,97,110,185,84,85,89,87,71,51,90,191,142,168,94,54,111,81,145,33,100,101,102,98,139,105,180,107,158,30,64,96,76,134,74,173,116,10,42,22,40,197,43,95,1,125,132,127,128,129,18,131,148,133,103,92,136,137,39,194,146,141,31,147,144,121,162,143,109,149,78,151,152,130,113,155,17,21,108,159,160,135,140,106,164,80,166,167,93,178,170,75,172,79,69,88,24,177,169,179,163,157,182,27,195,83,186,187,119,72,124,91,5,193,19,184,70,104,171,9,];False
8344;8316;16660;[46,174,2,25,189,118,6,61,38,199,49,11,12,0,14,15,16,156,82,196,192,138,20,133,176,3,26,183,37,154,126,115,32,99,34,35,36,28,8,150,13,198,188,122,44,45,181,47,68,123,50,86,52,53,117,55,56,59,58,57,60,7,175,62,120,190,66,67,48,63,29,65,4,73,41,114,112,77,153,161,165,97,110,185,84,85,89,87,71,51,90,191,142,168,94,54,111,81,145,33,100,101,102,98,139,105,180,107,158,30,64,96,76,134,74,173,116,10,42,22,40,197,43,95,1,125,132,127,128,129,18,131,148,23,103,92,136,137,39,194,146,141,31,147,144,121,162,143,109,149,78,151,152,130,113,155,17,21,108,159,160,135,140,106,164,80,166,167,93,178,170,75,172,79,69,88,24,177,169,179,163,157,182,27,195,83,186,187,119,72,124,91,5,193,19,184,70,104,171,9,];False
8351;8308;16659;[46,174,2,25,189,192,6,61,38,199,49,11,12,0,14,15,16,156,82,196,118,138,20,23,176,3,26,183,37,154,126,115,32,99,34,35,36,28,8,150,13,198,188,122,44,45,181,47,68,123,50,86,52,53,117,55,56,59,58,57,60,7,175,62,120,190,66,67,48,63,29,65,4,73,41,114,112,77,153,161,165,97,110,185,84,85,89,87,71,51,90,191,142,168,94,54,111,81,145,33,100,101,102,98,139,105,180,107,158,30,64,96,76,134,74,173,116,10,42,22,40,197,43,95,1,125,132,127,128,129,18,131,148,133,103,92,136,137,39,194,146,141,31,147,144,121,162,143,109,149,78,151,152,130,113,155,17,21,108,159,160,135,140,106,164,80,166,167,93,178,170,75,172,79,69,88,24,177,169,179,163,157,182,27,195,83,186,187,119,72,124,91,5,193,19,184,70,104,171,9,];False
8479;8170;16649;[46,174,2,25,189,118,6,61,38,199,49,11,12,75,80,15,16,156,82,196,192,138,20,23,176,3,26,183,37,154,126,115,32,99,34,35,36,28,8,150,13,198,188,122,44,45,181,47,68,123,50,86,52,91,69,55,56,59,58,57,97,7,175,62,120,190,89,67,48,63,29,65,4,73,41,114,112,77,153,161,165,60,110,185,84,85,66,87,71,51,90,191,142,168,94,54,111,81,145,33,100,101,102,98,139,105,180,107,158,30,64,96,76,134,74,173,116,10,42,22,40,197,39,95,1,125,132,127,128,129,18,131,148,133,103,92,136,137,43,194,146,109,31,147,144,121,162,171,141,149,78,151,152,130,113,155,17,21,108,159,160,135,140,106,164,14,166,167,93,178,170,0,172,79,117,88,24,177,169,179,163,157,182,27,195,83,186,187,119,72,124,53,5,193,19,184,70,104,143,9,];False
8308;8339;16647;[46,174,2,25,189,118,6,61,38,199,49,11,12,0,80,15,16,156,82,196,192,138,20,23,176,3,26,183,37,154,126,115,32,99,34,35,36,28,8,150,13,198,188,122,44,45,181,47,68,123,50,86,52,53,69,55,56,59,58,57,97,7,175,62,120,190,66,67,48,63,29,65,4,73,41,114,112,77,153,161,165,60,110,185,84,85,89,87,71,51,90,191,142,168,94,54,111,81,145,33,100,101,102,98,139,105,180,107,158,30,64,96,76,134,74,173,116,10,42,22,40,197,43,95,1,125,132,127,128,129,18,131,148,133,103,92,136,137,39,194,146,141,31,147,144,121,162,143,109,149,78,151,152,130,113,155,17,21,108,159,160,135,140,119,164,14,166,167,93,178,170,75,172,79,117,88,24,177,169,179,163,157,182,27,195,83,186,187,106,72,124,91,5,193,19,184,70,104,171,9,];False
8363;8282;16645;[46,174,2,25,189,118,6,61,38,199,49,11,12,0,80,15,16,156,82,196,192,138,20,23,176,3,26,183,37,154,126,115,32,99,34,35,36,28,8,150,13,198,188,122,44,45,181,47,68,123,50,86,52,91,69,55,56,59,58,57,97,7,175,62,120,190,66,67,48,63,29,65,4,73,41,114,112,77,30,161,165,60,110,185,84,85,89,87,71,51,90,191,142,168,94,54,111,81,145,33,100,101,102,98,139,105,180,107,158,153,64,96,76,134,74,173,116,10,42,22,40,197,43,95,1,125,132,127,128,129,18,131,148,133,103,92,136,137,39,194,146,141,31,147,144,121,162,143,109,149,78,151,152,130,113,155,17,21,108,159,160,135,140,106,164,14,166,167,93,178,170,75,172,79,117,88,24,177,169,179,163,157,182,27,195,83,186,187,119,72,124,53,5,193,19,184,70,104,171,9,];False
8377;8267;16644;[46,174,2,25,189,118,6,61,38,199,49,11,12,0,80,15,16,156,82,196,192,138,20,23,176,3,26,183,37,154,126,115,32,99,34,35,36,28,8,150,13,198,188,122,44,45,181,47,68,123,50,86,52,53,69,55,56,59,58,57,97,7,175,62,120,190,66,67,48,63,29,65,4,73,41,114,112,77,153,161,165,195,110,185,84,85,89,87,71,51,90,191,142,168,94,54,111,81,145,33,100,101,102,98,139,105,180,107,158,30,64,96,76,134,74,173,116,10,42,22,40,197,43,95,1,125,132,127,128,129,18,131,148,133,103,92,136,137,39,194,146,141,31,147,144,121,162,143,109,149,78,151,152,130,113,155,17,21,108,159,160,135,140,106,164,14,166,167,93,178,170,75,172,79,117,88,24,177,169,179,163,157,182,27,60,83,186,187,119,72,124,91,5,193,19,184,70,104,171,9,];False
8400;8237;16637;[46,174,2,25,189,118,6,61,38,199,49,11,12,0,80,15,16,156,82,196,192,138,20,23,176,3,26,183,37,154,126,115,32,99,34,35,36,28,8,150,13,198,188,122,44,45,181,47,68,123,50,86,52,91,69,55,56,59,58,57,97,7,175,62,120,190,66,67,48,63,29,65,4,73,41,114,112,77,153,161,165,60,110,185,84,85,89,87,71,51,90,191,142,168,94,54,111,81,145,33,100,101,102,98,139,105,180,107,158,30,64,96,76,134,74,173,116,10,42,22,40,197,43,95,1,125,132,127,128,129,18,131,148,133,103,92,136,137,39,194,146,141,31,147,144,121,162,143,109,149,78,151,152,130,113,155,17,21,108,159,160,135,140,106,164,14,166,167,93,178,170,75,172,79,117,88,24,177,169,179,163,157,182,27,195,83,186,187,119,72,124,53,5,193,19,184,70,104,171,9,];False
8417;8218;16635;[46,174,2,25,189,118,6,61,38,199,49,11,12,0,80,15,16,156,82,196,192,138,20,23,176,3,26,183,37,154,126,115,32,99,34,35,36,28,8,150,13,24,188,122,44,45,181,47,68,123,50,86,52,91,69,55,56,59,58,57,97,7,175,62,120,190,89,67,48,63,29,65,4,73,41,114,112,77,153,161,165,60,110,185,84,85,66,87,71,51,90,191,142,168,94,54,111,81,145,33,100,101,102,98,139,105,180,107,158,30,64,96,76,134,74,173,116,10,42,22,40,197,39,95,1,125,132,127,128,129,18,131,148,133,103,92,136,137,43,194,146,109,31,147,144,121,162,171,141,149,78,151,152,130,113,155,17,21,108,159,160,135,140,106,164,14,166,167,93,178,170,75,172,79,117,88,198,177,169,179,163,157,182,27,195,83,186,187,119,72,124,53,5,193,19,184,70,104,143,9,];False
8301;8333;16634;[46,174,2,25,189,118,6,61,38,199,49,11,12,0,14,15,16,156,82,196,192,138,20,23,176,3,26,183,37,154,126,115,32,99,34,35,36,28,8,150,13,198,188,122,44,45,181,47,68,123,50,86,52,53,117,55,56,59,58,57,60,7,175,62,120,190,66,67,48,63,29,65,4,73,41,114,112,77,146,161,165,97,110,185,84,85,89,87,71,51,90,191,142,168,94,54,111,81,145,33,100,101,102,98,139,105,180,107,158,30,64,96,76,134,74,173,116,10,42,22,40,197,43,95,1,125,132,127,128,129,18,131,148,133,103,92,136,137,39,194,153,141,31,147,144,121,162,143,109,149,78,151,152,130,113,155,17,21,108,159,160,135,140,106,164,80,166,167,93,178,170,75,172,79,69,88,24,177,169,179,163,157,182,27,195,83,186,187,119,72,124,91,5,193,19,184,70,104,171,9,];False
8361;8272;16633;[46,174,2,25,189,118,6,61,38,199,49,11,12,0,80,15,16,156,82,196,192,138,20,23,176,3,26,183,37,154,126,115,32,99,34,35,36,28,8,150,13,198,188,122,44,45,181,47,68,123,50,86,52,91,69,55,56,59,58,57,97,7,175,62,120,190,66,67,48,63,29,65,4,73,41,114,112,77,153,161,165,60,110,185,84,85,89,87,71,51,90,191,142,168,94,54,111,81,145,33,100,101,102,98,139,105,180,107,158,30,64,96,76,134,74,173,116,10,42,22,40,197,43,95,1,125,132,127,128,129,18,131,148,133,103,92,136,137,39,194,146,141,31,147,144,121,162,143,109,149,78,151,152,130,113,155,17,21,108,159,160,135,140,106,164,14,166,167,93,178,170,75,172,79,117,88,83,177,169,179,163,157,182,27,195,24,186,187,119,72,124,53,5,193,19,184,70,104,171,9,];False
8355;8275;16630;[46,174,2,25,189,118,6,61,38,199,49,11,12,0,80,15,16,156,82,196,192,138,20,23,176,3,26,183,37,154,126,115,32,99,34,35,36,28,8,150,13,198,188,122,44,45,181,47,68,123,50,86,52,53,117,55,56,59,58,57,60,7,175,62,120,190,66,67,48,63,29,65,4,73,41,114,112,77,153,161,165,97,110,185,84,85,89,87,71,51,90,191,142,168,94,54,111,81,145,33,100,101,102,98,139,105,180,107,158,30,64,96,76,134,74,173,116,10,42,22,40,197,43,95,1,125,132,127,128,129,18,131,148,133,103,92,136,137,39,194,146,141,31,147,144,121,162,143,109,149,78,151,152,130,113,155,17,21,108,159,160,135,140,106,164,14,166,167,93,178,170,75,172,79,69,88,24,177,169,179,163,157,182,27,195,83,186,187,119,72,124,91,5,193,19,184,70,104,171,9,];False
8354;8273;16627;[46,174,2,25,189,118,6,61,38,199,49,11,12,0,80,15,16,156,82,186,192,138,20,23,176,3,26,183,37,154,126,115,32,99,34,35,36,28,8,150,13,198,188,122,44,45,181,47,68,123,50,86,52,53,69,55,56,59,58,57,97,7,175,62,120,190,66,67,48,63,29,65,4,73,41,114,112,77,153,161,165,60,110,185,84,85,89,87,71,51,90,191,142,168,94,54,111,81,145,33,100,101,102,98,139,105,180,107,158,30,64,96,76,134,74,173,116,10,42,22,40,197,43,95,1,125,132,127,128,129,18,131,148,133,103,92,136,137,39,194,146,141,31,147,144,121,162,143,109,149,78,151,152,130,113,155,17,21,108,159,160,135,140,106,164,14,166,167,93,178,170,75,172,79,117,88,24,177,169,179,163,157,182,27,195,83,196,187,119,72,124,91,5,193,19,184,70,104,171,9,];False
8405;8221;16626;[46,174,2,25,189,118,6,61,38,199,49,11,12,0,80,15,16,156,82,196,192,138,20,23,176,3,26,183,37,154,126,115,32,99,34,35,145,28,8,150,13,198,188,122,44,45,181,47,68,123,50,86,52,91,69,55,56,59,58,57,97,7,175,62,120,190,89,67,48,63,29,65,4,73,41,114,112,77,153,161,165,60,110,185,84,85,66,87,71,51,90,191,197,168,94,54,111,81,36,33,100,101,102,98,186,105,180,107,158,30,64,96,76,134,74,173,116,10,42,22,40,142,39,95,1,125,132,127,128,129,18,131,148,133,103,92,136,137,43,194,146,109,31,147,144,121,162,171,141,149,78,151,152,130,113,155,17,21,108,159,160,135,140,106,164,14,166,167,93,178,170,75,172,79,117,88,24,177,169,179,163,157,182,27,195,83,139,187,119,72,124,53,5,193,19,184,70,104,143,9,];False
8467;8158;16625;[46,174,2,25,189,118,6,61,38,199,49,11,12,0,80,15,16,156,82,196,192,138,20,23,176,3,26,183,37,154,126,115,32,99,34,35,36,28,8,150,13,198,188,122,44,45,181,47,68,123,50,86,52,91,69,55,56,59,58,57,97,7,175,62,120,190,89,67,48,63,29,65,4,73,41,114,112,77,153,161,165,60,110,185,84,85,66,87,71,51,90,191,142,168,94,54,111,81,145,33,100,101,102,98,139,105,180,107,158,30,64,96,76,134,74,173,116,10,42,22,40,197,39,95,1,125,132,127,128,129,18,131,148,133,103,92,136,137,43,194,146,109,31,147,144,121,162,171,141,149,78,151,152,130,113,155,17,21,108,159,160,135,140,106,164,14,166,167,93,178,170,75,172,79,117,88,24,177,169,179,163,157,182,27,195,83,186,187,119,72,124,53,5,193,19,184,70,104,143,9,];False
8399;8226;16625;[46,174,2,25,189,118,6,61,38,199,49,11,12,0,80,56,16,156,82,196,192,138,20,23,176,3,26,183,37,154,126,115,32,99,34,35,36,28,8,150,13,198,188,122,44,45,181,47,68,123,50,86,52,91,69,55,15,59,58,57,97,7,175,62,120,190,66,67,48,63,29,65,4,73,41,114,112,77,153,161,165,60,110,185,84,85,89,87,71,51,90,191,142,168,94,54,111,81,145,33,100,101,102,98,139,105,180,107,158,30,64,96,76,134,74,173,116,10,42,22,40,197,43,95,1,125,132,127,128,129,18,131,148,133,103,92,136,137,39,194,146,109,31,147,144,121,162,143,141,149,78,151,152,130,113,155,17,21,108,159,160,135,140,106,164,14,166,167,93,178,170,75,172,79,117,88,24,177,169,179,163,157,182,27,195,83,186,187,119,72,124,53,5,193,19,184,70,104,171,9,];False
8462;8158;16620;[46,174,2,25,189,118,6,61,38,199,49,11,12,0,80,15,16,156,82,196,192,138,20,23,176,3,26,183,37,115,126,154,32,99,34,35,36,28,8,150,13,198,188,122,44,45,181,47,68,123,50,86,52,91,69,55,56,59,58,57,97,7,175,62,120,190,89,67,48,63,29,65,4,73,41,114,112,77,153,161,165,60,110,185,84,85,66,87,71,51,90,191,197,168,94,54,111,81,145,33,100,101,102,98,139,105,180,107,158,30,64,96,76,134,74,173,116,10,42,22,40,142,39,95,1,125,132,127,128,129,18,131,148,133,103,92,136,137,43,194,146,109,31,147,144,121,162,171,141,149,78,151,152,130,113,155,17,21,108,159,160,135,140,106,164,14,166,167,93,178,170,75,172,79,117,88,24,177,169,179,163,157,182,27,195,83,186,187,119,72,124,53,5,193,19,184,70,104,143,9,];False
8346;8272;16618;[46,174,2,25,189,118,6,61,38,199,49,11,12,125,80,15,16,156,82,196,192,138,20,23,176,3,26,183,37,154,126,115,32,99,34,35,36,28,8,150,13,198,188,122,44,45,181,47,68,123,50,86,52,91,69,55,56,59,58,57,97,7,175,62,120,190,66,67,48,63,29,65,4,73,41,114,112,77,153,161,165,60,110,185,84,85,89,87,71,51,90,191,142,168,94,54,111,81,145,33,100,101,102,98,139,105,180,107,158,30,64,96,76,134,74,173,116,10,42,22,40,197,43,95,1,0,132,127,128,129,18,131,148,133,103,92,136,137,39,194,146,141,31,147,144,121,162,143,109,149,78,151,152,130,113,155,17,21,108,159,160,135,140,106,164,14,166,167,93,178,170,75,172,79,117,88,24,177,169,179,163,157,182,27,195,83,186,187,119,72,124,53,5,193,19,184,70,104,171,9,];False
8405;8208;16613;[46,174,2,25,189,118,6,61,38,199,49,11,12,0,80,15,16,156,82,196,192,138,20,23,176,3,26,183,37,154,126,115,32,99,34,35,36,28,8,150,13,198,188,122,44,45,181,47,68,123,50,86,52,91,69,55,56,59,58,57,97,7,175,62,120,190,66,67,48,63,29,65,4,73,41,114,112,77,153,161,165,60,110,185,84,85,89,87,71,51,90,191,142,168,94,54,111,81,145,33,100,101,102,98,139,105,180,107,158,30,64,96,76,134,93,173,116,10,42,22,40,197,43,95,1,125,132,127,128,129,18,131,148,133,103,92,136,137,39,194,146,109,31,147,144,121,162,143,141,149,78,151,152,130,113,155,17,21,108,159,160,135,140,106,164,14,166,167,74,178,170,75,172,79,117,88,24,177,169,179,163,157,182,27,195,83,186,187,119,72,124,53,5,193,19,184,70,104,171,9,];False
8364;8248;16612;[46,174,2,25,189,118,6,61,38,199,49,11,12,0,80,15,16,156,82,196,192,138,20,23,176,3,26,183,37,154,126,115,32,99,34,35,36,28,8,150,13,198,188,122,44,45,181,47,68,123,50,86,52,91,69,55,56,59,58,57,97,7,175,62,120,164,66,67,48,63,29,65,4,73,41,114,112,77,153,161,165,60,110,185,84,85,89,87,71,51,90,191,142,168,94,54,111,81,145,33,100,101,102,98,139,105,180,107,158,30,64,96,76,134,74,173,116,10,42,22,40,197,43,95,1,125,132,127,128,129,18,131,148,133,103,92,136,137,39,194,146,141,31,147,144,121,162,143,109,149,78,151,152,130,113,155,17,21,108,159,160,135,140,106,190,14,166,167,93,178,170,75,172,79,117,88,24,177,169,179,163,157,182,27,195,83,186,187,119,72,124,53,5,193,19,184,70,104,171,9,];False
8308;8294;16602;[46,174,2,25,189,118,6,61,38,199,49,11,12,0,14,15,16,156,82,196,192,138,20,23,176,3,26,183,37,154,126,115,32,99,34,35,36,28,8,150,13,198,188,122,44,45,181,47,68,123,50,86,52,53,117,55,56,59,58,57,60,7,175,62,120,190,66,67,48,63,29,65,4,73,41,114,112,77,153,161,165,97,110,185,84,85,89,87,71,51,90,191,142,168,94,54,111,81,145,33,100,101,102,98,139,105,180,107,158,30,64,96,76,134,74,173,116,10,42,22,40,197,43,95,1,125,132,127,128,129,18,131,148,133,103,92,136,137,39,194,146,141,31,147,144,121,162,143,109,149,78,151,152,130,113,155,17,21,108,159,160,135,140,106,164,80,166,167,93,178,170,75,172,79,69,88,24,177,169,179,163,157,182,27,195,83,186,187,119,72,124,91,5,193,19,184,70,104,171,9,];False
8195;8401;16596;[46,174,2,25,189,192,6,61,38,199,49,11,12,0,14,15,16,156,150,196,118,138,20,23,176,3,26,183,37,154,126,115,32,99,34,35,36,28,8,82,13,198,188,122,44,45,181,47,68,123,50,86,52,53,117,55,56,59,58,57,60,7,175,62,120,190,66,67,48,63,29,65,4,73,41,114,112,77,153,161,165,97,110,185,84,85,89,87,71,51,90,191,142,168,94,54,111,81,145,33,100,101,102,98,139,105,180,107,158,30,64,96,76,134,74,173,116,10,42,22,40,197,43,95,1,125,132,127,128,129,18,131,148,133,103,92,136,137,39,194,146,141,31,147,144,121,162,143,109,149,78,151,152,130,113,155,17,21,108,159,160,135,140,24,164,80,166,167,93,178,170,75,172,79,69,88,106,177,169,179,163,157,182,27,195,83,186,187,119,72,124,91,5,193,19,184,70,104,171,9,];False
8312;8279;16591;[46,174,2,25,189,118,6,61,38,199,49,11,12,0,80,15,16,156,82,196,192,138,20,23,176,3,26,183,37,154,126,115,32,99,34,35,36,28,8,150,13,198,188,122,44,45,181,47,68,123,50,86,52,53,69,55,56,59,58,57,97,7,175,62,120,190,66,67,48,63,29,65,4,73,41,114,112,77,153,161,164,60,110,185,84,85,89,87,71,51,90,191,142,168,94,54,111,81,145,33,100,101,102,98,139,105,180,107,158,30,64,96,76,134,74,173,116,10,42,22,40,197,43,95,1,125,132,127,128,129,18,131,148,133,103,92,136,137,39,194,146,141,31,147,144,121,162,143,109,149,78,151,152,130,113,155,17,21,108,159,160,135,140,106,165,14,166,167,93,178,170,75,172,79,117,88,24,177,169,179,163,157,182,27,195,83,186,187,119,72,124,91,5,193,19,184,70,104,171,9,];False
8398;8185;16583;[46,174,2,25,189,118,6,61,38,199,49,11,12,0,80,15,16,156,82,196,192,138,20,23,176,3,26,183,37,154,126,115,32,99,34,35,36,28,8,150,13,198,188,122,44,45,181,47,68,123,50,86,52,91,69,55,56,59,58,57,97,7,175,62,120,190,153,67,48,63,29,65,4,73,41,114,112,77,89,161,165,60,110,185,84,85,66,87,71,51,90,191,142,168,94,54,111,81,145,33,100,101,102,98,139,105,180,107,158,30,64,96,76,134,74,173,116,10,42,22,40,197,39,95,1,125,132,127,128,129,18,131,148,133,103,92,136,137,43,194,146,109,31,147,144,121,162,171,141,149,78,151,152,130,113,155,17,21,108,159,160,135,140,106,164,14,166,167,93,178,170,75,172,79,117,88,24,177,169,179,163,157,182,27,195,83,186,187,119,72,124,53,5,193,19,184,70,104,143,9,];False
8426;8153;16579;[46,174,2,25,189,118,6,61,38,199,49,11,12,0,80,15,16,156,82,196,192,138,20,23,176,3,26,183,37,154,126,115,32,99,34,35,145,28,8,150,13,198,188,122,182,45,181,47,68,123,50,86,52,91,69,55,56,59,58,57,97,7,175,62,120,190,89,67,48,63,29,65,4,73,41,114,112,77,153,161,165,60,110,185,84,85,66,87,71,51,90,191,197,168,94,54,111,81,36,33,100,101,102,98,139,105,180,107,158,30,64,96,76,134,74,173,116,10,42,22,40,142,39,95,1,125,132,127,128,129,18,131,148,133,103,92,136,137,43,194,146,109,31,147,144,121,162,171,141,149,78,151,152,130,113,155,17,21,108,159,160,135,140,106,164,14,166,167,93,178,170,75,172,79,117,88,24,177,169,179,163,157,44,27,195,83,186,187,119,72,124,53,5,193,19,184,70,104,143,9,];False
8313;8265;16578;[46,174,2,25,189,118,6,61,38,199,49,11,12,0,80,15,16,156,82,196,192,138,20,23,176,3,26,183,37,154,126,115,32,99,34,35,36,28,8,150,13,198,188,122,44,45,181,47,68,123,50,86,52,53,69,55,56,59,58,57,97,7,175,62,120,190,66,67,48,63,29,65,4,73,41,114,112,77,153,161,165,60,110,185,84,85,89,87,71,51,90,191,142,168,94,54,111,81,145,33,100,101,102,98,139,105,180,107,158,30,64,96,76,134,74,173,116,10,42,22,40,194,43,95,1,125,132,127,128,129,18,131,148,133,103,92,136,137,39,197,146,141,31,147,144,121,162,143,109,149,78,151,152,130,113,155,17,21,108,159,160,135,140,106,164,14,166,167,93,178,170,75,172,79,117,88,24,177,169,179,163,157,182,27,195,83,186,187,119,72,124,91,5,193,19,184,70,104,171,9,];False
8327;8249;16576;[46,174,2,25,189,118,6,61,38,199,49,11,12,0,80,15,16,156,82,196,192,138,20,23,176,3,26,183,37,154,126,115,32,99,34,35,36,28,8,150,13,198,188,122,44,45,181,47,68,123,50,86,52,53,69,55,56,59,58,57,60,7,175,62,120,190,66,67,48,63,29,65,4,73,41,114,112,77,153,161,165,97,110,185,84,85,89,87,71,51,90,191,142,168,94,54,111,81,145,33,100,101,102,98,139,105,180,107,158,30,64,96,76,134,74,173,116,10,42,22,40,197,43,95,1,125,132,127,128,129,18,131,148,133,103,92,136,137,39,194,146,141,31,147,144,121,162,143,109,149,78,151,152,130,113,155,17,21,108,159,160,135,140,106,164,14,166,167,93,178,170,75,172,79,117,88,24,177,169,179,163,157,182,27,195,83,186,187,119,72,124,91,5,193,19,184,70,104,171,9,];False
8384;8179;16563;[46,174,2,25,189,118,6,61,38,199,49,165,12,0,80,15,16,156,82,196,192,138,20,23,176,3,26,183,37,154,126,115,32,99,34,35,36,28,8,150,13,198,188,122,44,45,181,47,68,123,50,86,52,91,69,55,56,59,58,57,97,7,175,62,120,190,89,67,48,63,29,65,4,73,41,114,112,77,153,161,11,60,110,185,84,85,66,87,71,51,90,191,142,168,94,54,111,81,145,33,100,101,102,98,139,105,180,107,158,30,64,96,76,134,74,173,116,10,42,22,40,197,39,95,1,125,132,127,128,129,18,131,148,133,103,92,136,137,43,194,146,109,31,147,144,121,162,171,141,149,78,151,152,130,113,155,17,21,108,159,160,135,140,106,164,14,166,167,93,178,170,75,172,79,117,88,24,177,169,179,163,157,182,27,195,83,186,187,119,72,124,53,5,193,19,184,70,104,143,9,];False
8316;8245;16561;[46,174,2,25,189,118,6,61,38,199,49,11,12,0,80,15,16,156,82,196,192,138,20,23,176,3,26,183,37,154,126,115,32,99,34,35,36,28,8,150,13,198,188,122,44,45,181,47,68,123,50,86,52,53,69,55,56,59,58,57,97,7,175,62,120,190,66,67,48,63,29,65,4,73,41,114,112,77,153,161,165,60,110,185,84,85,89,87,71,51,90,191,142,168,94,54,111,81,145,33,100,101,102,98,139,105,180,107,158,30,64,96,76,134,74,173,116,10,42,22,40,197,43,95,1,125,132,127,128,129,18,131,148,133,103,92,136,137,39,194,146,141,31,147,144,121,162,143,109,149,78,151,152,130,113,155,17,21,108,159,160,135,140,106,164,14,166,167,93,178,170,75,172,79,117,88,24,177,169,179,163,157,182,27,195,83,186,187,119,72,124,91,5,193,19,184,70,104,171,9,];False
8391;8164;16555;[46,174,2,25,189,118,6,61,38,199,49,11,12,0,80,15,16,156,82,196,192,138,20,23,176,3,26,183,37,154,126,115,32,99,34,35,36,28,8,150,13,198,188,122,44,45,181,47,68,123,50,86,52,91,69,55,56,59,58,57,97,7,175,62,120,190,89,67,48,63,29,65,4,73,41,114,112,77,153,161,165,60,110,185,84,85,66,87,71,51,90,191,197,168,94,54,111,81,145,33,100,101,102,98,139,105,180,107,158,30,64,96,76,134,74,173,116,10,42,22,40,142,39,95,1,125,132,127,128,129,18,131,148,133,103,92,136,137,43,194,146,109,31,147,144,121,162,171,141,149,78,151,152,130,113,155,17,21,108,159,160,135,140,106,164,14,166,167,93,178,170,75,172,79,117,88,24,177,169,179,163,157,182,27,195,83,186,187,119,72,124,53,5,193,19,184,70,104,143,9,];False
8300;8253;16553;[46,174,66,25,189,118,6,61,38,199,49,11,12,0,80,15,16,156,82,196,192,138,20,23,176,3,26,183,37,154,126,115,32,99,34,35,36,28,8,150,13,198,188,122,44,45,181,47,68,123,50,86,52,53,69,55,56,59,58,57,97,7,175,62,120,190,2,67,48,63,29,65,4,73,41,114,112,77,153,161,165,60,110,185,84,85,89,87,71,51,90,191,142,168,94,54,111,81,145,33,100,101,102,98,139,105,180,107,158,30,64,96,76,134,74,173,116,10,42,22,40,197,43,95,1,125,132,127,128,129,18,131,148,133,103,92,136,137,39,194,146,141,31,147,144,121,162,143,109,149,78,151,152,130,113,155,17,21,108,159,160,135,140,106,164,14,166,167,93,178,170,75,172,79,117,88,24,177,169,179,163,157,182,27,195,83,186,187,119,72,124,91,5,193,19,184,70,104,171,9,];False
8366;8155;16521;[46,174,2,25,189,118,6,61,38,199,49,11,12,0,80,15,16,156,82,196,192,138,20,23,176,3,26,183,37,154,126,115,32,99,34,35,145,28,8,150,13,198,188,122,44,45,181,47,68,123,50,86,52,91,69,55,56,59,58,57,97,7,175,62,120,190,89,67,48,63,29,65,4,73,41,114,112,77,153,161,165,60,110,185,84,85,66,87,71,51,90,191,197,168,94,54,111,81,36,33,100,101,102,98,139,105,180,107,158,30,64,96,76,134,74,173,116,10,42,22,40,142,39,95,1,125,132,127,128,129,18,131,148,133,103,92,136,137,43,194,146,109,31,147,144,121,162,171,141,149,78,151,152,130,113,155,17,21,108,159,160,135,140,106,164,14,166,167,93,178,170,75,172,79,117,88,24,177,169,179,163,157,182,27,195,83,186,187,119,72,124,53,5,193,19,184,70,104,143,9,];False
8229;8255;16484;[46,174,2,25,189,118,6,61,38,199,49,11,12,0,80,15,16,156,82,196,192,138,20,23,176,3,26,183,37,154,126,115,32,99,34,35,36,28,8,150,13,198,188,122,44,45,181,47,68,123,50,86,52,53,69,55,56,59,58,57,97,7,175,62,120,190,66,67,48,63,29,65,4,73,41,114,112,77,153,161,165,60,110,185,84,85,89,87,71,51,90,191,142,168,94,54,111,81,145,33,100,101,102,98,139,105,180,107,158,30,64,96,76,134,74,173,116,10,42,22,40,197,43,95,1,125,132,127,128,129,18,131,148,133,103,92,136,137,39,194,146,141,31,147,144,121,162,143,109,149,78,119,152,130,113,155,17,21,108,159,160,135,140,106,164,14,166,167,93,178,170,75,172,79,117,88,24,177,169,179,163,157,182,27,195,83,186,187,151,72,124,91,5,193,19,184,70,104,171,9,];False
8275;8195;16470;[46,174,2,25,189,118,6,61,38,199,49,11,12,0,80,15,16,156,82,196,192,138,20,23,176,3,26,183,37,154,126,115,32,99,34,35,145,28,8,150,13,198,188,122,44,45,181,47,68,123,50,86,162,91,69,55,56,59,58,57,97,7,175,62,120,190,89,67,48,63,29,65,4,73,41,114,112,77,153,161,165,60,110,185,84,85,66,87,124,51,90,191,197,168,94,54,111,81,36,33,100,101,102,98,139,105,180,107,158,30,64,96,76,134,74,173,116,10,42,22,40,142,39,95,1,125,132,127,128,129,18,131,148,133,103,92,136,137,43,194,146,109,31,147,144,121,52,171,141,149,78,151,152,130,113,155,17,21,108,159,160,135,140,106,164,14,166,167,93,178,170,75,172,79,117,88,24,177,169,179,163,157,182,27,195,83,186,187,119,72,71,53,5,193,19,184,70,104,143,9,];False
8154;8298;16452;[46,174,2,25,189,118,6,61,38,199,49,11,12,24,80,15,16,156,82,196,192,138,20,23,176,3,26,183,37,154,126,115,32,99,34,35,36,28,8,150,13,198,188,122,44,45,181,47,68,123,50,86,52,53,117,55,56,59,58,57,60,7,175,62,120,190,66,67,48,63,29,65,4,73,41,114,112,77,153,161,165,97,110,185,84,85,89,87,71,51,90,191,142,168,94,54,111,81,145,33,100,101,102,98,139,105,180,107,158,30,64,96,76,134,74,173,116,10,42,22,40,197,43,95,1,125,132,127,128,129,18,131,148,133,103,92,136,137,39,194,146,141,31,147,144,121,162,143,109,149,78,151,152,130,113,155,17,21,108,159,160,135,140,106,164,14,166,167,93,178,170,75,172,79,69,88,0,177,169,179,163,157,182,27,195,83,186,187,119,72,124,91,5,193,19,184,70,104,171,9,];False
8278;8159;16437;[46,174,2,25,189,118,6,61,38,199,49,11,12,0,80,15,16,156,82,196,192,138,20,23,176,3,26,183,37,154,126,115,32,99,34,35,145,28,8,150,13,198,188,122,44,45,181,47,68,123,50,86,52,91,69,55,56,1,58,57,97,7,175,62,120,190,89,67,48,63,29,65,4,73,41,114,112,77,153,161,165,60,110,185,84,85,66,87,124,51,90,191,197,168,94,187,111,81,36,33,100,101,102,98,139,105,180,107,158,30,64,96,76,134,74,173,116,10,42,22,40,142,39,95,59,125,132,127,128,129,18,131,148,133,103,92,136,137,43,194,146,109,31,147,144,121,162,171,141,149,78,151,152,130,113,155,17,21,108,159,160,135,140,106,164,14,166,167,93,178,170,75,172,79,117,88,24,177,169,179,163,157,182,27,195,83,186,54,119,72,71,53,5,193,19,184,70,104,143,9,];False
8183;8226;16409;[46,174,2,25,189,118,6,61,38,199,49,11,12,0,80,15,16,156,82,196,192,138,20,23,176,3,26,183,37,154,126,115,32,99,34,35,145,28,8,150,13,198,188,122,44,45,181,47,68,123,50,86,52,91,69,55,96,59,58,57,97,7,175,62,120,190,89,67,48,63,29,65,4,73,41,114,112,77,153,161,165,60,110,185,84,85,66,87,124,51,90,191,197,168,94,187,111,81,36,33,100,101,102,98,139,105,180,107,158,30,64,56,76,134,74,173,116,10,42,22,40,142,39,95,1,125,132,127,128,129,18,131,148,133,103,92,136,137,43,194,146,109,31,147,144,121,162,171,141,149,78,151,152,130,113,155,17,21,108,159,160,135,140,106,164,14,166,167,93,178,170,75,172,79,117,88,24,177,169,179,163,157,182,27,195,83,186,54,119,72,71,53,5,193,19,184,70,104,143,9,];False
8176;8207;16383;[46,174,2,25,189,30,6,61,38,199,49,11,12,0,80,15,16,156,82,196,192,138,20,23,176,3,26,183,37,154,126,115,32,99,34,35,145,28,8,150,13,198,188,122,44,45,181,47,68,123,50,86,52,91,69,55,56,59,58,57,97,7,175,62,120,190,89,67,48,63,29,65,4,73,41,114,112,77,153,161,165,60,110,185,84,85,66,87,124,51,90,191,197,168,94,187,111,81,36,33,100,101,102,98,139,105,180,107,158,118,64,96,76,134,74,173,116,10,42,22,40,142,39,95,1,125,132,127,128,129,18,131,148,133,103,92,136,137,43,194,146,109,31,147,144,121,162,171,141,149,78,151,152,130,113,155,17,21,108,159,160,135,140,106,164,14,166,167,93,178,170,75,172,79,117,88,24,177,169,179,163,157,182,27,195,83,186,54,119,72,71,53,5,193,19,184,70,104,143,9,];False
8224;8144;16368;[46,174,190,25,189,118,6,61,38,199,49,11,12,0,80,15,16,156,82,196,192,138,20,23,176,3,26,183,37,154,126,115,32,99,34,35,145,28,8,150,13,198,188,102,44,45,181,47,68,123,50,86,52,91,69,55,56,59,163,57,97,7,175,62,120,2,89,67,48,63,29,65,4,73,41,114,112,77,153,161,165,60,110,185,84,85,66,87,124,51,90,191,197,168,94,187,101,81,36,33,100,111,105,98,139,122,180,107,158,30,64,96,76,134,74,173,116,10,42,22,169,142,39,95,1,125,132,127,128,129,18,131,148,133,103,92,136,137,43,194,146,109,31,147,144,121,162,171,141,149,78,151,152,130,113,155,17,21,108,159,160,135,140,106,164,14,166,167,93,178,170,75,172,79,117,88,24,177,40,179,58,157,182,27,195,83,186,54,119,72,71,53,5,193,19,184,70,104,143,9,];False
8195;8166;16361;[46,174,2,25,189,118,6,61,38,199,49,11,12,0,80,15,16,156,82,196,192,138,20,23,176,3,26,183,37,154,126,115,32,99,34,35,145,28,8,150,13,198,188,122,44,45,181,47,68,123,50,86,52,91,69,55,56,59,58,57,97,7,175,62,120,190,89,67,48,63,29,65,4,73,41,114,112,77,153,161,165,60,110,185,84,85,66,87,124,51,90,191,197,168,94,187,111,81,36,33,100,101,102,98,139,105,180,107,158,149,64,96,76,134,74,173,116,10,42,22,40,142,39,95,1,125,132,127,128,129,18,131,148,133,103,92,136,137,43,194,146,109,31,147,144,121,162,171,141,30,78,151,152,130,113,155,17,21,108,159,160,135,140,106,164,14,166,167,93,178,170,75,172,79,117,88,24,177,169,179,163,157,182,27,195,83,186,54,119,72,71,53,5,193,19,184,70,104,143,9,];False
8199;8158;16357;[46,174,2,25,189,118,6,61,38,199,49,11,12,0,80,15,16,156,82,196,192,138,20,23,176,3,26,183,37,154,126,115,32,99,149,35,145,28,8,150,13,198,188,122,44,45,181,47,68,123,50,86,52,91,69,55,56,59,58,57,97,7,175,62,120,190,89,67,48,63,29,65,4,73,41,114,112,77,153,161,165,60,110,185,84,85,66,87,124,51,90,191,197,168,94,187,111,81,36,33,100,101,102,98,139,105,180,107,158,30,64,96,76,134,74,173,116,10,42,22,40,142,39,95,1,125,132,127,128,129,18,131,148,133,103,92,136,137,43,194,146,109,31,147,144,121,162,171,141,34,78,151,152,130,113,155,17,21,108,159,160,135,140,106,164,14,166,167,93,178,170,75,172,79,117,88,24,177,169,179,163,157,182,27,195,83,186,54,119,72,71,53,5,193,19,184,70,104,143,9,];False
8200;8156;16356;[46,174,2,25,189,118,6,61,38,199,49,11,12,0,80,15,16,156,82,196,192,138,20,23,176,3,26,183,37,154,126,115,32,99,34,35,145,28,8,150,13,198,188,122,44,45,181,47,68,123,50,86,52,91,69,55,56,59,58,57,97,7,175,62,120,190,89,67,48,63,29,65,4,73,41,114,112,77,153,161,165,60,110,185,84,85,66,87,124,51,90,191,197,168,94,54,111,81,36,33,100,101,102,98,139,105,180,107,158,30,64,96,76,134,74,173,116,10,42,22,40,142,39,95,1,125,132,127,128,129,18,131,148,133,103,92,136,137,43,194,146,109,31,147,144,121,162,171,141,149,78,151,152,130,113,155,17,21,108,159,160,135,140,106,164,14,166,167,93,178,170,75,172,79,117,88,24,177,169,179,163,157,182,27,195,83,186,187,119,72,71,53,5,193,19,184,70,104,143,9,];False
8165;8168;16333;[46,174,2,25,189,118,6,61,38,199,49,11,12,0,80,15,16,156,82,196,192,138,20,23,176,3,26,183,37,154,126,115,32,99,34,35,145,28,8,150,13,198,188,122,44,45,181,47,68,123,50,86,52,91,69,55,56,59,58,57,97,7,175,62,120,190,89,67,48,63,29,65,4,73,41,114,112,77,153,161,139,60,110,185,84,85,66,87,124,51,90,191,197,168,94,187,111,81,36,33,100,101,102,98,165,105,180,107,158,30,64,96,76,134,74,173,116,10,42,22,40,142,39,95,1,125,132,127,128,129,18,131,148,133,103,92,136,137,43,194,146,109,31,147,144,121,162,171,141,149,78,151,152,130,113,155,17,21,108,159,160,135,140,106,164,14,166,167,93,178,170,75,172,79,117,88,24,177,169,179,163,157,182,27,195,83,186,54,119,72,71,53,5,193,19,184,70,104,143,9,];False
8158;8171;16329;[159,174,2,25,189,118,6,61,38,199,49,11,12,0,80,15,16,156,82,196,192,138,20,23,176,3,26,183,37,154,126,115,32,99,34,35,145,28,8,150,13,198,188,122,44,45,181,47,68,123,50,86,52,91,69,55,56,59,58,57,97,7,175,62,120,190,89,67,48,63,29,65,4,73,41,114,112,77,153,161,165,60,110,185,84,85,66,87,124,51,90,191,197,168,94,54,111,81,36,33,100,101,102,98,139,105,180,107,158,30,64,96,76,134,74,173,116,10,42,22,40,142,39,95,1,125,132,127,128,129,18,131,148,133,103,92,136,137,43,194,146,109,31,147,144,121,162,171,141,149,78,151,152,130,113,155,17,21,108,46,160,135,140,106,164,14,166,167,93,178,170,75,172,79,117,88,24,177,169,179,163,157,182,27,195,83,186,187,119,72,71,53,5,193,19,184,70,104,143,9,];False
8191;8131;16322;[46,174,2,25,189,118,6,61,38,199,49,11,12,0,80,15,16,156,82,196,192,138,20,23,176,3,26,183,37,154,126,115,32,99,34,35,145,28,8,150,13,198,188,122,44,45,181,47,68,123,50,86,52,91,69,55,56,59,58,57,97,7,175,62,120,190,89,67,48,63,29,65,4,73,41,114,112,77,153,161,165,60,110,185,84,85,66,87,124,51,90,191,197,168,94,187,111,81,36,33,100,101,102,98,139,105,180,107,158,30,64,96,76,134,74,173,116,10,42,22,40,142,39,95,1,125,132,127,128,129,18,131,148,133,103,92,136,137,43,194,146,109,31,147,144,121,162,171,141,149,78,151,152,130,113,155,17,21,108,159,160,135,140,106,164,14,172,167,93,178,170,75,166,79,117,88,24,177,169,179,163,157,182,27,195,83,186,54,119,72,71,53,5,193,19,184,70,104,143,9,];False
8222;8098;16320;[46,174,190,25,189,118,6,61,38,199,49,11,12,0,80,15,16,156,82,196,192,138,20,23,176,3,26,183,37,154,126,115,32,99,34,35,145,28,8,150,13,198,188,102,44,45,181,47,68,123,50,86,52,91,69,55,56,59,163,57,97,7,175,62,120,2,89,67,48,63,29,65,4,73,41,114,112,77,153,161,165,60,110,185,84,85,66,87,124,51,90,191,197,168,94,187,101,81,36,33,100,111,122,98,139,105,180,107,158,30,64,96,76,134,74,173,116,10,42,22,169,142,39,95,1,125,132,127,128,129,18,131,148,133,103,92,136,137,43,194,146,109,31,147,144,72,162,171,141,149,78,151,152,130,113,155,17,21,108,159,160,135,140,106,164,14,166,167,93,178,170,75,172,79,117,88,24,177,40,179,58,157,182,27,195,83,186,54,119,121,71,53,5,193,19,184,70,104,143,9,];False
8115;8195;16310;[46,174,2,25,189,118,6,61,38,199,49,11,12,0,80,15,16,156,82,196,192,138,20,23,176,3,26,183,37,154,126,115,32,99,34,35,145,28,8,150,13,198,188,122,44,45,181,47,68,123,50,86,52,91,69,55,56,59,58,57,97,7,175,62,120,190,89,67,48,63,29,65,4,73,41,114,112,77,153,161,165,60,110,185,84,85,66,87,124,51,90,191,197,168,94,187,111,81,36,33,100,101,102,98,139,105,180,107,158,30,64,96,76,134,74,173,116,10,42,22,40,142,39,95,1,125,132,127,128,129,18,131,148,21,103,92,136,137,43,194,146,109,31,147,144,121,162,171,141,149,78,151,152,130,113,155,17,133,108,159,160,135,140,106,164,14,166,167,93,178,170,75,172,79,117,88,24,177,169,179,163,157,182,27,195,83,186,54,119,72,71,53,5,193,19,184,70,104,143,9,];False
8111;8198;16309;[46,174,2,25,189,118,6,61,38,199,49,11,12,0,80,15,16,156,82,196,192,138,20,23,176,3,26,183,37,154,126,115,32,99,34,35,145,28,8,150,13,198,188,122,44,45,181,47,137,123,50,86,52,91,69,55,56,59,58,57,97,7,175,62,120,190,89,67,48,63,29,65,4,73,41,114,112,77,153,161,165,60,110,185,84,85,66,87,124,51,90,191,197,168,94,187,111,81,36,33,100,101,102,98,139,105,180,107,158,30,64,96,76,134,74,173,116,10,42,22,40,142,39,95,1,125,132,127,128,129,18,131,148,133,103,92,136,68,43,194,146,109,31,147,144,121,162,171,141,149,78,151,152,130,113,155,17,21,108,159,160,135,140,106,164,14,166,167,93,178,170,75,172,79,117,88,24,177,169,179,163,157,182,27,195,83,186,54,119,72,71,53,5,193,19,184,70,104,143,9,];False
8181;8128;16309;[46,174,190,25,189,118,6,61,38,199,49,11,12,0,80,15,16,156,82,196,192,138,20,23,176,3,26,183,37,154,126,115,32,99,34,35,145,28,8,150,13,198,188,122,44,45,181,47,68,123,50,86,52,91,69,55,56,59,163,57,90,7,175,62,120,2,89,67,48,63,29,65,4,73,41,114,112,77,153,161,165,60,110,185,84,85,66,87,124,51,97,191,197,168,94,187,111,81,36,33,100,101,102,98,139,105,180,107,158,30,64,96,76,134,74,173,116,10,42,22,169,142,39,95,1,125,132,127,128,129,18,131,148,133,103,92,136,137,43,194,146,109,31,147,144,121,162,171,141,149,78,151,152,130,113,155,17,21,108,159,160,135,140,106,164,14,166,167,93,178,170,75,172,79,117,88,24,177,40,179,58,157,182,27,195,83,186,54,119,72,71,53,5,193,19,184,70,104,143,9,];False
8153;8143;16296;[46,174,190,25,189,118,6,61,38,199,49,11,12,0,80,15,16,156,82,196,192,138,20,23,176,3,26,183,37,154,126,115,32,99,34,35,145,28,8,150,13,198,188,122,44,45,181,47,68,123,50,86,52,91,69,55,56,59,163,57,97,7,175,62,120,2,89,67,48,63,29,65,4,73,41,114,112,77,153,161,165,60,110,185,106,85,66,87,124,51,90,191,197,168,94,187,111,81,36,33,100,101,102,98,139,105,180,107,158,30,64,96,76,134,74,173,116,10,42,22,169,142,39,95,1,125,132,127,128,129,18,131,148,133,103,92,136,137,43,194,146,109,31,147,144,121,162,171,141,149,78,151,152,130,113,155,17,21,108,159,160,135,140,84,164,14,166,167,93,178,170,75,172,79,117,88,24,177,40,179,58,157,182,27,195,83,186,54,119,72,71,53,5,193,19,184,70,104,143,9,];False
8216;8080;16296;[46,174,190,25,189,118,6,61,38,199,49,11,12,0,80,15,16,156,82,196,192,138,20,23,176,3,26,183,37,154,126,115,32,99,34,35,145,28,8,150,13,198,188,122,44,45,181,47,68,123,50,86,52,91,69,55,56,59,163,57,97,7,175,62,120,2,89,67,48,63,29,65,4,73,172,114,112,77,153,161,165,60,110,185,84,85,66,87,124,51,90,191,197,168,94,187,111,81,36,33,100,101,102,98,139,105,180,107,158,30,64,96,76,134,74,173,116,10,42,22,169,142,39,95,1,125,132,127,128,129,18,131,148,133,103,92,136,137,43,194,146,109,31,147,144,121,162,171,141,149,78,151,152,130,113,155,17,21,108,159,160,135,140,106,164,14,166,167,93,178,170,75,41,79,117,88,24,177,40,179,58,157,182,27,195,83,186,54,119,72,71,53,5,193,19,184,70,104,143,9,];False
8166;8130;16296;[46,174,190,25,189,118,6,61,38,199,49,11,12,0,80,15,16,156,82,196,192,138,20,23,176,3,26,183,37,154,126,115,32,99,34,35,145,28,8,150,13,198,188,102,44,45,181,47,68,123,50,112,52,91,69,55,56,59,163,57,97,7,175,62,120,2,89,67,48,63,29,65,4,73,41,114,86,77,153,161,165,60,110,185,84,85,66,87,124,51,90,191,197,168,94,187,101,81,36,33,100,111,122,98,139,105,180,107,158,30,64,96,76,134,74,173,116,10,42,22,169,142,39,95,1,125,132,127,128,129,18,131,148,133,103,92,136,137,43,194,146,109,31,147,144,121,162,171,141,149,78,151,152,130,113,155,17,21,108,159,160,135,140,106,164,14,166,167,93,178,170,75,172,79,117,88,24,177,40,179,58,157,182,27,195,83,186,54,119,72,71,53,5,193,19,184,70,104,143,9,];False
8107;8183;16290;[46,174,190,25,189,118,6,61,38,199,49,11,12,0,80,15,16,156,95,196,192,138,20,23,176,3,26,183,37,154,126,115,32,99,34,35,145,28,8,150,13,198,188,122,44,45,181,47,68,123,50,86,52,91,69,55,56,59,163,57,97,7,175,62,120,2,89,67,48,63,29,65,4,73,41,114,112,77,153,161,165,60,110,185,84,85,66,87,124,51,90,191,197,168,94,187,111,81,36,33,100,101,102,98,139,105,180,107,158,30,64,96,76,134,74,173,116,10,42,22,40,142,39,82,1,125,132,127,128,129,18,131,148,133,103,92,136,137,43,194,146,109,31,147,144,121,162,171,141,149,78,151,152,130,113,155,17,21,108,159,160,135,140,106,164,14,166,167,93,178,170,75,172,79,117,88,24,177,169,179,58,157,182,27,195,83,186,54,119,72,71,53,5,193,19,184,70,104,143,9,];False
8142;8141;16283;[46,174,2,25,189,118,6,61,38,199,49,11,12,0,80,15,16,156,82,196,192,138,20,23,176,3,26,183,37,154,126,115,32,99,34,35,145,28,8,150,13,198,188,122,44,45,181,47,160,123,50,86,52,91,69,55,56,59,58,57,97,7,175,62,120,190,89,67,48,63,29,65,4,73,41,114,112,77,153,161,165,60,110,185,84,85,66,87,124,51,90,191,197,168,94,187,111,81,36,33,100,101,102,98,139,105,180,107,158,30,64,96,76,134,74,173,116,10,42,22,40,142,39,95,1,125,132,127,128,129,18,131,148,133,103,92,136,137,43,194,146,109,31,147,144,121,162,171,141,149,78,151,152,130,113,155,17,21,108,159,68,135,140,106,164,14,166,167,93,178,170,75,172,79,117,88,24,177,169,179,163,157,182,27,195,83,186,54,119,72,71,53,5,193,19,184,70,104,143,9,];False
8111;8170;16281;[46,174,2,25,189,118,6,61,38,199,49,11,12,0,80,15,16,156,82,196,192,138,20,23,176,3,26,183,37,154,126,115,32,99,34,35,145,28,8,150,13,198,188,122,44,45,181,47,68,123,50,86,52,91,69,55,56,59,58,57,97,7,175,62,120,190,89,67,48,63,29,65,4,73,41,114,112,77,153,161,165,60,110,185,84,85,66,87,124,51,90,191,197,168,94,187,111,81,36,33,100,101,102,98,139,105,180,107,158,30,64,96,76,134,74,173,116,10,42,195,40,142,39,95,1,125,132,127,128,129,18,131,148,133,103,92,136,137,43,194,146,109,31,147,144,121,162,171,141,149,78,151,152,130,113,155,17,21,108,159,160,135,140,106,164,14,166,167,93,178,170,75,172,79,117,88,24,177,169,179,163,157,182,27,22,83,186,54,119,72,71,53,5,193,19,184,70,104,143,9,];False
8074;8199;16273;[46,174,2,25,189,118,6,61,38,199,49,11,12,0,80,15,16,156,82,196,192,138,20,23,176,3,26,183,37,154,126,115,32,99,34,35,145,28,8,150,13,198,188,122,44,45,181,47,68,123,50,86,52,91,69,55,56,59,163,57,97,7,175,62,120,190,89,67,48,63,29,65,4,73,41,114,112,77,153,161,165,60,110,185,84,85,66,87,124,51,90,191,197,168,94,187,111,81,36,33,100,101,102,98,139,105,180,107,158,30,64,96,76,134,74,173,116,10,42,22,40,142,39,95,1,125,132,127,128,129,18,131,148,133,103,92,136,137,43,194,146,109,31,147,144,121,162,171,141,149,78,151,152,130,113,58,17,21,108,159,160,135,140,106,164,14,166,167,93,178,170,75,172,79,117,88,24,177,169,179,155,157,182,27,195,83,186,54,119,72,71,53,5,193,19,184,70,104,143,9,];False
8102;8163;16265;[46,174,2,25,189,118,6,61,38,199,49,11,12,0,80,15,16,156,82,196,192,138,20,23,176,3,26,183,37,154,126,115,32,99,34,35,145,28,8,150,13,198,188,122,44,45,181,47,68,123,50,86,52,91,69,55,56,59,58,57,97,7,175,62,120,190,89,67,48,63,29,65,4,73,41,114,112,77,153,161,165,60,110,185,84,85,66,87,124,51,90,191,197,168,94,187,111,81,36,33,100,101,102,9,139,105,180,107,158,30,64,96,76,134,74,173,116,10,42,22,40,142,39,95,1,125,132,127,128,129,18,131,148,133,103,92,136,137,43,194,146,109,31,147,144,121,162,171,141,149,78,151,152,130,113,155,17,21,108,159,160,135,140,106,164,14,166,167,93,178,170,75,172,79,117,88,24,177,169,179,163,157,182,27,195,83,186,54,119,72,71,53,5,193,19,184,70,104,143,98,];False
8091;8174;16265;[46,174,190,25,189,118,6,61,38,199,49,11,12,0,80,15,16,156,82,196,192,138,20,23,176,3,26,183,37,154,126,115,32,99,34,35,145,28,8,150,13,198,188,122,44,45,181,47,68,123,50,86,52,91,69,55,56,59,163,57,97,7,175,62,120,2,89,67,48,63,29,65,4,73,41,114,112,77,153,161,165,60,110,185,84,85,66,87,124,51,90,191,197,168,94,187,111,81,36,33,100,31,102,98,139,105,180,107,158,30,64,96,76,134,74,173,116,10,42,22,40,142,39,95,1,125,132,127,128,129,18,131,148,133,103,92,136,137,43,194,146,109,101,147,144,121,162,171,141,149,78,151,152,130,113,155,17,21,108,159,160,135,140,106,164,14,166,167,93,178,170,75,172,79,117,88,24,177,169,179,58,157,182,27,195,83,186,54,119,72,71,53,5,193,19,184,70,104,143,9,];False
8176;8085;16261;[46,174,190,25,189,118,6,61,38,199,49,11,12,0,80,15,16,156,82,196,192,138,20,23,176,3,26,183,37,154,126,115,32,99,34,35,145,28,8,150,13,198,188,102,65,45,181,47,68,123,50,86,52,91,69,55,56,59,163,57,97,7,175,62,120,2,89,67,48,63,29,44,4,73,41,114,112,77,153,161,165,60,110,185,84,85,66,87,124,51,90,191,197,168,94,187,101,81,36,33,100,111,122,98,139,105,180,107,158,30,64,96,76,134,74,173,116,10,42,22,169,142,39,95,1,125,132,127,128,129,18,131,148,133,103,92,136,137,43,194,146,109,31,147,144,121,162,171,141,193,78,151,152,130,113,155,17,21,108,159,160,135,140,106,164,14,166,167,93,178,170,75,172,79,117,88,24,177,40,179,58,157,182,27,195,83,186,54,119,72,71,53,5,149,19,184,70,104,143,9,];False
8122;8137;16259;[46,174,190,25,189,118,6,61,38,199,49,163,12,0,80,15,16,156,82,196,192,138,20,23,176,3,26,183,37,154,126,115,32,99,34,35,145,28,8,150,13,198,188,102,44,45,131,47,68,161,50,86,52,91,69,55,56,59,11,57,97,7,175,62,120,2,89,67,48,63,29,65,4,73,41,114,112,77,153,123,165,60,110,185,84,85,66,87,124,51,90,191,197,168,94,187,101,81,36,33,100,111,122,98,139,105,180,107,158,30,64,96,76,134,74,173,116,10,42,22,169,142,39,95,1,125,132,127,128,129,18,181,148,133,103,92,136,137,43,194,146,109,31,147,144,121,162,171,141,193,78,151,152,130,113,155,17,21,108,159,160,135,140,106,164,14,166,167,93,178,170,75,172,79,117,88,24,177,40,179,58,157,182,27,195,83,186,54,119,72,71,53,5,149,19,184,70,104,143,9,];False
8144;8110;16254;[46,174,190,25,189,118,6,61,38,199,49,11,12,0,80,15,16,156,82,196,192,138,20,23,176,3,26,183,37,154,126,115,32,99,34,35,145,28,8,150,13,198,188,122,44,45,181,47,68,123,50,86,52,91,69,18,56,59,163,57,97,7,175,62,120,2,89,67,48,63,29,65,4,73,41,114,112,77,153,161,165,60,110,185,84,85,66,87,124,51,90,191,197,168,94,187,111,81,36,33,100,101,102,98,139,105,180,107,158,30,64,96,76,134,74,173,116,10,42,22,169,142,39,95,1,125,132,127,128,129,55,131,148,133,103,92,136,137,43,194,146,109,31,147,144,121,162,171,141,149,78,151,152,130,113,155,17,21,108,159,160,135,140,106,164,14,166,167,93,178,170,75,172,79,117,88,24,177,40,179,58,157,182,27,195,83,186,54,119,72,71,53,5,193,19,184,70,104,143,9,];False
8118;8136;16254;[46,174,2,25,189,118,6,61,38,199,49,11,12,0,80,15,16,156,82,196,192,138,20,23,176,3,26,183,37,154,126,115,32,99,34,35,145,28,8,150,13,198,188,122,44,45,181,47,68,123,50,86,52,91,69,55,56,59,58,57,97,7,175,62,120,190,89,67,48,63,29,65,4,73,41,114,112,77,153,161,165,60,110,185,84,85,66,87,124,51,90,191,197,168,94,187,111,81,36,33,100,101,102,98,139,105,180,107,158,30,64,96,76,134,74,173,116,10,42,22,40,142,39,95,1,125,132,79,128,129,18,131,148,133,103,92,136,137,43,194,146,109,31,147,144,121,162,171,141,149,78,151,152,130,113,155,17,21,108,159,160,135,140,106,164,14,166,167,93,178,170,75,172,127,117,88,24,177,169,179,163,157,182,27,195,83,186,54,119,72,71,53,5,193,19,184,70,104,143,9,];False
8155;8094;16249;[46,174,190,25,189,118,6,70,38,199,49,11,12,0,80,15,16,156,82,196,192,138,20,23,176,3,26,183,37,154,126,115,32,99,34,35,145,28,8,150,13,198,188,122,44,45,181,47,68,123,50,86,52,91,69,55,56,59,163,57,97,7,175,62,120,2,89,67,48,63,29,65,4,73,41,114,112,77,153,161,165,60,110,185,84,85,66,87,124,51,90,191,197,168,94,187,111,81,36,33,100,101,102,98,139,105,180,107,158,30,64,96,76,134,74,173,116,10,42,22,169,142,39,95,1,125,132,127,128,129,18,131,148,133,103,92,136,137,43,194,146,109,31,147,144,121,162,171,141,149,78,151,152,130,113,155,17,21,108,159,160,135,140,106,164,14,166,167,93,178,170,75,172,79,117,88,24,177,40,179,58,157,182,27,195,83,186,54,119,72,71,53,5,193,19,184,61,104,143,9,];False
8081;8162;16243;[46,174,2,25,189,118,6,61,38,199,49,11,12,0,80,15,16,156,82,196,192,138,20,23,176,44,26,183,37,154,126,115,32,99,34,35,145,28,8,150,13,198,188,122,3,45,181,47,68,123,50,86,52,91,69,55,56,59,58,57,97,7,175,62,120,190,89,67,48,63,29,65,4,73,41,114,112,77,153,161,165,60,110,185,84,85,66,87,124,51,90,191,197,168,94,187,111,81,36,33,100,101,102,98,139,105,180,107,158,30,64,96,76,134,74,173,116,10,42,22,40,142,39,95,1,125,132,127,128,129,18,131,148,133,103,92,136,137,43,194,146,109,31,147,144,121,162,171,141,149,78,151,152,130,113,155,17,21,108,159,160,135,140,106,164,14,166,167,93,178,170,75,172,79,117,88,24,177,169,179,163,157,182,27,195,83,186,54,119,72,71,53,5,193,19,184,70,104,143,9,];False
8069;8171;16240;[46,174,2,25,189,118,6,61,38,199,49,11,12,0,80,15,16,156,82,196,192,138,20,23,176,3,26,183,37,154,126,115,32,99,34,35,145,28,8,150,13,198,188,122,44,45,181,47,68,123,50,86,52,91,69,55,56,59,58,57,97,7,175,62,120,190,89,67,48,63,29,65,4,73,104,114,112,77,153,161,165,60,110,185,84,85,66,87,124,51,90,191,197,168,94,187,111,81,36,33,100,101,102,98,139,105,180,107,158,30,64,96,76,134,74,173,116,10,42,22,40,142,39,95,1,125,132,127,128,129,18,131,148,133,103,92,136,137,43,194,146,109,31,147,144,121,162,171,141,149,78,151,152,130,113,155,17,21,108,159,160,135,140,106,164,14,166,167,93,178,170,75,172,79,117,88,24,177,169,179,163,157,182,27,195,83,186,54,119,72,71,53,5,193,19,184,70,41,143,9,];False
8057;8183;16240;[46,174,2,25,189,118,6,61,38,199,49,11,12,0,80,15,16,156,82,196,192,138,20,23,176,3,26,183,37,154,126,115,32,99,34,35,145,28,8,150,13,198,188,122,44,45,181,47,68,123,50,86,52,91,69,55,56,59,58,57,97,7,175,62,120,190,89,67,48,63,29,65,4,73,41,114,112,77,153,161,165,60,110,185,84,85,66,87,124,51,90,191,197,168,94,187,111,81,36,33,100,101,102,98,139,105,180,107,158,30,64,96,76,134,74,173,116,10,42,22,40,142,39,95,1,125,132,127,128,129,18,131,148,133,103,92,195,137,43,194,146,109,31,147,144,121,162,171,141,149,78,151,152,130,113,155,17,21,108,159,160,135,140,106,164,14,166,167,93,178,170,75,172,79,117,88,24,177,169,179,163,157,182,27,136,83,186,54,119,72,71,53,5,193,19,184,70,104,143,9,];False
8172;8062;16234;[46,174,190,25,189,118,6,61,38,199,49,163,12,0,80,15,16,156,82,196,192,138,20,23,176,3,26,183,37,150,126,115,32,99,34,35,145,28,8,154,13,198,188,55,44,45,131,47,68,123,50,86,52,91,69,102,56,59,11,57,97,7,175,62,120,2,89,67,48,63,29,65,4,73,41,114,112,77,153,161,165,60,110,185,84,85,66,87,124,51,90,191,197,168,105,187,101,81,36,33,100,111,122,98,139,94,180,107,158,30,64,96,76,134,74,173,116,10,42,22,169,142,39,95,1,125,132,127,128,129,18,181,148,133,103,92,136,137,43,194,146,109,31,147,144,121,162,171,141,193,78,151,152,130,113,155,17,21,108,159,160,135,140,106,164,14,166,167,93,178,170,75,172,79,117,88,24,177,40,179,58,157,182,27,195,83,186,54,119,72,71,53,5,149,19,184,70,104,143,9,];False
8081;8152;16233;[46,174,2,25,189,118,6,61,38,199,49,11,12,0,80,15,16,156,82,196,192,138,20,23,176,3,26,179,37,154,126,115,32,99,34,35,145,28,8,150,13,198,188,122,44,45,181,47,68,123,50,86,52,91,69,55,56,59,58,57,97,7,175,62,120,190,89,67,48,63,29,65,4,73,41,114,112,77,153,161,165,60,110,185,84,85,66,87,124,51,90,191,197,168,94,187,111,81,36,33,100,101,102,98,139,105,180,107,158,30,64,96,76,134,74,173,116,10,42,22,40,142,39,95,1,125,132,127,128,129,18,131,148,133,103,92,136,137,43,194,146,109,31,147,144,121,162,171,141,149,78,151,152,130,113,155,17,21,108,159,160,135,140,106,164,14,166,167,93,178,170,75,172,79,117,88,24,177,169,183,163,157,182,27,195,83,186,54,119,72,71,53,5,193,19,184,70,104,143,9,];False
8183;8050;16233;[46,174,190,25,189,118,6,61,38,199,49,163,12,0,80,15,16,156,82,196,192,138,20,23,176,3,26,183,37,154,126,115,32,99,34,35,145,28,8,150,13,198,188,102,44,45,131,47,68,123,50,86,52,91,69,55,56,59,11,149,97,7,175,62,120,2,89,67,48,63,29,65,4,73,41,114,112,77,153,161,165,60,110,185,84,85,66,87,124,51,90,191,197,168,94,187,101,81,36,33,100,111,122,98,139,105,180,107,158,30,64,96,76,134,74,173,116,10,42,22,169,142,39,95,1,125,132,127,128,129,18,181,148,133,103,92,136,137,43,194,146,109,31,147,144,121,162,171,141,193,78,151,152,130,113,155,17,21,108,159,160,135,140,106,164,14,166,167,93,178,170,75,172,79,117,88,24,177,40,179,58,157,182,27,195,83,186,54,119,72,71,53,5,57,19,184,70,104,143,9,];False
8068;8159;16227;[46,174,2,25,189,118,6,61,38,199,49,11,12,0,80,15,16,156,82,196,192,138,20,23,176,3,26,183,37,154,126,115,32,99,34,35,145,28,8,150,13,198,188,122,44,45,181,47,68,123,50,86,52,91,69,55,56,59,58,57,97,7,175,62,120,190,89,67,48,63,29,65,4,73,41,114,112,77,153,161,165,60,110,185,84,85,66,87,124,51,90,191,197,168,94,187,111,81,36,33,100,101,102,98,139,105,180,107,158,30,64,96,76,134,74,173,116,10,42,22,40,142,39,95,1,125,132,127,128,129,18,131,148,133,103,92,136,137,43,194,146,109,31,147,144,121,162,171,141,149,78,151,152,130,113,155,17,21,108,159,160,14,140,106,164,135,166,167,93,178,170,75,172,79,117,88,24,177,169,179,163,157,182,27,195,83,186,54,119,72,71,53,5,193,19,184,70,104,143,9,];False
8056;8170;16226;[46,174,2,25,189,118,6,61,38,199,49,11,12,0,80,15,16,156,82,196,192,138,20,23,176,3,26,183,37,154,126,115,32,99,34,35,145,28,8,150,13,198,188,122,44,45,181,47,68,123,50,86,93,91,69,55,56,59,58,57,97,7,175,62,120,190,89,67,48,63,29,65,4,73,41,114,112,77,153,161,165,60,110,185,84,85,66,87,124,51,90,191,197,168,94,187,111,81,36,33,100,101,102,98,139,105,180,107,158,30,64,96,76,134,74,173,116,10,42,22,40,142,39,95,1,125,132,127,128,129,18,131,148,133,103,92,136,137,43,194,146,109,31,147,144,121,162,171,141,149,78,151,152,130,113,155,17,21,108,159,160,135,140,106,164,14,166,167,52,178,170,75,172,79,117,88,24,177,169,179,163,157,182,27,195,83,186,54,119,72,71,53,5,193,19,184,70,104,143,9,];False
8078;8147;16225;[46,174,2,25,189,118,6,61,38,199,49,11,12,0,80,15,16,156,82,196,192,138,20,23,176,3,26,183,37,154,126,115,32,99,34,35,145,28,8,150,13,198,188,122,44,45,181,47,68,123,50,86,52,91,69,55,56,59,163,57,97,7,175,62,120,190,89,67,48,63,29,65,4,73,41,114,112,77,153,161,165,60,110,185,84,85,66,87,124,51,90,191,197,168,94,187,111,81,36,33,100,101,102,98,139,105,180,107,158,30,64,96,76,134,169,173,116,10,42,22,40,142,39,95,1,125,132,127,128,129,18,131,148,133,103,92,136,137,43,194,146,109,31,147,144,121,162,171,141,149,78,151,152,130,113,155,17,21,108,159,160,135,140,106,164,14,166,167,93,178,170,75,172,79,117,88,24,177,74,179,58,157,182,27,195,83,186,54,119,72,71,53,5,193,19,184,70,104,143,9,];False
8075;8148;16223;[46,174,2,25,189,118,6,61,38,199,49,11,12,0,80,15,16,156,82,196,192,138,20,23,176,3,26,183,37,154,126,115,32,99,34,35,145,28,8,150,13,198,188,122,44,45,181,47,68,123,50,86,52,91,69,55,56,59,58,57,97,7,175,62,120,190,89,67,48,63,29,65,4,73,41,114,112,77,153,161,165,60,110,185,84,85,66,87,124,51,90,191,197,168,94,187,111,81,36,33,100,101,102,98,139,105,180,107,158,30,64,96,76,134,74,173,116,10,42,22,40,142,39,95,1,125,132,127,128,129,18,131,148,133,103,92,136,137,43,194,146,109,31,147,144,121,162,171,141,149,78,151,152,130,113,155,17,21,108,159,160,135,140,106,164,14,166,167,93,178,170,75,172,79,117,88,169,177,24,179,163,157,182,27,195,83,186,54,119,72,71,53,5,193,19,184,70,104,143,9,];False
8053;8167;16220;[46,174,2,25,189,118,6,61,38,199,49,11,12,0,80,15,16,156,82,196,192,138,20,23,176,3,26,183,37,154,126,115,32,99,34,35,145,28,8,150,13,198,188,122,44,45,181,47,68,123,50,86,52,91,69,55,56,59,163,57,97,7,175,62,120,190,89,67,48,63,29,65,4,73,41,114,112,77,153,161,165,60,110,185,84,85,66,87,124,51,90,191,197,168,94,187,111,81,36,33,100,101,102,98,139,105,180,107,158,30,64,96,76,134,74,173,116,10,42,22,40,142,39,95,1,125,132,127,128,129,18,131,148,133,103,92,136,137,43,194,146,109,31,147,144,143,162,171,141,149,78,151,152,130,113,155,17,21,108,159,160,135,140,106,164,14,166,167,93,178,170,75,172,79,117,88,24,177,169,179,58,157,182,27,195,83,186,54,119,72,71,53,5,193,19,184,70,104,121,9,];False
8052;8167;16219;[46,174,2,25,189,118,6,61,38,199,49,11,12,0,80,15,16,156,82,196,192,138,20,23,176,3,26,183,37,154,126,115,32,99,34,35,145,28,8,150,13,198,188,122,44,45,181,47,68,123,50,86,52,91,69,55,56,59,58,57,97,7,175,62,120,190,89,67,48,63,29,65,4,73,41,114,112,77,153,161,165,60,110,185,84,85,66,87,124,51,90,191,197,168,94,187,111,81,36,33,100,101,102,98,139,105,180,107,158,30,64,96,76,134,74,173,116,10,42,22,40,142,39,144,1,125,132,127,128,129,18,131,148,133,103,92,136,137,43,194,146,109,31,147,95,121,162,171,141,149,78,151,152,130,113,155,17,21,108,159,160,135,140,106,164,14,166,167,93,178,170,75,172,79,117,88,24,177,169,179,163,157,182,27,195,83,186,54,119,72,71,53,5,193,19,184,70,104,143,9,];False
8027;8189;16216;[46,174,2,25,189,118,6,61,38,199,49,11,12,0,80,15,16,156,82,196,192,138,20,23,176,3,26,183,37,154,126,115,32,99,34,35,145,28,8,150,13,198,188,122,44,45,181,47,68,123,50,86,52,91,69,55,56,59,58,57,97,7,175,62,120,190,89,67,48,63,29,65,4,127,41,114,112,77,153,161,165,60,110,185,84,85,66,87,124,51,90,191,197,168,94,187,111,81,36,33,100,101,102,98,139,105,180,107,158,30,64,96,76,134,74,173,116,10,42,22,40,142,39,95,1,125,132,73,128,129,18,131,148,133,103,92,136,137,43,194,146,109,31,147,144,121,162,171,141,149,78,151,152,130,113,155,17,21,108,159,160,135,140,106,164,14,166,167,93,178,170,75,172,79,117,88,24,177,169,179,163,157,182,27,195,83,186,54,119,72,71,53,5,193,19,184,70,104,143,9,];False
8051;8164;16215;[46,174,190,25,189,118,6,61,38,199,49,11,12,0,80,15,16,156,82,196,192,138,20,23,176,3,26,183,37,154,126,115,32,99,34,35,145,28,8,150,13,198,188,122,44,45,181,47,68,123,50,86,52,91,69,55,56,59,163,57,97,7,175,62,120,2,89,67,48,63,29,65,4,73,41,114,112,77,153,161,165,60,110,185,84,85,66,87,124,51,90,191,197,168,94,187,111,81,36,33,96,101,102,98,139,105,180,107,158,30,64,100,76,134,74,173,116,10,42,22,40,142,39,95,1,125,132,127,128,129,18,131,148,133,103,92,136,137,43,194,146,109,31,147,144,121,162,171,141,149,78,151,152,130,113,155,17,21,108,159,160,135,140,106,164,14,166,167,93,178,170,75,172,79,117,88,24,177,169,179,58,157,182,27,195,83,186,54,119,72,71,53,5,193,19,184,70,104,143,9,];False
8090;8120;16210;[46,174,190,25,189,118,6,61,38,199,49,11,12,0,80,15,16,156,82,196,192,138,20,22,176,3,26,183,37,154,126,115,32,99,34,35,145,28,8,150,13,198,188,102,44,45,181,47,68,123,50,86,52,91,69,55,56,59,163,57,97,7,175,62,120,2,89,67,48,63,29,65,4,73,41,114,112,77,153,161,165,60,110,185,84,85,66,87,124,51,90,191,197,168,94,187,101,81,36,33,100,111,122,98,139,105,180,107,158,30,64,96,76,134,74,173,116,10,42,23,169,142,39,95,1,125,132,127,128,129,18,131,148,133,103,92,136,137,43,194,146,109,31,147,144,121,162,171,141,149,78,151,152,130,113,155,17,21,108,159,160,135,140,106,164,14,166,167,93,178,170,75,172,79,117,88,24,177,40,179,58,157,182,27,195,83,186,54,119,72,71,53,5,193,19,184,70,104,143,9,];False
8080;8116;16196;[46,174,190,25,189,118,6,61,38,199,49,11,12,0,80,15,16,156,82,196,192,138,20,23,176,3,26,183,37,154,126,115,32,99,34,35,145,28,8,150,13,198,102,122,44,45,181,47,68,123,50,86,52,91,69,55,56,59,163,57,97,7,175,62,120,2,89,67,48,63,29,65,4,73,41,114,112,77,153,161,165,60,110,185,84,85,66,87,124,51,90,191,197,168,94,187,111,81,36,33,100,101,188,98,139,105,180,107,158,30,64,96,76,134,74,173,116,10,42,22,40,142,39,95,1,125,132,127,128,129,18,131,148,133,103,92,136,137,43,194,146,109,31,147,144,121,162,171,141,149,78,151,152,130,113,155,17,21,108,159,160,135,140,106,164,14,166,167,93,178,170,75,172,79,117,88,24,177,169,179,58,157,182,27,195,83,186,54,119,72,71,53,5,193,19,184,70,104,143,9,];False
8058;8133;16191;[46,174,2,25,189,118,6,61,38,199,49,11,12,0,80,15,16,156,82,196,192,138,20,23,176,3,26,183,37,154,126,115,32,99,34,35,145,28,8,150,13,198,188,122,44,45,181,47,68,123,50,86,52,91,69,55,56,59,58,57,97,7,175,62,120,190,89,67,48,63,29,65,4,73,41,114,112,77,153,161,165,60,110,185,84,85,66,87,124,51,90,191,197,168,94,187,111,81,36,33,100,101,102,98,139,105,180,107,158,30,64,96,76,134,74,173,116,10,42,22,40,142,39,95,1,125,132,127,128,129,18,131,148,133,103,92,136,137,43,194,146,109,31,147,144,121,162,171,141,149,78,151,152,130,113,155,17,21,108,159,160,135,140,106,164,14,166,167,93,178,170,75,172,79,117,88,24,177,169,179,163,157,182,27,195,83,186,54,119,72,71,53,5,193,19,184,70,104,143,9,];False
8140;8049;16189;[46,174,190,25,189,118,6,61,68,199,49,163,12,0,80,15,16,156,82,196,192,138,20,23,176,3,26,183,37,150,126,115,32,99,34,35,145,28,8,154,13,198,188,55,44,45,131,47,38,123,50,86,52,91,69,102,56,59,11,57,97,7,175,62,120,2,89,67,48,63,29,65,4,73,41,114,112,77,153,161,165,60,110,185,84,85,66,87,124,51,90,191,197,168,94,187,101,81,36,33,100,111,122,98,139,105,180,107,158,30,64,96,76,134,74,173,116,10,42,22,169,142,39,95,1,125,132,127,128,129,18,181,148,133,103,92,136,137,43,194,146,109,31,147,144,121,162,171,141,193,78,151,152,130,113,155,17,21,108,159,160,135,140,106,164,14,166,167,93,178,170,75,172,79,117,88,24,177,40,179,58,157,182,27,195,83,186,54,119,72,71,53,5,149,19,184,70,104,143,9,];False
8083;8105;16188;[46,174,190,25,189,118,6,61,38,199,49,11,12,0,80,15,16,156,100,196,192,138,20,23,176,3,26,183,37,154,126,115,32,99,34,35,145,28,8,150,13,198,188,122,44,45,181,47,68,123,50,86,52,91,69,55,56,59,163,57,97,7,175,62,120,2,89,67,48,63,29,65,4,73,41,114,112,77,153,161,165,60,110,185,84,85,66,87,124,51,90,191,197,168,94,187,111,81,36,33,82,101,102,98,139,105,180,107,158,30,64,96,76,134,74,173,116,10,42,22,169,142,39,95,1,125,132,127,128,129,18,131,148,133,103,92,136,137,43,194,146,109,31,147,144,121,162,171,141,149,78,151,152,130,113,155,17,21,108,159,160,135,140,106,164,14,166,167,93,178,170,75,172,79,117,88,24,177,40,179,58,157,182,27,195,83,186,54,119,72,71,53,5,193,19,184,70,104,143,9,];False
8079;8109;16188;[46,174,190,25,189,118,6,61,38,199,49,163,12,0,80,15,16,156,57,196,192,138,20,23,176,3,26,183,37,154,126,115,32,99,34,35,145,28,8,150,13,198,188,102,44,45,131,47,68,123,50,86,52,91,69,55,56,59,11,82,97,7,175,62,120,2,89,67,48,63,29,65,4,73,41,114,112,77,153,161,165,60,110,185,84,85,66,87,124,51,90,191,197,168,94,187,101,81,36,33,100,111,122,98,139,105,180,107,158,30,64,96,76,134,74,173,116,10,42,22,169,142,39,95,1,125,132,127,128,129,18,181,148,133,103,92,136,137,43,194,146,109,31,147,144,121,162,171,141,193,78,151,152,130,113,155,17,21,108,159,160,135,140,106,164,14,166,167,93,178,170,75,172,79,117,88,24,177,40,179,58,157,182,27,195,83,186,54,119,72,71,53,5,149,19,184,70,104,143,9,];False
8114;8074;16188;[46,174,190,25,189,118,6,141,38,199,49,163,12,0,80,15,16,156,82,196,192,138,20,23,176,3,26,183,37,154,126,115,32,99,34,35,145,28,8,150,13,198,188,102,44,45,131,47,68,123,50,86,52,91,69,55,56,59,11,57,97,7,175,62,120,2,89,67,48,63,29,65,4,73,41,114,112,77,153,161,165,60,110,185,84,85,66,87,124,51,90,191,197,168,94,187,101,81,36,33,100,111,122,98,139,105,180,107,158,30,64,96,76,134,74,173,116,10,42,22,169,142,39,95,1,125,132,127,128,129,18,181,148,133,103,92,136,137,43,194,146,109,31,147,144,121,162,171,61,193,78,151,152,130,113,155,17,21,108,159,160,135,140,106,164,14,166,167,93,178,170,75,172,79,117,88,24,177,40,179,58,157,182,27,195,83,186,54,119,72,71,53,5,149,19,184,70,104,143,9,];False
8019;8167;16186;[161,174,2,25,189,118,6,61,38,199,49,11,12,0,80,15,16,156,82,196,192,138,20,23,176,3,26,183,37,154,126,115,32,99,34,35,145,28,8,150,13,198,188,122,44,45,181,47,68,123,50,86,52,91,69,55,56,59,58,57,97,7,175,62,120,190,89,67,48,63,29,65,4,73,41,114,112,77,153,46,165,60,110,185,84,85,66,87,124,51,90,191,197,168,94,187,111,81,36,33,100,101,102,98,139,105,180,107,158,30,64,96,76,134,74,173,116,10,42,22,40,142,39,95,1,125,132,127,128,129,18,131,148,133,103,92,136,137,43,194,146,109,31,147,144,121,162,171,141,149,78,151,152,130,113,155,17,21,108,159,160,135,140,106,164,14,166,167,93,178,170,75,172,79,117,88,24,177,169,179,163,157,182,27,195,83,186,54,119,72,71,53,5,193,19,184,70,104,143,9,];False
8107;8077;16184;[46,174,190,25,189,118,6,61,38,199,49,163,12,0,80,15,16,156,82,196,192,138,20,23,176,3,26,183,37,150,126,115,32,99,34,35,145,28,8,154,13,198,188,55,44,45,131,47,68,123,50,86,52,91,69,102,56,59,11,57,97,7,175,14,120,2,89,67,48,63,29,65,4,73,41,114,112,77,153,161,165,60,110,185,84,85,66,87,124,51,90,191,197,168,94,187,101,81,36,33,100,111,122,98,139,105,180,107,158,30,64,96,76,134,74,173,116,10,42,22,169,142,39,95,1,125,132,127,128,129,18,181,148,133,103,92,136,137,43,194,146,109,31,147,144,121,162,171,141,193,78,151,152,130,113,155,17,21,108,159,160,135,140,106,164,62,166,167,93,178,170,75,172,79,117,88,24,177,40,179,58,157,182,27,195,83,186,54,119,72,71,53,5,149,19,184,70,104,143,9,];False
8088;8093;16181;[46,174,190,25,189,118,6,61,38,199,49,11,12,0,80,15,16,156,82,196,192,138,20,23,176,3,26,183,37,154,126,115,32,99,34,35,145,28,8,150,13,198,188,102,44,45,181,47,68,123,50,86,52,91,69,55,56,59,163,57,97,7,175,62,120,2,89,67,48,63,29,65,4,73,41,114,112,77,153,161,165,60,110,185,84,85,66,87,124,51,90,191,197,168,94,187,101,81,36,33,100,111,122,98,139,105,180,107,158,30,64,96,76,134,74,173,116,10,42,22,169,142,39,95,1,125,132,127,128,129,18,131,148,133,103,92,136,137,43,194,146,109,31,147,144,121,162,171,141,149,78,151,152,130,113,155,17,21,108,159,160,135,140,106,164,14,166,167,93,178,170,75,172,79,117,88,24,177,40,179,58,157,182,184,195,83,186,54,119,72,71,53,5,193,19,27,70,104,143,9,];False
8050;8130;16180;[46,174,2,25,189,118,6,61,38,199,49,11,12,0,80,15,16,156,82,196,192,138,20,23,176,3,26,183,37,154,126,115,32,99,34,35,145,28,8,150,13,198,188,122,44,45,181,47,68,123,50,86,52,91,69,55,56,59,163,57,97,7,175,62,120,190,89,67,48,63,29,65,4,73,41,114,112,77,153,161,165,60,110,185,84,85,66,87,124,51,90,191,197,168,94,187,111,81,36,33,100,101,102,98,139,105,180,107,158,30,64,96,76,134,74,173,116,10,42,22,40,142,39,95,1,125,132,127,128,129,18,131,148,133,103,92,136,137,43,194,146,109,31,147,144,121,162,171,141,149,78,151,152,130,113,155,17,21,108,159,160,135,140,106,164,14,166,167,93,178,170,75,172,79,117,88,24,177,169,179,58,157,182,27,195,83,186,54,119,72,71,53,5,193,19,184,70,104,143,9,];False
8110;8070;16180;[46,174,190,25,189,118,6,61,38,199,49,163,12,0,80,15,16,156,82,196,192,138,20,23,176,3,26,183,37,150,126,115,32,99,34,35,145,28,8,154,13,198,188,55,44,45,131,47,68,123,50,86,52,91,69,102,56,59,11,57,97,7,175,62,120,2,89,67,48,63,29,65,4,73,41,114,112,77,153,161,165,60,110,185,84,85,66,87,124,51,90,191,197,107,94,187,101,81,36,33,100,111,122,98,139,105,180,168,158,30,64,96,76,134,74,173,116,10,42,22,169,142,39,95,1,125,132,127,128,129,18,181,148,133,103,92,136,137,43,194,146,109,31,147,144,121,162,171,141,193,78,151,152,130,113,155,17,21,108,159,160,135,140,106,164,14,166,167,93,178,170,75,172,79,117,88,24,177,40,179,58,157,182,27,195,83,186,54,119,72,71,53,5,149,19,184,70,104,143,9,];False
8105;8071;16176;[46,174,190,25,189,118,6,61,38,199,49,11,12,0,80,15,16,156,82,196,192,138,20,23,176,3,26,183,37,154,126,115,32,99,34,35,145,28,8,150,13,198,188,122,44,45,181,47,68,123,50,86,52,91,69,55,56,59,163,57,97,7,175,62,120,2,89,67,48,63,29,65,4,73,41,114,112,77,153,161,165,60,110,185,84,85,66,87,124,51,90,191,197,168,94,187,111,81,36,33,100,101,102,98,139,105,180,107,158,30,64,96,76,134,74,173,116,10,42,22,169,142,39,95,1,125,132,127,128,129,18,131,148,133,103,92,136,137,43,194,146,109,31,147,144,121,162,171,141,149,78,151,152,130,113,155,17,21,108,159,160,135,140,106,164,14,166,167,93,178,170,75,172,79,117,88,24,177,40,179,58,157,182,27,195,83,186,54,119,72,71,53,5,193,19,184,70,104,143,9,];False
8025;8146;16171;[46,174,2,25,189,118,6,61,38,199,49,11,12,0,80,15,16,156,82,196,192,138,20,23,176,3,26,183,37,194,126,115,32,99,34,35,145,28,8,150,13,198,188,122,44,45,181,47,68,123,50,86,52,91,69,55,56,59,58,57,97,7,175,62,120,190,89,67,48,63,29,65,4,73,41,114,112,77,153,161,165,60,110,185,84,85,66,87,124,51,90,191,197,168,94,187,111,81,36,33,100,101,102,98,139,105,180,107,158,30,64,96,76,134,74,173,116,10,42,22,40,142,39,95,1,125,132,127,128,129,18,131,148,133,103,92,136,137,43,154,146,109,31,147,144,121,162,171,141,149,78,151,152,130,113,155,17,21,108,159,160,135,140,106,164,14,166,167,93,178,170,75,172,79,117,88,24,177,169,179,163,157,182,27,195,83,186,54,119,72,71,53,5,193,19,184,70,104,143,9,];False
8096;8072;16168;[46,174,190,25,189,118,6,61,38,199,49,11,12,0,80,15,16,156,82,196,192,138,20,23,176,3,26,183,37,154,126,115,32,99,34,35,145,28,8,150,13,198,188,102,44,45,181,47,68,123,50,86,52,91,69,55,56,59,163,57,97,7,175,62,120,2,89,67,48,63,29,65,4,73,41,114,112,77,153,161,165,60,110,185,84,85,66,87,124,51,90,191,197,168,94,187,111,81,36,33,100,101,122,98,139,105,180,107,158,30,64,96,76,134,74,173,116,10,42,22,169,142,39,95,1,125,132,127,128,129,18,131,148,133,103,92,136,137,43,194,146,109,31,147,144,121,162,171,141,149,78,151,152,130,113,155,17,21,108,159,160,135,140,106,164,14,166,167,93,178,170,75,172,79,117,88,24,177,40,179,58,157,182,27,195,83,186,54,119,72,71,53,5,193,19,184,70,104,143,9,];False
8108;8055;16163;[46,174,190,25,189,118,6,61,38,199,49,163,12,0,80,175,16,156,82,196,192,138,20,23,176,3,26,183,37,150,126,115,32,99,34,35,145,28,8,154,13,198,188,55,44,45,131,47,68,123,50,86,52,91,69,102,56,59,11,57,97,7,15,62,120,2,89,67,48,63,29,65,4,73,41,114,112,77,153,161,165,60,110,185,84,85,66,87,124,51,90,191,197,168,94,187,101,81,36,33,100,111,122,98,139,105,180,107,158,30,64,96,76,134,74,173,116,10,42,22,169,142,39,95,1,125,132,127,128,129,18,181,148,133,103,92,136,137,43,194,146,109,31,147,144,121,162,171,141,193,78,151,152,130,113,155,17,21,108,159,160,135,140,106,164,14,166,167,93,178,170,75,172,79,117,88,24,177,40,179,58,157,182,27,195,83,186,54,119,72,71,53,5,149,19,184,70,104,143,9,];False
8064;8097;16161;[46,174,190,25,189,118,6,61,38,199,49,11,12,0,80,15,16,156,82,196,192,138,20,23,176,3,26,183,37,154,126,32,115,99,34,35,145,28,8,150,13,198,188,122,44,45,181,47,68,123,50,86,52,91,69,55,56,59,163,57,97,7,175,62,120,2,89,67,48,63,29,65,4,73,41,114,112,77,153,161,165,60,110,185,84,85,66,87,124,51,90,191,197,168,94,187,111,81,36,33,100,101,102,98,139,105,180,107,158,30,64,96,76,134,74,173,116,10,42,22,169,142,39,95,1,125,132,127,128,129,18,131,148,133,103,92,136,137,43,194,146,109,31,147,144,121,162,171,141,149,78,151,152,130,113,155,17,21,108,159,160,135,140,106,164,14,166,167,93,178,170,75,172,79,117,88,24,177,40,179,58,157,182,27,195,83,186,54,119,72,71,53,5,193,19,184,70,104,143,9,];False
7987;8174;16161;[46,174,2,25,189,118,6,61,38,199,49,11,12,0,80,15,16,156,82,196,192,138,20,23,176,3,26,183,37,154,126,115,32,99,34,35,145,28,8,150,13,198,188,122,44,45,181,47,68,123,50,86,52,91,69,55,56,59,58,57,97,7,175,62,120,190,89,67,48,63,29,65,4,73,41,114,112,77,153,161,165,60,110,185,84,85,66,87,124,51,90,191,197,168,94,187,111,81,36,33,100,101,102,98,139,105,180,107,158,30,64,96,76,134,74,173,116,10,42,22,40,17,39,95,1,125,132,127,128,129,18,131,148,133,103,92,136,137,43,194,146,109,31,147,144,121,162,171,141,149,78,151,152,130,113,155,142,21,108,159,160,135,140,106,164,14,166,167,93,178,170,75,172,79,117,88,24,177,169,179,163,157,182,27,195,83,186,54,119,72,71,53,5,193,19,184,70,104,143,9,];False
8030;8129;16159;[46,174,190,25,189,118,6,61,38,199,49,163,12,0,80,15,16,156,82,196,192,138,20,23,176,3,26,183,37,150,126,115,32,99,34,35,145,28,8,154,13,198,188,55,44,45,131,47,68,123,50,86,52,91,69,102,56,59,11,57,97,7,175,62,120,2,89,67,48,63,29,65,4,73,41,114,112,77,153,161,165,60,110,185,84,85,66,87,124,51,90,191,197,168,94,187,101,81,36,33,100,111,122,98,139,105,180,107,140,30,64,96,76,134,74,173,116,10,42,22,169,142,39,95,1,125,132,127,128,129,18,181,148,133,103,92,136,137,43,194,146,109,31,147,144,121,162,171,141,193,78,151,152,130,113,155,17,21,108,159,160,135,158,106,164,14,166,167,93,178,170,75,172,79,117,88,24,177,40,179,58,157,182,27,195,83,186,54,119,72,71,53,5,149,19,184,70,104,143,9,];False
8073;8083;16156;[46,174,190,25,189,118,6,61,38,115,49,163,12,0,80,15,16,156,82,196,192,138,20,23,176,3,26,183,37,150,126,199,32,99,34,35,145,28,8,154,13,198,188,102,44,45,131,47,68,123,50,86,52,91,69,55,56,59,11,57,97,7,175,62,120,2,89,67,48,63,29,65,4,73,41,114,112,77,153,161,165,60,110,185,84,85,66,87,124,51,90,191,197,168,94,187,101,81,36,33,100,111,122,98,139,105,180,107,158,30,64,96,76,134,74,173,116,10,42,22,169,142,39,95,1,125,132,127,128,129,18,181,148,133,103,92,136,137,43,194,146,109,31,147,144,121,162,171,141,193,78,151,152,130,113,155,17,21,108,159,160,135,140,106,164,14,166,167,93,178,170,75,172,79,117,88,24,177,40,179,58,157,182,27,195,83,186,54,119,72,71,53,5,149,19,184,70,104,143,9,];False
8080;8074;16154;[46,174,190,25,189,118,6,61,38,199,49,163,12,0,80,15,16,156,82,196,192,138,20,23,176,3,26,183,37,150,126,115,32,99,34,35,145,28,8,154,13,198,188,55,44,45,131,47,68,123,50,86,52,91,69,102,56,59,11,57,97,7,175,62,120,2,89,67,48,63,29,65,4,73,41,114,112,77,153,161,165,60,110,185,84,85,66,87,124,51,90,191,197,168,94,187,101,81,36,33,100,111,122,98,139,105,180,107,158,30,64,96,76,134,74,173,116,10,42,22,169,142,39,95,1,125,132,127,128,129,18,181,148,133,103,92,136,137,43,194,146,109,31,147,144,121,162,171,141,193,78,151,152,130,113,155,17,21,108,159,160,135,140,106,164,14,166,167,93,178,170,75,72,79,117,88,24,177,40,179,58,157,182,27,195,83,186,54,119,172,71,53,5,149,19,184,70,104,143,9,];False
8079;8070;16149;[46,174,190,25,189,118,6,61,38,199,49,11,12,0,80,15,16,156,82,196,192,138,20,23,176,3,26,183,37,154,126,115,32,99,34,35,145,28,8,150,13,198,188,102,44,45,181,47,68,123,50,86,52,91,69,55,56,59,163,57,97,7,175,62,120,2,89,67,48,63,29,65,4,73,41,114,112,77,153,161,165,60,110,185,84,85,66,87,124,51,90,191,197,168,94,187,101,81,36,33,100,111,122,98,139,105,180,107,158,30,64,96,76,134,74,173,116,10,42,22,169,142,39,95,1,125,132,127,128,129,18,131,148,133,103,92,136,137,43,194,146,109,31,147,144,121,162,171,141,149,78,151,152,130,113,155,17,21,108,159,160,135,140,106,164,14,166,167,93,178,170,75,172,79,117,88,24,177,40,179,58,157,182,27,195,83,186,54,119,72,71,53,5,193,19,184,70,104,143,9,];False
8037;8108;16145;[46,174,190,25,189,118,6,61,38,199,49,11,12,0,80,15,16,156,82,196,192,138,20,23,176,3,26,183,37,154,126,115,32,99,34,35,145,28,8,150,13,198,188,122,44,45,181,47,68,123,50,86,52,91,69,55,56,59,163,57,97,7,175,62,120,2,89,67,48,63,29,65,4,73,41,114,112,77,153,161,165,60,110,185,84,85,66,87,124,51,90,191,197,168,94,187,111,81,36,33,100,101,102,98,139,105,180,107,158,30,64,96,76,134,74,173,116,10,42,22,40,142,39,95,1,125,132,127,128,129,18,131,148,133,103,92,136,137,43,194,146,109,31,147,144,121,162,171,141,149,78,151,152,130,113,155,17,21,108,159,160,135,140,106,164,14,166,167,93,178,170,75,172,79,117,88,24,177,169,179,58,157,182,27,195,83,186,54,119,72,71,53,5,193,19,184,70,104,143,9,];False
7993;8144;16137;[46,174,2,25,189,118,6,61,38,199,49,11,12,0,80,15,16,156,82,196,192,138,20,23,176,3,26,183,37,154,126,115,32,99,34,35,145,28,5,150,13,198,188,122,44,45,181,47,68,123,50,86,52,91,69,55,56,59,58,57,97,7,175,62,120,190,89,67,48,63,29,65,4,73,41,114,112,77,153,161,165,60,110,185,84,85,66,87,124,51,90,191,197,168,94,187,111,81,36,33,100,101,102,98,139,105,180,107,158,30,64,96,76,134,74,173,116,10,42,22,40,142,39,95,1,125,132,127,128,129,18,131,148,133,103,92,136,137,43,194,146,109,31,147,144,121,162,171,141,149,78,151,152,130,113,155,17,21,108,159,160,135,140,106,164,14,166,167,93,178,170,75,172,79,117,88,24,177,169,179,163,157,182,27,195,83,186,54,119,72,71,53,8,193,19,184,70,104,143,9,];False
8048;8085;16133;[46,174,190,25,189,118,6,61,38,199,163,49,12,0,80,15,16,156,82,196,192,138,20,23,176,3,26,183,37,150,126,115,32,99,34,35,132,28,8,154,13,198,188,55,44,45,131,47,68,123,50,86,52,91,69,102,56,59,11,57,97,7,175,62,120,2,89,67,48,63,112,65,4,73,41,114,29,77,153,161,165,60,110,185,84,85,66,87,124,51,90,191,197,168,94,187,101,81,36,33,100,111,122,98,139,105,180,107,158,30,64,96,76,134,74,173,116,10,42,22,169,142,39,95,1,125,145,127,128,129,18,181,148,133,103,92,136,137,43,194,146,109,31,147,144,121,162,171,141,193,78,151,152,130,113,155,17,21,108,159,160,135,140,106,164,14,166,167,93,178,170,75,172,79,117,88,24,177,40,179,58,157,182,27,195,83,186,54,119,72,71,53,5,149,19,184,70,104,143,9,];False
8080;8052;16132;[46,174,190,25,189,118,6,61,38,184,49,163,12,0,80,15,16,156,82,196,192,138,20,23,176,3,26,183,37,150,126,115,32,99,34,35,145,28,8,154,13,198,188,55,44,45,131,47,68,123,50,86,52,91,69,102,56,59,11,57,97,7,175,62,120,2,89,67,48,63,29,65,4,73,41,114,112,77,153,161,165,60,110,185,84,85,66,87,124,51,90,191,197,168,94,187,101,81,36,33,100,111,122,98,139,105,180,107,158,30,64,96,76,134,74,173,116,10,42,22,169,142,39,95,1,125,132,127,128,129,18,181,148,133,103,92,136,137,43,194,146,109,31,147,144,121,162,171,141,193,78,151,152,130,113,155,17,21,108,159,160,135,140,106,164,14,166,167,93,178,170,75,172,79,117,88,24,177,40,179,58,157,182,27,195,83,186,54,119,72,71,53,5,149,19,199,70,104,143,9,];False
7973;8156;16129;[46,174,2,25,189,118,6,61,38,199,49,11,12,0,80,15,16,156,82,196,192,138,20,23,176,3,26,183,37,154,126,115,32,99,34,35,145,28,8,150,13,198,188,122,44,45,181,47,68,123,50,86,52,91,69,55,56,59,58,57,97,7,175,62,120,190,89,67,48,63,29,65,107,73,41,114,112,77,153,161,165,60,110,185,84,85,66,87,124,51,90,191,197,168,94,187,111,81,36,33,100,101,102,98,139,105,180,4,158,30,64,96,76,134,74,173,116,10,42,22,40,142,39,95,1,125,132,127,128,129,18,131,148,133,103,92,136,137,43,194,146,109,31,147,144,121,162,171,141,149,78,151,152,130,113,155,17,21,108,159,160,135,140,106,164,14,166,167,93,178,170,75,172,79,117,88,24,177,169,179,163,157,182,27,195,83,186,54,119,72,71,53,5,193,19,184,70,104,143,9,];False
8031;8096;16127;[46,174,190,25,189,118,6,61,38,199,49,163,12,0,80,15,16,156,82,196,192,138,20,23,176,121,26,183,37,150,126,115,32,99,34,35,145,28,8,154,13,198,188,55,44,45,131,47,68,123,50,86,52,91,69,102,56,59,11,57,97,7,175,62,120,2,89,67,48,63,29,65,4,73,41,114,112,77,153,161,165,60,110,185,84,85,66,87,124,51,90,191,197,168,94,187,101,81,36,33,100,111,122,98,139,105,180,107,158,30,64,96,76,134,74,173,116,10,42,22,169,142,39,95,1,125,132,127,128,129,18,181,148,133,103,92,136,137,43,194,146,109,31,147,144,3,162,171,141,193,78,151,152,130,113,155,17,21,108,159,160,135,140,106,164,14,166,167,93,178,170,75,172,79,117,88,24,177,40,179,58,157,182,27,195,83,186,54,119,72,71,53,5,149,19,184,70,104,143,9,];False
8092;8035;16127;[46,174,190,25,189,143,6,61,38,199,49,163,12,0,80,15,16,156,82,196,192,138,20,23,176,3,26,183,37,150,126,115,32,99,34,35,145,28,8,154,13,198,188,55,44,45,131,47,68,123,50,86,52,91,69,102,56,59,11,57,97,7,175,62,120,2,89,67,48,63,29,65,4,73,41,114,112,77,153,161,165,60,110,185,84,85,66,87,124,51,90,191,197,168,94,187,101,81,36,33,100,111,122,98,139,105,180,107,158,30,64,96,76,134,74,173,116,10,42,22,169,142,39,95,1,125,132,127,128,129,18,181,148,133,103,92,136,137,43,194,146,109,31,147,144,121,162,171,141,193,78,151,152,130,113,155,17,21,108,159,160,135,140,106,164,14,166,167,93,178,170,75,172,79,117,88,24,177,40,179,58,157,182,27,195,83,186,54,119,72,71,53,5,149,19,184,70,104,118,9,];False
7981;8141;16122;[46,174,2,25,189,118,6,61,38,199,49,11,12,0,80,15,16,156,82,196,192,138,20,23,176,3,26,183,37,154,126,115,32,99,34,35,145,28,8,150,13,198,188,122,44,45,181,47,68,123,50,86,52,91,69,55,56,59,58,57,97,7,175,62,120,190,89,67,48,63,29,65,4,73,41,114,112,77,153,161,165,60,110,185,84,85,66,87,124,51,90,191,197,168,94,187,111,81,36,33,100,101,159,98,139,105,180,107,158,30,64,96,76,134,74,173,116,10,42,22,40,142,39,95,1,125,132,127,128,129,18,131,148,133,103,92,136,137,43,194,146,109,31,147,144,121,162,171,141,149,78,151,152,130,113,155,17,21,108,102,160,135,140,106,164,14,166,167,93,178,170,75,172,79,117,88,24,177,169,179,163,157,182,27,195,83,186,54,119,72,71,53,5,193,19,184,70,104,143,9,];False
7982;8138;16120;[46,174,190,25,189,118,6,61,38,199,163,49,12,0,80,15,16,156,82,196,192,138,20,23,176,3,26,183,37,150,126,115,32,99,34,35,145,28,8,154,13,198,188,55,44,45,131,47,68,123,50,86,52,91,69,102,56,59,11,57,97,7,175,62,120,2,89,67,48,63,29,65,4,73,41,114,112,77,153,161,165,60,110,185,84,85,66,87,124,51,90,191,197,168,94,187,101,81,36,33,100,111,122,98,139,105,180,107,158,30,136,96,76,134,74,173,116,10,42,22,169,142,39,95,1,125,132,127,128,129,18,181,148,133,103,92,64,137,43,194,146,109,31,147,144,121,162,171,141,193,78,151,152,130,113,155,17,21,108,159,160,135,140,106,164,14,166,167,93,178,170,75,172,79,117,88,24,177,40,179,58,157,182,27,195,83,186,54,119,72,71,53,5,149,19,184,70,104,143,9,];False
7922;8196;16118;[46,174,190,25,189,118,6,61,38,199,49,163,12,0,80,15,16,156,82,196,192,138,20,23,176,3,26,183,37,150,126,115,32,99,34,35,145,28,8,154,13,198,188,55,44,45,131,47,68,123,50,86,52,91,69,102,56,59,11,57,97,7,175,62,120,2,89,67,48,110,29,65,4,73,41,114,112,77,153,161,165,60,63,185,84,85,66,87,124,51,90,191,197,168,94,187,101,81,36,33,100,111,122,98,139,105,180,107,158,30,64,96,76,134,74,173,116,10,42,22,169,142,39,95,1,125,132,127,128,129,18,181,148,133,103,92,136,137,43,194,146,109,31,147,144,121,162,171,141,193,78,151,152,130,113,155,17,21,108,159,160,135,140,106,164,14,166,167,93,178,170,75,172,79,117,88,24,177,40,179,58,157,182,27,195,83,186,54,119,72,71,53,5,149,19,184,70,104,143,9,];False
8072;8046;16118;[46,174,190,25,37,118,6,61,38,199,49,163,12,0,80,15,16,156,82,196,192,138,20,23,176,3,26,183,189,150,126,115,32,99,34,35,145,28,8,154,13,198,188,55,44,45,131,47,68,123,50,86,52,91,69,102,56,59,11,57,97,7,175,62,120,2,89,67,48,63,29,65,4,73,41,114,112,77,153,161,165,60,110,185,84,85,66,87,124,51,90,191,197,168,94,187,101,81,36,33,100,111,122,98,139,105,180,107,158,30,64,96,76,134,74,173,116,10,42,22,169,142,39,95,1,125,132,127,128,129,18,181,148,133,103,92,136,137,43,194,146,109,31,147,144,121,162,171,141,193,78,151,152,130,113,155,17,21,108,159,160,135,140,106,164,14,166,167,93,178,170,75,172,79,117,88,24,177,40,179,58,157,182,27,195,83,186,54,119,72,71,53,5,149,19,184,70,104,143,9,];False
7974;8144;16118;[46,174,190,25,189,118,6,61,38,199,49,163,12,0,80,15,16,156,82,196,192,138,20,23,176,3,26,183,37,150,126,115,32,99,34,35,145,28,8,154,13,198,188,55,44,45,131,47,68,123,50,86,52,91,69,102,56,59,11,57,97,7,175,62,120,2,89,67,48,63,29,65,4,73,41,21,112,77,153,161,165,60,110,185,84,85,66,87,124,51,90,191,197,168,94,187,101,81,36,33,100,111,122,98,139,105,180,107,158,30,64,96,76,134,74,173,116,10,42,22,169,142,39,95,1,125,132,127,128,129,18,181,148,133,103,92,136,137,43,194,146,109,31,147,144,121,162,171,141,193,78,151,152,130,113,155,17,114,108,159,160,135,140,106,164,14,166,167,93,178,170,75,172,79,117,88,24,177,40,179,58,157,182,27,195,83,186,54,119,72,71,53,5,149,19,184,70,104,143,9,];False
8044;8069;16113;[46,174,190,25,189,118,6,61,38,199,49,11,12,0,80,15,16,156,82,196,192,138,20,23,176,3,26,183,37,154,126,115,32,99,34,35,145,28,8,150,13,198,188,102,44,45,181,47,68,123,50,86,52,91,69,55,56,59,163,57,97,7,175,62,120,2,89,67,48,63,29,65,4,73,41,114,112,77,153,161,165,60,110,185,84,85,66,87,124,51,90,191,197,168,94,187,101,81,36,33,100,111,122,98,139,105,180,107,158,30,64,96,76,134,74,173,116,10,42,22,169,142,39,95,1,125,132,127,128,129,18,131,148,133,103,92,136,137,43,194,146,109,31,147,144,121,162,171,141,193,78,151,152,130,113,155,17,21,108,159,160,135,140,106,164,14,166,167,93,178,170,75,172,79,117,88,24,177,40,179,58,157,182,27,195,83,186,54,119,72,71,53,5,149,19,184,70,104,143,9,];False
8028;8085;16113;[46,174,190,25,28,118,6,61,38,199,163,49,12,0,80,15,16,156,82,196,192,138,20,23,176,3,26,183,37,150,126,115,32,99,34,35,145,189,8,154,13,198,188,55,44,45,131,47,68,123,50,86,52,91,69,102,56,59,11,57,97,7,175,62,120,2,89,67,48,63,29,65,4,73,41,114,112,77,153,161,165,60,110,185,84,85,66,87,124,51,90,191,197,168,94,187,101,81,36,33,100,111,122,98,139,105,180,107,158,30,64,96,76,134,74,173,116,10,42,22,169,142,39,95,1,125,132,127,128,129,18,181,148,133,103,92,136,137,43,194,146,109,31,147,144,121,162,171,141,193,78,151,152,130,113,155,17,21,108,159,160,135,140,106,164,14,166,167,93,178,170,75,172,79,117,88,24,177,40,179,58,157,182,27,195,83,186,54,119,72,71,53,5,149,19,184,70,104,143,9,];False
8072;8037;16109;[46,174,190,25,189,118,6,61,38,199,49,163,12,0,80,15,16,156,82,196,192,138,20,23,176,3,26,183,37,150,126,115,32,31,34,35,145,28,8,154,13,198,188,55,44,45,131,47,68,123,50,86,52,91,69,102,56,59,11,57,97,7,175,62,120,2,89,67,48,63,29,65,4,73,41,114,112,77,153,161,165,60,110,185,84,85,66,87,124,51,90,191,197,168,94,187,101,81,36,33,100,111,122,98,139,105,180,107,158,30,64,96,76,134,74,173,116,10,42,22,169,142,39,95,1,125,132,127,128,129,18,181,148,133,103,92,136,137,43,194,146,109,99,147,144,121,162,171,141,193,78,151,152,130,113,155,17,21,108,159,160,135,140,106,164,14,166,167,93,178,170,75,172,79,117,88,24,177,40,179,58,157,182,27,195,83,186,54,119,72,71,53,5,149,19,184,70,104,143,9,];False
8014;8095;16109;[46,174,190,25,189,118,6,61,38,199,49,163,12,0,80,15,16,185,82,196,192,138,20,23,176,3,26,183,37,150,126,115,32,99,34,35,145,28,8,154,13,198,188,55,44,45,131,47,68,123,50,86,52,91,69,102,56,59,11,57,97,7,175,62,120,2,89,67,48,63,29,65,4,73,41,114,112,77,153,161,165,60,110,156,84,85,66,87,124,51,90,191,197,168,94,187,101,81,36,33,100,111,122,98,139,105,180,107,158,30,64,96,76,134,74,173,116,10,42,22,169,142,39,95,1,125,132,127,128,129,18,181,148,133,103,92,136,137,43,194,146,109,31,147,144,121,162,171,141,193,78,151,152,130,113,155,17,21,108,159,160,135,140,106,164,14,166,167,93,178,170,75,172,79,117,88,24,177,40,179,58,157,182,27,195,83,186,54,119,72,71,53,5,149,19,184,70,104,143,9,];False
8025;8083;16108;[46,174,190,25,189,118,6,61,38,199,49,11,12,0,80,15,16,156,82,196,192,138,20,23,176,3,26,183,37,154,126,115,32,99,34,9,145,28,8,150,13,198,188,102,44,45,181,47,68,123,50,86,52,91,69,55,56,59,163,57,97,7,175,62,120,2,89,67,48,63,29,65,4,73,41,114,112,77,153,161,165,60,110,185,84,85,66,87,124,51,90,191,197,168,94,187,101,81,36,33,100,111,122,98,139,105,180,107,158,30,64,96,76,134,74,173,116,10,42,22,169,142,39,95,1,125,132,127,128,129,18,131,148,133,103,92,136,137,43,194,146,109,31,147,144,121,162,171,141,193,78,151,152,130,113,155,17,21,108,159,160,135,140,106,164,14,166,167,93,178,170,75,172,79,117,88,24,177,40,179,58,157,182,27,195,83,186,54,119,72,71,53,5,149,19,184,70,104,143,35,];False
8077;8027;16104;[46,174,190,25,189,118,6,61,38,199,163,49,12,185,80,15,16,156,82,196,192,138,20,23,176,3,26,183,37,150,126,115,32,99,34,35,132,28,8,154,13,198,188,55,44,45,131,47,68,123,50,86,52,91,69,102,56,59,11,57,97,7,175,62,120,2,89,67,48,63,29,65,4,73,41,114,112,77,153,161,165,60,110,0,84,85,66,87,124,51,90,191,197,168,94,187,101,81,36,33,100,111,122,98,139,105,180,107,158,30,64,96,79,134,74,173,116,10,42,22,169,142,39,95,1,125,145,127,128,129,18,181,148,133,103,92,136,137,43,194,146,109,31,147,144,121,162,171,141,193,78,151,152,130,113,155,17,21,108,159,160,135,140,106,164,14,166,167,93,178,170,75,172,76,117,88,24,177,40,179,58,157,182,27,195,83,186,54,119,72,71,53,5,149,19,184,70,104,143,9,];False
8014;8089;16103;[46,174,190,25,189,118,6,61,38,199,49,163,12,0,80,15,16,156,82,196,192,138,20,23,176,3,26,183,37,154,126,115,32,99,34,35,145,28,159,150,13,198,188,102,44,45,131,47,68,123,50,86,52,91,69,55,56,59,11,57,97,7,175,62,120,2,89,67,48,63,29,65,4,73,41,114,112,77,153,161,165,60,110,185,84,85,66,87,124,51,90,191,197,168,94,187,101,81,36,33,100,111,122,98,139,105,180,107,158,30,64,96,76,134,74,173,116,10,42,22,169,142,39,95,1,125,132,127,128,129,18,181,148,133,103,92,136,137,43,194,146,109,31,147,144,121,162,171,141,193,78,151,152,130,113,155,17,21,108,8,160,135,140,106,164,14,166,167,93,178,170,75,172,79,117,88,24,177,40,179,58,157,182,27,195,83,186,54,119,72,71,53,5,149,19,184,70,104,143,9,];False
8026;8074;16100;[46,174,190,25,189,118,6,198,38,199,49,163,12,0,80,15,16,156,82,196,192,138,20,23,176,3,26,183,37,150,126,115,32,99,34,35,145,28,8,154,13,61,188,55,44,45,131,47,68,123,50,86,52,91,69,102,56,59,11,57,97,7,175,62,120,2,89,67,48,63,29,65,4,73,41,114,112,77,153,161,165,60,110,185,84,85,66,87,124,51,90,191,197,168,94,187,101,81,36,33,100,111,122,98,139,105,180,107,158,30,64,96,76,134,74,173,116,10,42,22,169,142,39,95,1,125,132,127,128,129,18,181,148,133,103,92,136,137,43,194,146,109,31,147,144,121,162,171,141,193,78,151,152,130,113,155,17,21,108,159,160,135,140,106,164,14,166,167,93,178,170,75,172,79,117,88,24,177,40,179,58,157,182,27,195,83,186,54,119,72,71,53,5,149,19,184,70,104,143,9,];False
8006;8093;16099;[46,174,190,25,189,118,6,61,38,199,49,163,12,0,80,15,16,156,82,196,192,138,20,23,176,3,26,183,37,150,126,115,32,99,34,35,145,28,8,154,13,198,188,55,44,45,131,47,68,123,50,86,52,91,69,102,56,59,11,57,97,7,175,62,120,2,89,67,48,63,29,65,4,73,41,114,112,77,153,161,165,60,110,185,84,85,66,87,124,51,90,191,197,168,94,187,101,81,36,33,100,111,122,98,139,105,180,107,158,30,64,96,76,134,74,173,116,10,42,22,169,142,39,95,1,125,132,127,128,129,18,181,148,133,103,92,136,137,43,194,146,109,31,147,144,121,162,171,141,193,78,184,152,130,113,155,17,21,108,159,160,135,140,106,164,14,166,167,93,178,170,75,172,79,117,88,24,177,40,179,58,157,182,27,195,83,186,54,119,72,71,53,5,149,19,151,70,104,143,9,];False
7993;8105;16098;[46,174,190,25,189,118,6,61,38,199,49,163,12,0,80,15,16,156,82,196,192,138,20,23,176,3,26,183,37,150,126,115,32,99,34,35,145,28,8,154,13,198,188,55,44,45,131,47,68,123,50,86,52,91,69,102,56,59,11,57,97,7,175,62,120,2,89,67,48,63,29,65,4,73,41,114,112,77,153,161,165,60,110,185,84,85,66,87,124,51,90,191,197,168,94,187,108,81,36,33,100,111,122,98,139,105,180,107,158,30,64,96,76,134,74,173,116,10,42,22,169,142,39,95,1,125,132,127,128,129,18,181,148,133,103,92,136,137,43,194,146,109,31,147,144,121,162,171,141,193,78,151,152,130,113,155,17,21,101,159,160,135,140,106,164,14,166,167,93,178,170,75,172,79,117,88,24,177,40,179,58,157,182,27,195,83,186,54,119,72,71,53,5,149,19,184,70,104,143,9,];False
7981;8114;16095;[46,174,190,25,189,118,6,61,38,199,49,11,12,0,80,15,16,156,82,196,192,138,20,23,176,3,26,183,37,154,126,115,32,99,34,35,145,28,8,150,13,198,188,102,44,45,181,47,68,123,50,86,52,91,92,55,56,59,163,57,97,7,175,62,120,2,89,67,48,63,29,65,4,73,41,114,112,77,153,161,165,60,110,185,84,85,66,87,124,51,90,191,197,168,94,187,101,81,36,33,100,111,122,98,139,105,180,107,158,30,64,96,76,134,74,173,116,10,42,22,169,142,39,95,1,125,132,127,128,129,18,131,148,133,103,69,136,137,43,194,146,109,31,147,144,121,162,171,141,193,78,151,152,130,113,155,17,21,108,159,160,135,140,106,164,14,166,167,93,178,170,75,172,79,117,88,24,177,40,179,58,157,182,27,195,83,186,54,119,72,71,53,5,149,19,184,70,104,143,9,];False
7975;8119;16094;[46,174,190,25,189,118,6,61,38,199,163,49,12,0,80,15,16,156,82,196,192,138,20,23,176,3,26,183,37,150,126,115,32,99,34,35,145,28,8,154,13,198,188,55,44,45,131,47,68,123,50,86,52,91,69,102,56,59,11,57,97,7,175,62,120,2,89,67,48,63,29,65,4,73,41,114,112,77,153,161,165,60,110,185,84,85,66,87,124,51,90,191,197,168,94,187,101,81,36,33,100,111,122,98,139,105,180,107,158,30,64,96,76,134,74,173,116,10,42,22,169,142,39,108,1,125,132,127,128,129,18,181,148,133,103,92,136,137,43,194,146,109,31,147,144,121,162,171,141,193,78,151,152,130,113,155,17,21,95,159,160,135,140,106,164,14,166,167,93,178,170,75,172,79,117,88,24,177,40,179,58,157,182,27,195,83,186,54,119,72,71,53,5,149,19,184,70,104,143,9,];False
7994;8094;16088;[46,174,190,25,189,118,6,61,38,199,49,163,12,0,80,15,16,156,82,196,192,138,20,23,176,3,26,183,37,150,126,115,32,99,34,35,145,28,8,154,13,198,188,55,44,45,131,47,68,123,50,86,52,91,69,102,56,59,11,57,97,7,175,62,120,2,89,67,48,178,29,65,4,73,41,114,112,77,153,161,165,60,110,185,84,85,66,87,124,51,90,191,197,168,94,187,101,81,36,33,100,111,122,98,139,105,180,107,158,30,64,96,76,134,74,173,116,10,42,22,169,142,39,95,1,125,132,127,128,129,18,181,148,133,103,92,136,137,43,194,146,109,31,147,144,121,162,171,141,193,78,151,152,130,113,155,17,21,108,159,160,135,140,106,164,14,166,167,93,63,170,75,172,79,117,88,24,177,40,179,58,157,182,27,195,83,186,54,119,72,71,53,5,149,19,184,70,104,143,9,];False
8034;8053;16087;[46,174,190,25,189,118,6,182,38,199,49,163,12,0,80,15,16,156,82,196,192,138,20,23,176,3,26,183,37,154,126,115,32,99,34,35,145,28,8,150,13,198,188,102,44,45,131,47,68,123,50,86,52,91,69,55,56,59,11,57,97,7,175,62,120,2,89,67,48,63,29,65,4,73,41,114,112,77,153,161,165,60,110,185,84,85,66,87,124,51,90,191,197,168,94,187,101,81,36,33,100,111,122,98,139,105,180,107,158,30,64,96,76,134,74,173,116,10,42,22,169,142,39,95,1,125,132,127,128,129,18,181,148,133,103,92,136,137,43,194,146,109,31,147,144,121,162,171,141,193,78,151,152,130,113,155,17,21,108,159,160,135,140,106,164,14,166,167,93,178,170,75,172,79,117,88,24,177,40,179,58,157,61,27,195,83,186,54,119,72,71,53,5,149,19,184,70,104,143,9,];False
7972;8114;16086;[46,174,190,25,189,118,6,61,38,199,49,163,12,0,80,15,16,156,82,196,192,138,20,23,176,3,26,183,37,154,126,115,32,99,34,35,145,28,8,150,13,198,188,102,44,45,181,47,68,123,50,86,52,91,69,55,56,59,11,57,97,7,175,62,120,2,89,67,48,63,29,65,4,73,41,114,112,77,153,161,165,60,110,185,84,85,194,87,124,51,90,191,197,168,94,187,101,81,36,33,100,111,122,98,139,105,180,107,158,30,64,96,76,134,74,173,116,10,42,22,169,142,39,95,1,125,132,127,128,129,18,131,148,133,103,92,136,137,43,66,146,109,31,147,144,121,162,171,141,193,78,151,152,130,113,155,17,21,108,159,160,135,140,106,164,14,166,167,93,178,170,75,172,79,117,88,24,177,40,179,58,157,182,27,195,83,186,54,119,72,71,53,5,149,19,184,70,104,143,9,];False
8037;8041;16078;[170,174,190,25,189,118,6,61,38,199,49,163,12,0,80,15,16,156,82,196,192,138,20,23,176,3,26,183,37,150,126,115,32,99,34,35,145,28,8,154,13,198,188,55,44,45,131,47,68,123,50,86,52,91,69,102,56,59,11,57,97,7,175,62,120,2,89,67,48,63,29,65,4,73,41,114,112,77,153,161,165,60,110,185,84,85,66,87,124,51,90,191,197,168,94,187,101,81,36,33,100,111,122,98,139,105,180,107,158,30,64,96,76,134,74,173,116,10,42,22,169,142,39,95,1,125,132,127,128,129,18,181,148,133,103,92,136,137,43,194,146,109,31,147,144,121,162,171,141,193,78,151,152,130,113,155,17,21,108,159,160,135,140,106,164,14,166,167,93,178,46,75,172,79,117,88,24,177,40,179,58,157,182,27,195,83,186,54,119,72,71,53,5,149,19,184,70,104,143,9,];False
7999;8069;16068;[46,174,190,25,189,118,6,61,38,199,49,163,12,0,80,15,16,156,82,196,192,138,20,23,176,3,26,183,37,154,126,115,32,99,34,35,145,28,8,150,13,198,188,102,44,45,181,47,68,123,50,86,52,91,69,55,56,59,11,57,97,7,175,62,120,2,89,67,48,63,29,65,4,73,41,114,112,77,153,161,165,60,110,185,84,85,66,87,124,51,90,191,197,168,94,187,101,81,36,33,100,111,122,98,139,105,180,107,158,30,64,96,76,134,74,173,116,10,42,22,169,142,39,95,1,125,132,127,128,129,18,131,148,133,103,92,136,137,43,194,146,109,31,147,144,121,162,171,141,193,78,151,152,130,113,155,17,21,108,159,160,135,140,106,164,14,166,167,93,178,170,75,172,79,117,88,24,177,40,179,58,157,182,27,195,83,186,54,119,72,71,53,5,149,19,184,70,104,143,9,];False
7985;8080;16065;[46,174,190,25,189,118,6,61,38,199,49,163,12,0,80,15,16,156,82,196,192,138,20,23,176,3,26,183,37,150,126,115,32,99,34,35,145,28,8,154,13,198,188,102,44,45,131,47,68,123,50,86,52,91,69,55,56,59,11,57,97,7,175,62,120,2,89,67,48,63,29,65,4,73,41,114,112,77,153,161,165,60,110,185,84,85,66,87,124,51,90,191,197,168,94,187,101,81,36,33,100,111,122,98,139,105,180,107,158,30,64,96,76,134,74,173,116,10,42,22,169,142,39,95,1,125,132,127,128,129,18,181,148,133,103,92,136,137,43,194,146,109,31,147,144,121,162,171,141,193,78,151,152,130,113,155,17,21,108,159,160,135,140,164,106,14,166,167,93,178,170,75,172,79,117,88,24,177,40,179,58,157,182,27,195,83,186,54,119,72,71,53,5,149,19,184,70,104,143,9,];False
8008;8054;16062;[46,174,190,25,189,118,6,61,38,199,49,163,12,0,80,15,16,156,82,196,192,138,20,23,176,3,26,183,37,154,126,115,32,99,34,35,145,28,8,150,13,198,188,102,44,45,131,47,68,123,50,86,52,91,69,55,56,59,11,57,97,7,175,62,120,2,89,67,48,63,29,65,4,73,41,114,112,77,153,161,165,60,110,185,84,85,66,87,124,51,90,191,197,168,94,187,101,81,36,33,100,111,122,98,139,105,180,107,158,30,64,96,76,134,74,173,116,10,42,22,169,142,39,95,1,125,132,127,128,129,18,181,148,133,103,92,136,137,43,194,146,109,31,147,144,121,162,171,141,193,78,151,152,130,113,155,17,21,108,159,160,135,140,106,164,14,166,167,93,178,170,75,172,79,117,88,24,177,40,179,58,157,182,27,195,83,186,54,119,72,71,53,5,149,19,184,70,104,143,9,];False
7946;8115;16061;[46,174,190,25,189,118,6,61,38,199,49,11,12,0,80,15,16,156,82,196,192,138,20,23,176,3,26,183,37,154,126,115,32,99,34,35,145,28,8,150,13,198,188,102,44,45,181,47,68,123,50,86,52,91,69,55,56,59,163,57,97,7,175,62,120,2,89,67,48,63,29,65,4,73,41,114,112,77,153,161,165,60,110,185,84,85,66,87,124,159,90,191,197,168,94,187,101,81,36,33,100,111,122,98,139,105,180,107,158,30,64,96,76,134,74,173,116,10,42,22,169,142,39,95,1,125,132,127,128,129,18,131,148,133,103,92,136,137,43,194,146,109,31,147,144,121,162,171,141,193,78,151,152,130,113,155,17,21,108,51,160,135,140,106,164,14,166,167,93,178,170,75,172,79,117,88,24,177,40,179,58,157,182,27,195,83,186,54,119,72,71,53,5,149,19,184,70,104,143,9,];False
7968;8091;16059;[46,174,190,25,189,118,6,61,38,199,49,163,12,0,80,15,16,156,82,196,192,138,20,23,176,3,26,183,37,150,126,115,32,99,34,35,145,28,8,154,13,198,188,102,44,45,131,47,68,123,50,86,52,91,69,55,56,59,11,57,97,7,175,62,120,2,89,67,48,63,29,65,4,73,41,114,112,77,153,161,165,60,110,185,84,85,66,87,124,51,90,191,197,168,94,187,101,81,36,33,100,111,122,98,139,105,180,107,158,30,64,96,76,134,74,173,116,10,42,22,169,142,39,95,1,125,132,127,128,129,70,181,148,133,103,92,136,137,43,194,146,109,31,147,144,121,162,171,141,193,78,151,152,130,113,155,17,21,108,159,160,135,140,106,164,14,166,167,93,178,170,75,172,79,117,88,24,177,40,179,58,157,182,27,195,83,186,54,119,72,71,53,5,149,19,184,18,104,143,9,];False
7972;8085;16057;[46,174,190,25,189,118,6,61,38,199,163,49,12,185,80,15,16,156,82,196,192,138,20,23,176,3,26,183,37,150,126,115,32,99,34,35,132,28,8,154,13,198,188,55,44,45,131,47,68,123,50,86,52,91,69,102,56,59,11,57,97,7,175,62,120,2,89,67,48,63,29,65,4,73,41,114,112,77,153,161,165,60,110,0,84,85,66,87,124,51,90,191,197,187,94,168,101,81,36,33,100,111,122,98,139,105,180,107,158,30,64,96,76,134,74,173,116,10,42,22,169,142,39,95,1,125,145,127,128,129,18,181,148,133,103,92,136,137,43,194,146,109,31,147,144,121,162,171,141,193,78,151,152,130,113,155,17,21,108,159,160,135,140,106,164,14,166,167,93,178,170,75,172,79,117,88,24,177,40,179,58,157,182,27,195,83,186,54,119,72,71,53,5,149,19,184,70,104,143,9,];False
8018;8039;16057;[46,174,190,25,189,118,6,61,38,199,49,163,12,0,80,15,16,156,82,196,192,138,20,23,176,3,26,183,37,150,126,115,32,99,34,35,145,28,8,154,13,198,188,55,44,45,131,47,68,123,50,86,52,91,69,102,56,59,11,57,97,7,175,62,120,191,89,67,48,63,29,65,4,73,41,114,112,77,153,161,165,60,110,185,84,85,66,87,124,51,90,2,197,168,94,187,101,81,36,33,100,111,122,98,139,105,180,107,158,30,64,96,76,134,74,173,116,10,42,22,169,142,39,95,1,125,132,127,128,129,18,181,148,133,103,92,136,137,43,194,146,109,31,147,144,121,162,171,141,193,78,151,152,130,113,155,17,21,108,159,160,135,140,106,164,14,166,167,93,178,170,75,172,79,117,88,24,177,40,179,58,157,182,27,195,83,186,54,119,72,71,53,5,149,19,184,70,104,143,9,];False
8001;8056;16057;[46,174,190,25,189,118,6,61,38,199,49,163,12,0,80,15,16,156,82,196,192,138,20,23,176,3,26,183,37,150,126,115,32,99,34,35,145,160,8,154,13,198,188,55,44,45,131,47,68,123,50,86,52,91,69,102,56,59,11,57,97,7,175,62,120,2,89,67,48,63,29,65,4,73,41,114,112,77,153,161,165,60,110,185,84,85,66,87,124,51,90,191,197,168,94,187,101,81,36,33,100,111,122,98,139,105,180,107,158,30,64,96,76,134,74,173,116,10,42,22,169,142,39,95,1,125,132,127,128,129,18,181,148,133,103,92,136,137,43,194,146,109,31,147,144,121,162,171,141,193,78,151,152,130,113,155,17,21,108,159,28,135,140,106,164,14,166,167,93,178,170,75,172,79,117,88,24,177,40,179,58,157,182,27,195,83,186,54,119,72,71,53,5,149,19,184,70,104,143,9,];False
8024;8032;16056;[46,174,190,25,189,118,6,61,38,199,49,163,12,0,80,15,16,156,82,196,192,138,20,23,176,3,26,183,37,150,126,115,32,99,34,35,145,28,8,154,13,198,188,55,44,45,131,47,68,123,50,86,52,91,69,102,56,157,11,57,97,7,175,62,120,2,89,67,48,63,29,65,4,73,41,114,112,77,153,161,165,60,110,185,84,85,66,87,124,51,90,191,197,168,94,187,101,81,36,33,100,111,122,98,139,105,180,107,158,30,64,96,76,134,74,173,116,10,42,22,169,142,39,95,1,125,132,127,128,129,18,181,148,133,103,92,136,137,43,194,146,109,31,147,144,121,162,171,141,193,78,151,152,130,113,155,17,21,108,159,160,135,140,106,164,14,166,167,93,178,170,75,172,79,117,88,24,177,40,179,58,59,182,27,195,83,186,54,119,72,71,53,5,149,19,184,70,104,143,9,];False
7964;8092;16056;[46,174,190,25,189,118,6,61,38,199,49,11,12,0,80,15,16,156,82,196,192,138,20,23,176,3,26,183,37,154,126,115,32,99,34,35,145,28,8,150,13,198,188,122,44,45,181,47,68,123,50,86,52,91,69,55,56,59,163,57,97,7,175,62,120,2,89,67,48,63,29,65,4,73,41,114,112,77,153,161,165,60,110,185,84,85,66,87,124,51,90,191,197,168,94,187,111,81,36,33,100,101,102,98,139,105,180,107,158,30,64,96,76,134,74,173,116,10,42,22,169,142,39,95,1,125,132,127,128,129,18,131,148,133,103,157,136,137,43,194,146,109,31,147,144,121,162,171,141,149,78,151,152,130,113,155,17,21,108,159,160,135,140,106,164,14,166,167,93,178,170,75,172,79,117,88,24,177,40,179,58,92,182,27,195,83,186,54,119,72,71,53,5,193,19,184,70,104,143,9,];False
7997;8058;16055;[46,174,190,25,189,118,6,61,38,199,49,163,12,0,80,15,16,156,82,196,192,138,20,23,176,3,26,183,37,150,126,115,32,99,34,35,145,28,8,154,13,198,188,55,44,45,131,47,68,123,50,86,52,91,69,102,56,59,11,57,97,7,175,62,120,2,89,67,48,63,29,65,4,73,41,114,112,77,153,161,165,60,110,185,84,85,66,87,124,51,90,191,197,168,94,187,101,81,36,33,100,111,122,98,139,105,180,107,158,30,64,96,76,134,74,173,116,10,42,22,169,142,39,95,1,125,132,127,128,129,18,181,148,133,103,92,136,137,43,72,146,109,31,147,144,121,162,171,141,193,78,151,152,130,113,155,17,21,108,159,160,135,140,106,164,14,166,167,93,178,170,75,172,79,117,88,24,177,40,179,58,157,182,27,195,83,186,54,119,194,71,53,5,149,19,184,70,104,143,9,];False
8006;8048;16054;[46,174,190,25,189,118,6,61,38,199,49,163,12,0,80,15,16,156,82,196,192,138,20,23,176,3,26,183,37,150,178,115,32,99,34,35,145,28,8,154,13,198,188,55,44,45,131,47,68,123,50,86,52,91,69,102,56,59,11,57,97,7,175,62,120,2,89,67,48,63,29,65,4,73,41,114,112,77,153,161,165,60,110,185,84,85,66,87,124,51,90,191,197,168,94,187,101,81,36,33,100,111,122,98,139,105,180,107,158,30,64,96,76,134,74,173,116,10,42,22,169,142,39,95,1,125,132,127,128,129,18,181,148,133,103,92,136,137,43,194,146,109,31,147,144,121,162,171,141,193,78,151,152,130,113,155,17,21,108,159,160,135,140,106,164,14,166,167,93,126,170,75,172,79,117,88,24,177,40,179,58,157,182,27,195,83,186,54,119,72,71,53,5,149,19,184,70,104,143,9,];False
8006;8046;16052;[46,174,190,25,189,118,6,61,38,199,49,163,12,0,80,15,16,156,82,196,192,138,20,23,176,3,26,183,37,150,126,115,32,99,34,35,145,28,8,154,13,198,188,55,44,45,131,47,68,123,50,86,52,91,69,102,56,59,11,57,97,7,175,62,120,2,89,67,48,63,29,65,4,73,41,114,112,77,153,161,165,60,110,185,84,85,66,87,124,51,90,191,197,168,94,187,101,81,36,33,100,111,122,98,139,105,180,107,158,30,64,96,76,134,74,173,116,10,42,22,169,142,39,95,1,125,132,127,128,129,18,181,148,133,103,92,136,137,43,27,146,109,31,147,144,121,162,171,141,193,78,151,152,130,113,155,17,21,108,159,160,135,140,106,164,14,166,167,93,178,170,75,172,79,117,88,24,177,40,179,58,157,182,194,195,83,186,54,119,72,71,53,5,149,19,184,70,104,143,9,];False
7982;8070;16052;[46,174,190,25,189,118,6,61,38,199,49,163,12,197,80,15,16,156,82,196,192,138,20,23,176,3,26,183,37,150,126,115,32,99,34,35,145,28,8,154,13,198,188,55,44,45,131,47,68,123,50,86,52,91,69,102,56,59,11,57,97,7,175,62,120,2,89,67,48,63,29,65,4,73,41,114,112,77,153,161,165,60,110,185,84,85,66,87,124,51,90,191,0,168,94,187,101,81,36,33,100,111,122,98,139,105,180,107,158,30,64,96,76,134,74,173,116,10,42,22,169,142,39,95,1,125,132,127,128,129,18,181,148,133,103,92,136,137,43,194,146,109,31,147,144,121,162,171,141,193,78,151,152,130,113,155,17,21,108,159,160,135,140,106,164,14,166,167,93,178,170,75,172,79,117,88,24,177,40,179,58,157,182,27,195,83,186,54,119,72,71,53,5,149,19,184,70,104,143,9,];False
7964;8087;16051;[46,174,190,25,189,118,6,61,38,199,49,163,12,0,80,15,16,156,82,196,192,138,20,23,176,3,26,183,37,150,131,115,32,99,34,35,145,28,8,154,13,198,188,55,44,45,126,47,68,123,50,86,52,91,69,102,56,59,11,57,97,7,175,62,120,2,89,67,48,63,29,65,4,73,41,114,112,77,153,161,165,60,110,185,84,85,66,87,124,51,90,191,197,168,94,187,101,81,36,33,100,111,122,98,139,105,180,107,158,30,64,96,76,134,74,173,116,10,42,22,169,142,39,95,1,125,132,127,128,129,18,181,148,133,103,92,136,137,43,194,146,109,31,147,144,121,162,171,141,193,78,151,152,130,113,155,17,21,108,159,160,135,140,106,164,14,166,167,93,178,170,75,172,79,117,88,24,177,40,179,58,157,182,27,195,83,186,54,119,72,71,53,5,149,19,184,70,104,143,9,];False
7941;8107;16048;[46,174,190,25,189,118,6,61,38,199,49,163,12,0,80,15,16,156,82,196,192,138,20,23,176,3,26,183,37,150,126,115,32,99,34,35,145,28,8,154,13,198,188,55,44,45,131,47,68,123,50,86,52,91,69,102,56,59,11,57,97,7,175,62,120,2,89,67,48,63,29,65,4,73,41,114,187,77,153,161,165,60,110,185,84,85,66,87,124,51,90,191,197,168,94,112,101,81,36,33,100,111,122,98,139,105,180,107,158,30,64,96,76,134,74,173,116,10,42,22,169,142,39,95,1,125,132,127,128,129,18,181,148,133,103,92,136,137,43,194,146,109,31,147,144,121,162,171,141,193,78,151,152,130,113,155,17,21,108,159,160,135,140,106,164,14,166,167,93,178,170,75,172,79,117,88,24,177,40,179,58,157,182,27,195,83,186,54,119,72,71,53,5,149,19,184,70,104,143,9,];False
7972;8073;16045;[46,174,190,25,189,118,6,61,38,199,49,163,12,0,80,15,16,156,82,5,192,138,20,23,176,3,26,183,37,150,126,115,32,99,34,35,145,28,8,154,13,198,188,102,44,45,131,47,68,123,50,86,52,91,69,55,56,59,11,57,97,7,175,62,120,2,89,67,48,63,29,65,4,73,41,114,112,77,153,161,165,60,110,185,84,85,66,87,124,51,90,191,197,168,94,187,101,81,36,33,100,111,122,98,139,105,180,107,158,30,64,96,76,134,74,173,116,10,42,22,169,142,39,95,1,125,132,127,128,129,18,181,148,133,103,92,136,137,43,194,146,109,31,147,144,121,162,171,141,193,78,151,152,130,113,155,17,21,108,159,160,135,140,106,164,14,166,167,93,178,170,75,172,79,117,88,24,177,40,179,58,157,182,27,195,83,186,54,119,72,71,53,196,149,19,184,70,104,143,9,];False
8011;8033;16044;[46,174,190,138,189,118,6,61,38,199,49,163,12,0,80,15,16,156,82,196,192,25,20,23,176,3,26,183,37,150,126,115,32,99,34,35,145,28,8,154,13,198,188,55,44,45,131,47,68,123,50,86,52,91,69,102,56,59,11,57,97,7,175,62,120,2,89,67,48,63,29,65,4,73,41,114,112,77,153,161,165,60,110,185,84,85,66,87,124,51,90,191,197,168,94,187,101,81,36,33,100,111,122,98,139,105,180,107,158,30,64,96,76,134,74,173,116,10,42,22,169,142,39,95,1,125,132,127,128,129,18,181,148,133,103,92,136,137,43,194,146,109,31,147,144,121,162,171,141,193,78,151,152,130,113,155,17,21,108,159,160,135,140,106,164,14,166,167,93,178,170,75,172,79,117,88,24,177,40,179,58,157,182,27,195,83,186,54,119,72,71,53,5,149,19,184,70,104,143,9,];False
7959;8083;16042;[46,174,190,25,189,118,98,61,38,199,49,163,12,0,80,15,16,156,82,196,192,138,20,23,176,3,26,183,37,154,126,115,32,99,34,35,145,28,8,150,13,198,188,102,44,45,181,47,68,123,50,86,52,91,69,55,56,59,11,57,97,7,175,62,120,2,89,67,48,63,29,65,4,73,41,114,112,77,153,161,165,60,110,185,84,85,66,87,124,51,90,191,197,168,94,187,101,81,36,33,100,111,122,6,139,105,180,107,158,30,64,96,76,134,74,173,116,10,42,22,169,142,39,95,1,125,132,127,128,129,18,131,148,133,103,92,136,137,43,194,146,109,31,147,144,121,162,171,141,193,78,151,152,130,113,155,17,21,108,159,160,135,140,106,164,14,166,167,93,178,170,75,172,79,117,88,24,177,40,179,58,157,182,27,195,83,186,54,119,72,71,53,5,149,19,184,70,104,143,9,];False
7948;8094;16042;[46,174,190,25,189,118,6,61,38,199,49,163,12,0,80,15,16,156,82,196,192,138,20,23,176,3,26,183,37,150,126,115,32,99,34,35,145,28,8,154,13,198,188,55,44,45,131,47,68,123,50,86,52,91,69,102,56,59,11,57,97,7,175,62,120,2,89,67,48,63,29,65,4,73,41,114,112,77,153,161,165,60,110,185,84,85,66,87,124,51,90,191,197,168,94,187,101,81,36,33,64,111,122,98,139,105,180,107,158,30,100,96,76,134,74,173,116,10,42,22,169,142,39,95,1,125,132,127,128,129,18,181,148,133,103,92,136,137,43,194,146,109,31,147,144,121,162,171,141,193,78,151,152,130,113,155,17,21,108,159,160,135,140,106,164,14,166,167,93,178,170,75,172,79,117,88,24,177,40,179,58,157,182,27,195,83,186,54,119,72,71,53,5,149,19,184,70,104,143,9,];False
7906;8134;16040;[46,174,190,25,189,118,6,61,38,199,163,49,12,0,80,15,16,156,82,196,192,138,20,23,176,3,26,183,37,150,126,115,32,99,34,35,145,28,8,154,13,198,188,55,44,45,131,47,68,123,50,86,52,91,69,102,56,59,11,57,97,7,175,62,120,2,89,67,48,63,29,65,4,73,41,114,112,77,153,161,165,60,110,185,84,85,66,87,124,51,90,191,197,168,94,187,101,81,36,33,100,111,122,98,139,105,180,107,158,30,64,96,76,134,74,173,116,10,42,22,169,142,39,95,1,125,132,127,128,129,18,181,148,133,103,92,136,137,43,194,146,109,31,147,144,121,162,171,141,193,78,151,152,130,113,155,17,117,108,159,160,135,140,106,164,14,166,167,93,178,170,75,172,79,21,88,24,177,40,179,58,157,182,27,195,83,186,54,119,72,71,53,5,149,19,184,70,104,143,9,];False
7970;8068;16038;[46,174,190,25,189,118,6,61,38,199,49,163,12,0,80,15,16,156,82,196,192,138,20,23,176,3,26,183,37,150,126,115,32,99,34,35,145,28,8,154,13,198,188,55,44,45,131,47,68,123,50,86,52,91,69,102,56,59,11,57,97,7,175,62,120,2,89,67,48,63,29,65,4,73,41,114,112,77,153,161,165,60,110,185,84,85,66,87,124,51,90,191,197,168,94,187,101,81,36,33,100,111,122,98,139,105,180,107,158,30,64,96,76,134,74,173,116,10,42,22,169,142,39,95,1,125,132,127,128,129,18,181,148,133,103,92,136,137,43,194,146,109,31,147,144,121,162,171,141,193,78,151,152,119,113,155,17,21,108,159,160,135,140,106,164,14,166,167,93,178,170,75,172,79,117,88,24,177,40,179,58,157,182,27,195,83,186,54,130,72,71,53,5,149,19,184,70,104,143,9,];False
7989;8047;16036;[46,174,190,25,189,118,6,61,38,199,163,49,12,0,80,15,16,156,82,196,192,138,20,23,176,3,26,183,37,150,126,115,32,99,34,35,145,28,8,154,13,198,188,55,44,45,131,47,68,123,50,86,52,91,69,102,56,59,11,57,97,7,175,62,120,2,89,67,48,63,29,65,4,73,41,114,112,77,153,161,165,60,110,185,84,85,66,87,124,51,90,191,197,168,94,187,101,81,36,33,100,111,122,98,139,105,180,107,158,30,64,96,76,134,74,173,116,10,42,22,169,142,39,95,1,125,132,127,128,129,18,181,148,133,103,92,136,137,43,194,146,109,14,147,144,121,162,171,141,193,78,151,152,130,113,155,17,21,108,159,160,135,140,106,164,31,166,167,93,178,170,75,172,79,117,88,24,177,40,179,58,157,182,27,195,83,186,54,119,72,71,53,5,149,19,184,70,104,143,9,];False
7953;8081;16034;[46,49,190,25,189,118,6,61,38,199,174,163,12,0,80,15,16,156,82,196,192,138,20,23,176,3,26,183,37,150,126,115,32,99,34,35,145,28,8,154,13,198,188,55,44,45,131,47,68,123,50,86,52,91,69,102,56,59,11,57,97,7,175,62,120,2,89,67,48,63,29,65,4,73,41,114,112,77,153,161,165,60,110,185,84,85,66,87,124,51,90,191,197,168,94,187,101,81,36,33,100,111,122,98,139,105,180,107,158,30,64,96,76,134,74,173,116,10,42,22,169,142,39,95,1,125,132,127,128,129,18,181,148,133,103,92,136,137,43,194,146,109,31,147,144,121,162,171,141,193,78,151,152,130,113,155,17,21,108,159,160,135,140,106,164,14,166,167,93,178,170,75,172,79,117,88,24,177,40,179,58,157,182,27,195,83,186,54,119,72,71,53,5,149,19,184,70,104,143,9,];False
7941;8093;16034;[46,174,190,25,189,118,6,61,38,199,49,163,12,0,80,15,16,156,82,196,192,138,20,47,176,3,26,183,37,150,126,115,32,99,34,35,145,28,8,154,13,198,188,55,44,45,131,23,68,123,50,86,52,91,69,102,56,59,11,57,97,7,175,62,120,2,89,67,48,63,29,65,4,73,41,114,112,77,153,161,165,60,110,185,84,85,66,87,124,51,90,191,197,168,94,187,101,81,36,33,100,111,122,98,139,105,180,107,158,30,64,96,76,134,74,173,116,10,42,22,169,142,39,95,1,125,132,127,128,129,18,181,148,133,103,92,136,137,43,194,146,109,31,147,144,121,162,171,141,193,78,151,152,130,113,155,17,21,108,159,160,135,140,106,164,14,166,167,93,178,170,75,172,79,117,88,24,177,40,179,58,157,182,27,195,83,186,54,119,72,71,53,5,149,19,184,70,104,143,9,];False
7891;8141;16032;[46,174,190,25,189,118,6,61,38,199,49,163,12,0,80,15,16,156,82,196,192,138,20,23,176,3,26,183,37,150,126,115,32,99,34,35,145,28,8,154,13,198,188,55,44,45,131,123,68,47,50,86,52,91,69,102,56,59,11,57,97,7,175,62,120,2,89,67,48,63,29,65,4,73,41,114,112,77,153,161,165,60,110,185,84,85,66,87,124,51,90,191,197,168,94,187,101,81,36,33,100,111,122,98,139,105,180,107,158,30,64,96,76,134,74,173,116,10,42,22,169,142,39,95,1,125,132,127,128,129,18,181,148,133,103,92,136,137,43,194,146,109,31,147,144,121,162,171,141,193,78,151,152,130,113,155,17,21,108,159,160,135,140,106,164,14,166,167,93,178,170,75,172,79,117,88,24,177,40,179,58,157,182,27,195,83,186,54,119,72,71,53,5,149,19,184,70,104,143,9,];False
7973;8055;16028;[46,174,190,25,189,118,6,61,38,199,163,49,12,0,80,15,16,156,82,196,192,138,20,23,176,3,26,183,37,150,126,115,32,99,34,35,145,28,2,154,13,198,188,55,44,45,131,47,68,123,50,86,52,91,69,102,56,59,11,57,97,7,175,62,120,8,89,67,48,63,29,65,4,73,41,114,112,77,153,161,165,60,110,185,84,85,66,87,124,51,90,191,197,168,94,187,101,81,36,33,100,111,122,98,139,105,180,107,158,30,64,96,76,134,74,173,116,10,42,22,169,142,39,95,1,125,132,127,128,129,18,181,148,133,103,92,136,137,43,194,146,109,31,147,144,121,162,171,141,193,78,151,152,130,113,155,17,21,108,159,160,135,140,106,164,14,166,167,93,178,170,75,172,79,117,88,24,177,40,179,58,157,182,27,195,83,186,54,119,72,71,53,5,149,19,184,70,104,143,9,];False
7947;8076;16023;[46,174,190,25,189,118,6,61,38,199,49,163,12,0,80,15,16,156,82,196,192,138,20,23,176,3,26,183,37,150,126,115,32,99,34,35,145,28,8,154,13,198,188,55,44,45,131,47,68,123,50,86,52,91,69,102,56,59,11,57,97,7,175,62,120,2,89,67,48,63,29,65,4,73,41,114,112,77,153,161,165,60,110,185,84,85,66,87,124,51,90,191,197,168,94,187,101,81,36,33,100,111,122,98,139,105,180,107,158,30,64,96,76,134,74,173,116,10,42,22,169,142,39,95,1,125,132,127,128,129,18,181,148,133,103,92,136,137,43,194,146,109,31,147,144,121,162,171,141,193,78,151,152,130,113,155,17,21,75,159,160,135,140,106,164,14,166,167,93,178,170,108,172,79,117,88,24,177,40,179,58,157,182,27,195,83,186,54,119,72,71,53,5,149,19,184,70,104,143,9,];False
7923;8100;16023;[46,174,190,25,189,118,6,61,38,199,49,163,12,0,80,15,16,156,82,196,192,138,20,23,176,3,26,183,37,150,126,115,32,99,34,35,145,28,8,154,13,198,188,102,44,45,131,47,68,123,50,86,52,91,69,55,56,59,11,57,97,7,175,62,120,2,89,67,48,63,29,65,4,73,41,114,112,77,153,161,165,60,110,185,84,85,136,87,124,51,90,191,197,168,94,187,101,81,36,33,100,111,122,98,139,105,180,107,158,30,64,96,76,134,74,173,116,10,42,22,169,142,39,95,1,125,132,127,128,129,18,181,148,133,103,92,66,137,43,194,146,109,31,147,144,121,162,171,141,193,78,151,152,130,113,155,17,21,108,159,160,135,140,106,164,14,166,167,93,178,170,75,172,79,117,88,24,177,40,179,58,157,182,27,195,83,186,54,119,72,71,53,5,149,19,184,70,104,143,9,];False
7945;8071;16016;[46,174,190,25,189,118,6,61,38,199,49,163,12,0,80,15,16,156,82,196,192,138,20,198,176,3,26,183,37,150,126,115,32,99,34,35,145,28,8,154,13,23,188,55,44,45,131,47,68,123,50,86,52,91,69,102,56,59,11,57,97,7,175,62,120,2,89,67,48,63,29,65,4,73,41,114,112,77,153,161,165,60,110,185,84,85,66,87,124,51,90,191,197,168,94,187,101,81,36,33,100,111,122,98,139,105,180,107,158,30,64,96,76,134,74,173,116,10,42,22,169,142,39,95,1,125,132,127,128,129,18,181,148,133,103,92,136,137,43,194,146,109,31,147,144,121,162,171,141,193,78,151,152,130,113,155,17,21,108,159,160,135,140,106,164,14,166,167,93,178,170,75,172,79,117,88,24,177,40,179,58,157,182,27,195,83,186,54,119,72,71,53,5,149,19,184,70,104,143,9,];False
7981;8035;16016;[46,174,190,25,189,118,6,61,38,199,49,163,12,0,80,15,16,156,82,196,192,138,20,23,176,3,26,183,37,150,126,115,32,99,34,35,145,28,8,154,13,198,188,55,44,45,131,47,68,123,50,86,52,91,69,102,56,59,11,57,97,7,175,62,120,2,89,67,48,63,29,65,4,73,41,114,112,77,153,161,165,60,110,185,84,85,66,87,124,51,90,191,197,168,94,187,101,81,36,33,100,111,122,98,139,105,180,107,158,30,64,96,76,134,74,173,116,10,42,22,169,142,39,95,1,125,132,127,128,129,18,181,148,133,103,92,136,137,43,194,146,109,31,147,144,121,162,171,141,193,78,151,152,130,113,155,17,21,108,159,160,135,140,106,71,14,166,167,93,178,170,75,172,79,117,88,24,177,40,179,58,157,182,27,195,83,186,54,119,72,164,53,5,149,19,184,70,104,143,9,];False
7981;8032;16013;[46,174,190,25,189,118,6,61,38,199,163,49,12,0,80,15,16,156,82,196,192,138,20,23,176,3,26,183,37,150,126,115,32,31,34,35,145,28,8,154,13,198,188,55,44,45,131,47,68,123,50,86,52,91,69,102,56,59,11,57,97,7,175,62,120,2,89,67,48,63,29,65,4,73,41,114,112,77,153,161,165,60,110,185,84,85,66,87,124,51,90,191,197,168,94,187,101,81,36,33,100,111,122,98,139,105,180,107,158,30,64,96,76,134,74,173,116,10,42,22,169,142,39,95,1,125,132,127,128,129,18,181,148,133,103,92,136,137,43,194,146,109,99,147,144,121,162,171,141,193,78,151,152,130,113,155,17,21,108,159,160,135,140,106,164,14,166,167,93,178,170,75,172,79,117,88,24,177,40,179,58,157,182,27,195,83,186,54,119,72,71,53,5,149,19,184,70,104,143,9,];False
7951;8062;16013;[46,174,190,25,189,118,6,61,38,199,163,3,12,0,80,15,16,156,82,196,192,138,20,23,176,49,26,183,37,150,126,115,32,99,34,35,145,28,8,154,13,198,188,55,44,45,131,47,68,123,50,86,52,91,69,102,56,59,11,57,97,7,175,62,120,2,89,67,48,63,29,65,4,73,41,114,112,77,153,161,165,60,110,185,84,85,66,87,124,51,90,191,197,168,94,187,101,81,36,33,100,111,122,98,139,105,180,107,158,30,64,96,76,134,74,173,116,10,42,22,169,142,39,95,1,125,132,127,128,129,18,181,148,133,103,92,136,137,43,194,146,109,31,147,144,121,162,171,141,193,78,151,152,130,113,155,17,21,108,159,160,135,140,106,164,14,166,167,93,178,170,75,172,79,117,88,24,177,40,179,58,157,182,27,195,83,186,54,119,72,71,53,5,149,19,184,70,104,143,9,];False
7905;8105;16010;[46,174,190,25,189,118,6,61,38,199,49,163,12,0,80,15,16,156,82,196,192,138,20,23,176,3,26,183,37,154,126,115,32,99,34,35,145,28,8,150,13,198,188,102,44,45,131,47,68,123,50,86,52,91,69,55,56,59,11,57,97,7,175,62,120,2,89,67,48,63,29,65,4,73,41,114,112,77,153,161,165,60,110,185,84,85,66,87,124,51,90,191,197,168,94,187,101,81,36,33,100,111,122,98,139,105,180,107,158,30,64,96,76,134,74,173,116,10,42,22,169,142,39,95,1,125,132,127,128,129,18,181,148,133,103,92,136,137,43,151,146,109,31,147,144,121,162,171,141,193,78,194,152,130,113,155,17,21,108,159,160,135,140,106,164,14,166,167,93,178,170,75,172,79,117,88,24,177,40,179,58,157,182,27,195,83,186,54,119,72,71,53,5,149,19,184,70,104,143,9,];False
7906;8102;16008;[46,174,190,25,189,118,6,61,38,199,163,49,12,0,80,15,16,156,82,196,192,138,20,23,176,3,26,183,37,150,126,115,32,99,34,35,145,28,8,154,13,198,188,55,44,45,131,47,68,123,50,86,52,91,69,102,56,59,11,57,97,7,175,62,120,2,89,67,48,63,29,65,4,73,41,114,112,77,153,161,165,60,110,185,84,85,66,87,124,51,90,191,197,168,94,187,101,81,36,33,100,111,122,98,139,105,180,107,158,30,64,142,76,134,74,173,116,10,42,22,169,96,39,95,1,125,132,127,128,129,18,181,148,133,103,92,136,137,43,194,146,109,31,147,144,121,162,171,141,193,78,151,152,130,113,155,17,21,108,159,160,135,140,106,164,14,166,167,93,178,170,75,172,79,117,88,24,177,40,179,58,157,182,27,195,83,186,54,119,72,71,53,5,149,19,184,70,104,143,9,];False
7947;8060;16007;[46,174,190,25,189,118,6,61,38,199,163,49,12,0,80,15,16,156,82,196,192,138,20,23,176,3,26,183,37,150,126,115,32,99,34,35,145,28,8,154,13,198,188,55,44,45,131,47,68,123,50,86,52,91,69,102,56,59,11,57,97,7,175,62,120,2,89,67,48,63,29,65,4,73,41,114,112,77,153,161,165,60,110,185,84,85,66,87,124,51,90,191,197,168,94,187,101,81,36,33,100,111,122,98,139,105,180,107,158,30,64,96,76,134,74,173,116,10,42,22,169,142,39,95,1,125,132,127,128,129,18,181,148,133,103,92,136,137,43,70,146,109,31,147,144,121,162,171,141,193,78,151,152,130,113,155,17,21,108,159,160,135,140,106,164,14,166,167,93,178,170,75,172,79,117,88,24,177,40,179,58,157,182,27,195,83,186,54,119,72,71,53,5,149,19,184,194,104,143,9,];False
7947;8057;16004;[46,174,190,25,189,118,6,61,38,199,49,163,12,0,80,15,16,156,82,196,192,138,20,23,176,3,26,183,37,150,126,115,32,99,34,35,145,28,8,154,13,198,188,102,44,45,131,47,68,123,50,86,52,91,69,55,56,59,11,57,97,7,175,62,120,2,89,67,48,63,29,65,4,73,41,114,112,77,153,161,165,60,110,185,84,85,66,87,124,51,90,191,197,168,94,187,101,81,36,33,100,111,122,98,139,105,180,107,158,30,64,96,76,134,74,173,116,10,42,22,169,142,39,95,1,125,132,127,128,129,18,181,148,133,103,92,136,137,43,194,146,109,31,147,144,121,162,171,141,193,78,151,152,130,113,155,17,21,108,159,160,135,140,106,164,14,166,167,93,178,170,75,172,79,117,88,24,177,40,179,58,157,182,27,195,83,186,54,119,72,71,53,5,149,19,184,70,104,143,9,];False
7909;8093;16002;[46,174,190,25,189,118,6,61,38,199,49,163,12,0,80,15,16,156,82,196,192,138,20,23,176,3,26,183,37,150,126,115,32,99,34,35,145,28,8,154,13,198,188,55,44,45,131,47,68,123,50,86,52,91,22,102,56,59,11,57,97,7,175,62,120,2,89,67,48,63,29,65,4,73,41,114,112,77,153,161,165,60,110,185,84,85,66,87,124,51,90,191,197,168,94,187,101,81,36,33,100,111,122,98,139,105,180,107,158,30,64,96,76,134,74,173,116,10,42,69,169,142,39,95,1,125,132,127,128,129,18,181,148,133,103,92,136,137,43,194,146,109,31,147,144,121,162,171,141,193,78,151,152,130,113,155,17,21,108,159,160,135,140,106,164,14,166,167,93,178,170,75,172,79,117,88,24,177,40,179,58,157,182,27,195,83,186,54,119,72,71,53,5,149,19,184,70,104,143,9,];False
7930;8071;16001;[46,174,190,25,189,118,6,61,38,199,49,163,12,0,80,15,16,156,82,196,192,138,20,23,176,3,26,183,37,150,126,115,32,99,34,35,145,28,8,154,13,198,188,102,44,45,131,47,68,123,50,86,52,91,69,55,56,59,11,57,97,7,175,62,120,2,89,67,48,63,29,65,4,73,41,114,112,77,153,161,165,60,110,185,84,85,66,87,124,51,90,191,197,168,94,187,101,81,36,33,100,111,122,98,139,105,180,107,158,30,64,96,76,134,74,173,116,10,42,22,169,142,39,95,1,125,132,127,128,129,18,181,148,133,103,92,136,137,43,194,146,109,31,147,144,121,162,171,141,193,78,151,152,130,113,155,17,21,108,159,160,135,140,104,164,14,166,167,93,178,170,75,172,79,117,88,24,177,40,179,58,157,182,27,195,83,186,54,119,72,71,53,5,149,19,184,70,106,143,9,];False
7927;8073;16000;[46,174,190,25,189,118,6,61,38,199,49,163,12,0,80,15,16,156,82,196,192,138,20,23,176,3,33,183,37,150,126,115,32,99,34,35,145,28,8,154,13,198,188,102,44,45,131,47,68,123,50,86,52,91,69,55,56,59,11,57,97,7,175,62,120,2,89,67,48,63,29,65,4,73,41,114,112,77,153,161,165,60,110,185,84,85,66,87,124,51,90,191,197,168,94,187,101,81,36,26,100,111,122,98,139,105,180,107,158,30,64,96,76,134,74,173,116,10,42,22,169,142,39,95,1,125,132,127,128,129,18,181,148,133,103,92,136,137,43,194,146,109,31,147,144,121,162,171,141,193,78,151,152,130,113,155,17,21,108,159,160,135,140,106,164,14,166,167,93,178,170,75,172,79,117,88,24,177,40,179,58,157,182,27,195,83,186,54,119,72,71,53,5,149,19,184,70,104,143,9,];False
7951;8046;15997;[46,174,190,25,189,118,6,61,38,199,163,49,12,0,80,15,16,156,82,196,192,138,20,23,176,3,26,183,37,170,126,115,32,99,34,35,145,28,8,154,13,198,188,55,44,45,131,47,68,123,50,86,52,91,69,102,56,59,11,57,97,7,175,62,120,2,89,67,48,63,29,65,4,73,41,114,112,77,153,161,165,60,110,185,84,85,66,87,124,51,90,191,197,168,94,187,101,81,36,33,100,111,122,98,139,105,180,107,158,30,64,96,76,134,74,173,116,10,42,22,169,142,39,95,1,125,132,127,128,129,18,181,148,133,103,92,136,137,43,194,146,109,31,147,144,121,162,171,141,193,78,151,152,130,113,155,17,21,108,159,160,135,140,106,164,14,166,167,93,178,150,75,172,79,117,88,24,177,40,179,58,157,182,27,195,83,186,54,119,72,71,53,5,149,19,184,70,104,143,9,];False
7948;8049;15997;[46,174,190,25,189,118,6,61,38,199,49,163,12,0,80,15,16,156,82,196,192,138,20,23,176,3,26,183,37,150,126,115,32,99,34,35,145,28,8,154,13,198,188,55,44,45,131,47,68,123,50,86,52,91,69,102,56,59,11,57,97,7,175,62,120,2,89,67,48,63,29,65,4,73,41,114,112,77,153,161,165,60,110,185,84,85,66,87,124,51,90,191,197,168,94,187,101,81,36,33,100,111,122,98,139,105,180,107,158,30,64,96,76,134,74,173,116,10,42,22,169,142,39,95,1,125,132,193,128,129,18,181,148,133,103,92,136,137,43,194,146,109,31,147,144,121,162,171,141,127,78,151,152,130,113,155,17,21,108,159,160,135,140,106,164,14,166,167,93,178,170,75,172,79,117,88,24,177,40,179,58,157,182,27,195,83,186,54,119,72,71,53,5,149,19,184,70,104,143,9,];False
7914;8082;15996;[46,174,190,25,189,118,6,61,38,199,163,49,12,0,80,15,16,156,82,196,192,138,20,23,176,3,26,183,37,150,126,115,32,99,34,35,145,28,8,154,13,198,188,55,44,45,131,47,68,123,50,86,52,91,69,102,56,59,11,57,97,7,175,62,120,2,89,67,48,63,29,65,4,73,41,114,112,77,153,161,165,60,110,185,84,31,66,87,124,51,90,191,197,168,94,187,101,81,36,33,100,111,122,98,139,105,180,107,158,30,64,96,76,134,74,173,116,10,42,22,169,142,39,95,1,125,132,127,128,129,18,181,148,133,103,92,136,137,43,194,146,109,85,147,144,121,162,171,141,193,78,151,152,130,113,155,17,21,108,159,160,135,140,106,164,14,166,167,93,178,170,75,172,79,117,88,24,177,40,179,58,157,182,27,195,83,186,54,119,72,71,53,5,149,19,184,70,104,143,9,];False
7893;8100;15993;[46,174,190,25,189,118,6,61,38,199,163,49,12,0,80,15,16,156,82,196,192,138,20,23,176,3,26,183,37,150,126,115,32,122,34,35,145,28,8,154,13,198,188,55,44,45,131,47,68,123,50,86,52,91,69,102,56,59,11,57,97,7,175,62,120,2,89,67,48,63,29,65,4,73,41,114,112,77,153,161,165,60,110,185,84,85,66,87,124,51,90,191,197,168,94,187,101,81,36,33,100,111,99,98,139,105,180,107,158,30,64,96,76,134,74,173,116,10,42,22,169,142,39,95,1,125,132,127,128,129,18,181,148,133,103,92,136,137,43,194,146,109,31,147,144,121,162,171,141,193,78,151,152,130,113,155,17,21,108,159,160,135,140,106,164,14,166,167,93,178,170,75,172,79,117,88,24,177,40,179,58,157,182,27,195,83,186,54,119,72,71,53,5,149,19,184,70,104,143,9,];False
7930;8059;15989;[46,174,190,25,189,118,6,61,38,199,49,163,12,0,80,15,16,156,82,196,192,138,20,23,176,3,26,183,37,150,126,115,32,99,34,35,145,28,8,154,13,198,188,55,44,45,131,47,68,123,50,86,52,91,69,102,56,59,11,57,97,7,175,62,120,2,89,186,48,63,29,65,4,73,41,114,112,77,153,161,165,60,110,185,84,85,66,87,124,51,90,191,197,168,94,187,101,81,36,33,100,111,122,98,139,105,180,107,158,30,64,96,76,134,74,173,116,10,42,22,169,142,39,95,1,125,132,127,128,129,18,181,148,133,103,92,136,137,43,194,146,109,31,147,144,121,162,171,141,193,78,151,152,130,113,155,17,21,108,159,160,135,140,106,164,14,166,167,93,178,170,75,172,79,117,88,24,177,40,179,58,157,182,27,195,83,67,54,119,72,71,53,5,149,19,184,70,104,143,9,];False
7932;8051;15983;[46,174,190,25,189,118,6,61,38,199,163,49,12,0,80,15,16,156,82,196,192,138,20,23,176,3,26,183,37,150,126,115,32,99,34,35,145,28,8,154,13,198,188,55,44,45,131,47,68,123,50,86,52,187,69,102,56,59,11,57,97,7,175,62,120,2,89,67,48,63,29,65,4,73,41,114,112,77,153,161,165,60,110,185,84,85,66,87,124,51,90,191,197,168,94,91,101,81,36,33,100,111,122,98,139,105,180,107,158,30,64,96,76,134,74,173,116,10,42,22,169,142,39,95,1,125,132,127,128,129,18,181,148,133,103,92,136,137,43,194,146,109,31,147,144,121,162,171,141,193,78,151,152,130,113,155,17,21,108,159,160,135,140,106,164,14,166,167,93,178,170,75,172,79,117,88,24,177,40,179,58,157,182,27,195,83,186,54,119,72,71,53,5,149,19,184,70,104,143,9,];False
7928;8055;15983;[46,174,190,25,189,118,6,61,38,199,49,163,12,0,80,15,16,156,157,196,192,138,20,23,176,3,26,183,37,150,126,115,32,99,34,35,145,28,8,154,13,198,188,55,44,45,131,47,68,123,50,86,52,91,69,102,56,59,11,57,97,7,175,62,120,2,89,67,48,63,29,65,4,73,41,114,112,77,153,161,165,60,110,185,84,85,66,87,124,51,90,191,197,168,94,187,101,81,36,33,100,111,122,98,139,105,180,107,158,30,64,96,76,134,74,173,116,10,42,22,169,142,39,95,1,125,132,127,128,129,18,181,148,133,103,92,136,137,43,194,146,109,31,147,144,121,162,171,141,193,78,151,152,130,113,155,17,21,108,159,160,135,140,106,164,14,166,167,93,178,170,75,172,79,117,88,24,177,40,179,58,82,182,27,195,83,186,54,119,72,71,53,5,149,19,184,70,104,143,9,];False
7946;8035;15981;[46,174,190,25,189,118,6,61,38,199,163,49,12,0,80,15,16,156,82,196,192,138,20,23,176,3,26,183,37,150,126,115,167,99,34,35,145,28,8,154,13,198,188,55,44,45,131,47,68,123,50,86,52,91,69,102,56,59,11,57,97,7,175,62,120,2,89,67,48,63,29,65,4,73,41,114,112,77,153,161,165,60,110,185,84,85,66,87,124,51,90,191,197,168,94,187,101,81,36,33,100,111,122,98,139,105,180,107,158,30,64,96,76,134,74,173,116,10,42,22,169,142,39,95,1,125,132,127,128,129,18,181,148,133,103,92,136,137,43,194,146,109,31,147,144,121,162,171,141,193,78,151,152,130,113,155,17,21,108,159,160,135,140,106,164,14,166,32,93,178,170,75,172,79,117,88,24,177,40,179,58,157,182,27,195,83,186,54,119,72,71,53,5,149,19,184,70,104,143,9,];False
7949;8030;15979;[46,174,190,25,189,118,6,61,38,199,49,163,12,0,80,15,16,156,82,196,192,138,20,23,176,3,26,183,37,150,126,115,32,99,34,35,145,28,8,154,13,198,188,55,44,45,131,47,68,123,50,86,52,91,69,102,56,59,11,57,97,7,175,62,120,2,89,67,48,63,29,65,4,73,41,114,112,77,153,161,165,60,110,185,84,85,66,87,124,51,90,191,197,168,94,187,101,81,36,33,100,111,122,98,139,105,180,107,158,30,64,96,76,134,74,173,116,10,42,22,169,142,39,95,1,125,132,127,128,129,18,181,148,133,103,92,136,137,43,194,146,109,31,147,144,121,162,171,141,193,78,151,152,130,113,155,17,21,108,159,160,135,140,106,164,14,166,167,93,178,170,75,172,79,117,88,24,177,40,179,58,157,182,27,195,83,186,54,119,72,71,53,5,149,19,184,70,104,143,9,];False
7935;8043;15978;[46,174,190,25,189,118,6,61,38,199,163,49,12,185,80,15,16,156,82,196,192,138,20,23,176,3,26,183,37,150,126,115,32,99,34,35,132,28,8,140,13,198,188,55,44,45,131,47,68,123,50,86,52,91,69,102,56,59,11,57,97,7,175,62,120,2,89,67,48,63,29,65,4,73,41,114,112,77,153,161,165,60,110,0,84,85,66,87,124,51,90,191,197,168,94,187,101,81,36,33,100,111,122,98,139,105,180,107,158,30,64,96,76,134,74,173,116,10,42,22,169,142,39,95,1,125,145,127,128,129,18,181,148,133,103,92,136,137,43,194,146,109,31,147,144,121,162,171,141,193,78,151,152,130,113,155,17,21,108,159,160,135,154,106,164,14,166,167,93,178,170,75,172,79,117,88,24,177,40,179,58,157,182,27,195,83,186,54,119,72,71,53,5,149,19,184,70,104,143,9,];False
7900;8077;15977;[46,174,190,25,189,118,6,61,38,199,49,163,12,0,80,15,16,156,82,196,192,138,20,23,176,3,26,183,37,150,126,115,32,99,34,35,145,28,8,154,13,198,188,102,44,45,131,47,68,123,50,86,52,91,69,55,56,59,11,57,97,7,175,62,120,2,89,67,48,63,29,65,4,73,41,114,112,77,153,161,165,60,110,185,84,85,66,87,124,51,90,191,197,168,94,187,101,81,36,33,100,111,122,98,139,105,180,107,158,30,64,96,76,134,74,173,116,10,42,22,169,142,39,95,1,125,132,127,128,129,18,181,148,133,103,92,136,137,43,194,146,109,31,147,144,121,162,171,141,193,78,151,152,130,113,155,17,21,108,159,160,135,140,106,5,14,166,167,93,178,170,75,172,79,117,88,24,177,40,179,58,157,182,27,195,83,186,54,119,72,71,53,164,149,19,184,70,104,143,9,];False
7881;8095;15976;[46,174,190,25,189,118,6,61,38,199,163,49,12,0,80,15,16,156,82,196,192,138,20,23,176,3,26,183,37,150,126,115,32,99,34,35,145,28,8,154,13,198,188,55,44,45,131,47,68,123,50,86,52,91,69,96,56,59,11,57,97,7,175,62,120,2,89,67,48,63,29,65,4,73,41,114,112,77,153,161,165,60,110,185,84,85,66,87,124,51,90,191,197,168,94,187,101,81,36,33,100,111,122,98,139,105,180,107,158,30,64,102,76,134,74,173,116,10,42,22,169,142,39,95,1,125,132,127,128,129,18,181,148,133,103,92,136,137,43,194,146,109,31,147,144,121,162,171,141,193,78,151,152,130,113,155,17,21,108,159,160,135,140,106,164,14,166,167,93,178,170,75,172,79,117,88,24,177,40,179,58,157,182,27,195,83,186,54,119,72,71,53,5,149,19,184,70,104,143,9,];False
7899;8070;15969;[46,174,190,25,189,118,6,61,38,199,49,163,12,0,80,15,16,156,82,196,192,138,20,23,176,3,26,183,37,150,126,115,32,99,34,35,145,28,8,154,13,198,188,102,44,45,131,47,68,123,50,86,52,91,69,55,56,59,11,57,97,7,175,62,120,2,89,67,48,63,29,65,4,73,41,114,112,77,153,161,165,122,110,185,84,85,66,87,124,51,90,191,197,168,94,187,101,81,36,33,100,111,60,98,139,105,180,107,158,30,64,96,76,134,74,173,116,10,42,22,169,142,39,95,1,125,132,127,128,129,18,181,148,133,103,92,136,137,43,194,146,109,31,147,144,121,162,171,141,193,78,151,152,130,113,155,17,21,108,159,160,135,140,106,164,14,166,167,93,178,170,75,172,79,117,88,24,177,40,179,58,157,182,27,195,83,186,54,119,72,71,53,5,149,19,184,70,104,143,9,];False
7901;8064;15965;[46,174,190,25,189,118,6,61,38,199,49,163,12,0,80,15,16,156,82,196,192,138,20,23,176,3,26,183,37,150,126,115,32,99,34,35,145,28,8,154,13,198,188,102,44,45,131,47,68,123,50,86,52,91,69,55,56,59,11,57,97,7,175,62,120,2,89,67,48,63,29,65,4,73,41,114,112,77,153,161,165,60,110,185,84,85,66,87,124,51,90,191,197,168,94,187,101,81,36,33,100,111,122,98,139,105,180,107,158,30,64,96,76,134,143,173,116,10,42,22,169,142,39,95,1,125,132,127,128,129,18,181,148,133,103,92,136,137,43,194,146,109,31,147,144,121,162,171,141,193,78,151,152,130,113,155,17,21,108,159,160,135,140,106,164,14,166,167,93,178,170,75,172,79,117,88,24,177,40,179,58,157,182,27,195,83,186,54,119,72,71,53,5,149,19,184,70,104,74,9,];False
7932;8032;15964;[46,174,190,25,189,118,6,61,38,199,49,163,12,132,80,15,16,156,82,196,192,138,20,23,176,3,26,183,37,150,126,115,32,99,34,35,145,28,8,154,13,198,188,55,44,45,131,47,68,123,50,86,52,91,69,102,56,59,11,57,97,7,175,62,120,2,89,67,48,63,29,65,4,73,41,114,112,77,153,161,165,60,110,185,84,85,66,87,124,51,90,191,197,168,94,187,101,81,36,33,100,111,122,98,139,105,180,107,158,30,64,96,76,134,74,173,116,10,42,22,169,142,39,95,1,125,0,127,128,129,18,181,148,133,103,92,136,137,43,194,146,109,31,147,144,121,162,171,141,193,78,151,152,130,113,155,17,21,108,159,160,135,140,106,164,14,166,167,93,178,170,75,172,79,117,88,24,177,40,179,58,157,182,27,195,83,186,54,119,72,71,53,5,149,19,184,70,104,143,9,];False
7926;8033;15959;[46,174,190,25,189,118,6,61,38,199,49,163,12,0,80,15,16,156,82,196,192,138,20,23,176,3,26,183,37,150,126,115,32,99,34,35,145,28,8,154,13,198,188,55,44,45,131,47,68,123,50,86,52,91,69,102,56,59,11,57,97,7,175,62,120,2,89,67,48,63,29,65,4,155,41,114,112,77,153,161,165,60,110,185,84,85,66,87,124,51,90,191,197,168,94,187,101,81,36,33,100,111,122,98,139,105,180,107,158,30,64,96,76,134,74,173,116,10,42,22,169,142,39,95,1,125,132,127,128,129,18,181,148,133,103,92,136,137,43,194,146,109,31,147,144,121,162,171,141,193,78,151,152,130,113,73,17,21,108,159,160,135,140,106,164,14,166,167,93,178,170,75,172,79,117,88,24,177,40,179,58,157,182,27,195,83,186,54,119,72,71,53,5,149,19,184,70,104,143,9,];False
7919;8035;15954;[46,170,190,25,189,118,6,61,38,199,163,49,12,0,80,15,16,156,82,196,192,138,20,23,176,3,26,183,37,150,126,115,32,99,34,35,132,28,8,154,13,198,188,55,44,45,131,47,68,123,50,86,52,91,69,102,56,59,11,57,97,7,175,62,120,2,89,67,48,63,29,65,4,73,41,114,112,77,153,161,165,60,110,185,84,85,66,87,124,51,90,191,197,168,94,187,101,81,36,33,100,111,122,98,139,105,180,107,158,30,64,96,76,134,74,173,116,10,42,22,169,142,39,95,1,125,145,127,128,129,18,181,148,133,103,92,136,137,43,194,146,109,31,147,144,121,162,171,141,193,78,151,152,130,113,155,17,21,108,159,160,135,140,106,164,14,166,167,93,178,174,75,172,79,117,88,24,177,40,179,58,157,182,27,195,83,186,54,119,72,71,53,5,149,19,184,70,104,143,9,];False
7901;8053;15954;[46,174,190,25,189,118,6,61,38,199,49,163,12,0,80,15,16,156,82,196,192,138,20,23,176,3,26,183,37,150,126,115,32,99,34,35,145,28,8,154,13,198,188,55,44,45,131,47,68,123,50,86,52,91,69,102,56,59,11,57,97,7,175,62,120,2,89,67,48,63,29,65,4,73,41,114,112,77,153,161,165,60,110,185,84,85,66,87,124,51,90,191,197,168,94,187,101,81,36,33,100,111,122,98,139,105,180,107,158,30,64,96,76,134,74,173,116,10,42,22,169,142,39,95,1,125,132,127,128,129,18,181,148,133,103,92,136,137,43,194,146,109,31,147,144,121,162,171,141,193,78,88,152,130,113,155,17,21,108,159,160,135,140,106,164,14,166,167,93,178,170,75,172,79,117,151,24,177,40,179,58,157,182,27,195,83,186,54,119,72,71,53,5,149,19,184,70,104,143,9,];False
7900;8042;15942;[46,174,190,23,189,118,6,61,38,199,49,163,12,0,80,15,16,156,82,196,192,138,20,25,176,3,26,183,37,150,126,115,32,99,34,35,145,28,8,154,13,198,188,55,44,45,131,47,68,123,50,86,52,91,69,102,56,59,11,57,97,7,175,62,120,2,89,67,48,63,29,65,4,73,41,114,112,77,153,161,165,60,110,185,84,85,66,87,124,51,90,191,197,168,94,187,101,81,36,33,100,111,122,98,139,105,180,107,158,30,64,96,76,134,74,173,116,10,42,22,169,142,39,95,1,125,132,127,128,129,18,181,148,133,103,92,136,137,43,194,146,109,31,147,144,121,162,171,141,193,78,151,152,130,113,155,17,21,108,159,160,135,140,106,164,14,166,167,93,178,170,75,172,79,117,88,24,177,40,179,58,157,182,27,195,83,186,54,119,72,71,53,5,149,19,184,70,104,143,9,];False
7901;8039;15940;[46,174,190,25,189,118,6,61,38,199,163,49,12,185,80,15,16,156,82,196,192,138,20,23,176,3,26,183,37,150,126,115,32,99,34,35,132,28,8,154,13,198,188,55,44,45,131,47,68,123,50,86,52,91,69,88,62,59,11,57,97,7,175,56,120,2,89,67,48,63,29,65,4,73,41,114,112,77,153,161,165,60,110,0,84,85,66,87,124,51,90,191,197,168,14,187,101,81,36,33,100,111,122,98,139,105,180,107,158,30,64,96,76,134,74,173,116,10,42,22,169,142,39,95,1,125,145,127,128,129,18,181,148,133,103,92,136,137,43,194,146,109,31,147,144,121,162,171,141,193,78,151,152,130,113,155,17,21,108,159,160,135,140,106,164,94,166,167,93,178,170,75,172,79,117,102,24,177,40,179,58,157,182,27,195,83,186,54,119,72,71,53,5,149,19,184,70,104,143,9,];False
7820;8115;15935;[46,174,190,25,189,118,6,61,38,199,163,49,12,0,80,15,16,156,82,196,192,138,20,23,176,3,26,183,37,150,126,115,32,99,34,35,145,28,8,154,13,198,188,55,44,45,131,47,68,123,50,86,52,91,69,102,56,59,11,57,97,7,175,62,120,2,89,67,48,63,29,65,4,73,41,114,112,77,153,161,165,60,110,185,84,85,66,87,124,51,90,191,197,168,94,187,101,81,36,33,100,111,122,98,139,151,180,107,158,30,64,96,76,134,74,173,116,10,42,22,169,142,39,95,1,125,132,127,128,129,18,181,148,133,103,92,136,137,43,194,146,109,31,147,144,121,162,171,141,193,78,105,152,130,113,155,17,21,108,159,160,135,140,106,164,14,166,167,93,178,170,75,172,79,117,88,24,177,40,179,58,157,182,27,195,83,186,54,119,72,71,53,5,149,19,184,70,104,143,9,];False
7871;8063;15934;[46,174,190,25,189,118,6,61,38,199,47,163,12,0,80,15,16,156,82,196,192,138,20,23,176,3,26,183,37,150,126,115,32,99,34,35,145,28,8,154,13,198,188,55,44,45,131,49,68,123,50,86,52,91,69,102,56,59,11,57,97,7,175,62,120,2,89,67,48,63,29,65,4,73,41,114,112,77,153,161,165,60,110,185,84,85,66,87,124,51,90,191,197,168,94,187,101,81,36,33,100,111,122,98,139,105,180,107,158,30,64,96,76,134,74,173,116,10,42,22,169,142,39,95,1,125,132,127,128,129,18,181,148,133,103,92,136,137,43,194,146,109,31,147,144,121,162,171,141,193,78,151,152,130,113,155,17,21,108,159,160,135,140,106,164,14,166,167,93,178,170,75,172,79,117,88,24,177,40,179,58,157,182,27,195,83,186,54,119,72,71,53,5,149,19,184,70,104,143,9,];False
7869;8064;15933;[46,174,190,25,189,118,6,61,38,199,49,163,12,0,80,15,16,156,82,196,192,138,20,23,176,3,26,183,37,150,126,115,32,99,34,35,145,28,8,154,13,198,188,55,44,45,131,47,68,123,50,86,52,91,69,102,56,59,11,57,97,7,175,62,120,2,89,67,48,63,29,65,4,73,41,114,112,77,153,161,165,160,110,185,84,85,66,87,124,51,90,191,197,168,94,187,101,81,36,33,100,111,122,98,139,105,180,107,158,30,64,96,76,134,74,173,116,10,42,22,169,142,39,95,1,125,132,127,128,129,18,181,148,133,103,92,136,137,43,194,146,109,31,147,144,121,162,171,141,193,78,151,152,130,113,155,17,21,108,159,60,135,140,106,164,14,166,167,93,178,170,75,172,79,117,88,24,177,40,179,58,157,182,27,195,83,186,54,119,72,71,53,5,149,19,184,70,104,143,9,];False
7879;8052;15931;[46,133,190,25,189,118,6,61,38,199,163,49,12,0,80,15,16,156,82,196,192,138,20,23,176,3,26,183,37,150,126,115,32,99,34,35,145,28,8,154,13,198,188,55,44,45,131,47,68,123,50,86,52,91,69,102,56,59,11,57,97,7,175,62,120,2,89,67,48,63,29,65,4,73,41,114,112,77,153,161,165,60,110,185,84,85,66,87,124,51,90,191,197,168,94,187,101,81,36,33,100,111,122,98,139,105,180,107,158,30,64,96,76,134,74,173,116,10,42,22,169,142,39,95,1,125,132,127,128,129,18,181,148,174,103,92,136,137,43,194,146,109,31,147,144,121,162,171,141,193,78,151,152,130,113,155,17,21,108,159,160,135,140,106,164,14,166,167,93,178,170,75,172,79,117,88,24,177,40,179,58,157,182,27,195,83,186,54,119,72,71,53,5,149,19,184,70,104,143,9,];False
7865;8059;15924;[46,174,190,25,189,118,6,61,38,199,163,49,78,0,80,15,16,156,82,196,192,138,20,23,176,3,26,183,37,150,126,115,32,99,34,35,145,28,8,154,13,198,188,55,44,45,131,47,68,123,50,86,52,91,69,102,56,59,11,57,97,7,175,62,120,2,89,67,48,63,29,65,4,73,41,114,112,77,153,161,165,60,110,185,84,85,66,87,124,51,90,191,197,168,94,187,101,81,36,33,100,111,122,98,139,105,180,107,158,30,64,96,76,134,74,173,116,10,42,22,169,142,39,95,1,125,132,127,128,129,18,181,148,133,103,92,136,137,43,194,146,109,31,147,144,121,162,171,141,193,12,151,152,130,113,155,17,21,108,159,160,135,140,106,164,14,166,167,93,178,170,75,172,79,117,88,24,177,40,179,58,157,182,27,195,83,186,54,119,72,71,53,5,149,19,184,70,104,143,9,];False
7817;8106;15923;[46,174,190,25,189,118,6,61,38,199,163,49,12,185,80,15,16,156,82,196,192,138,20,23,176,3,26,183,37,150,126,115,32,99,34,35,132,28,8,154,13,198,188,55,44,45,131,47,68,123,50,86,52,91,69,88,56,59,11,57,97,7,175,62,120,2,89,67,48,63,29,65,4,73,41,114,112,77,153,161,165,60,110,0,84,85,66,87,124,51,90,191,197,168,14,187,101,81,36,33,100,111,122,98,139,79,180,107,158,30,64,96,76,134,74,173,116,10,42,22,169,142,39,95,1,125,145,127,128,129,18,181,148,133,103,92,136,137,43,194,146,109,31,147,144,121,162,171,141,193,78,151,152,130,113,155,17,21,108,159,160,135,140,106,164,94,166,167,93,178,170,75,172,105,117,102,24,177,40,179,58,157,182,27,195,83,186,54,119,72,71,53,5,149,19,184,70,104,143,9,];False
7855;8061;15916;[46,174,190,25,189,118,6,61,38,199,163,49,12,185,80,15,16,156,82,196,192,138,20,23,176,3,26,183,37,150,126,115,32,99,34,35,132,28,8,154,13,198,188,55,44,45,131,47,68,123,50,86,52,91,69,88,56,59,11,57,97,7,175,62,120,2,89,67,48,63,29,65,4,73,41,114,112,77,153,161,165,60,110,0,84,85,66,87,124,51,90,191,197,168,151,187,101,81,36,33,100,111,122,98,139,105,180,107,158,30,64,96,76,134,74,173,116,10,42,22,169,142,39,95,1,125,145,127,128,129,18,181,148,133,103,92,136,137,43,194,146,109,31,147,144,121,162,171,141,193,78,14,152,130,113,155,17,21,108,159,160,135,140,106,164,94,166,167,93,178,170,75,172,79,117,102,24,177,40,179,58,157,182,27,195,83,186,54,119,72,71,53,5,149,19,184,70,104,143,9,];False
7888;8025;15913;[46,174,190,25,189,118,6,61,38,199,163,49,12,0,80,15,16,156,82,196,192,138,20,23,176,3,26,183,37,150,126,115,32,99,34,35,145,28,8,154,13,198,188,55,44,45,131,47,68,123,50,86,52,91,69,102,56,59,11,57,97,7,175,62,120,2,89,67,48,63,29,65,4,73,41,114,112,77,153,161,165,60,110,185,84,85,66,87,124,51,90,191,197,168,94,187,101,81,36,33,100,111,122,95,139,105,180,107,158,30,64,96,76,134,74,173,116,10,42,22,169,142,39,98,1,125,132,127,128,129,18,181,148,133,103,92,136,137,43,194,146,109,31,147,144,121,162,171,141,193,78,151,152,130,113,155,17,21,108,159,160,135,140,106,164,14,166,167,93,178,170,75,172,79,117,88,24,177,40,179,58,157,182,27,195,83,186,54,119,72,71,53,5,149,19,184,70,104,143,9,];False
7882;8027;15909;[46,174,190,25,189,118,6,61,38,199,163,49,12,185,80,15,16,156,82,196,192,138,20,23,176,3,26,183,37,150,126,115,32,99,34,35,132,28,8,154,13,198,188,55,44,45,131,47,68,123,50,86,52,91,69,102,56,59,11,57,97,7,175,62,120,2,89,67,48,63,29,65,4,73,41,114,112,77,153,161,165,60,110,0,84,85,66,87,124,51,90,191,197,168,94,187,101,81,36,33,100,111,122,98,139,105,180,107,158,30,64,96,76,134,74,173,116,10,42,22,169,142,39,95,1,125,145,127,128,129,18,181,148,133,103,92,136,137,43,194,146,109,31,147,144,121,113,171,141,193,78,151,152,130,162,155,17,21,108,159,160,135,140,106,164,14,166,167,93,178,170,75,172,79,117,88,24,177,40,179,58,157,182,27,195,83,186,54,119,72,71,53,5,149,19,184,70,104,143,9,];False
7859;8050;15909;[46,174,190,25,189,118,6,61,38,199,49,163,12,0,80,15,16,156,82,196,192,138,20,23,176,3,26,183,37,150,126,115,32,99,34,35,145,28,8,154,13,198,188,55,44,45,131,47,68,123,50,86,52,91,69,102,56,59,11,57,97,7,175,62,120,2,89,67,48,63,29,65,4,73,41,114,112,77,153,161,165,60,110,185,84,85,66,87,124,51,90,191,197,168,94,187,101,81,36,33,100,111,122,98,139,105,180,107,182,30,64,96,76,134,74,173,116,10,42,22,169,142,39,95,1,125,132,127,128,129,18,181,148,133,103,92,136,137,43,194,146,109,31,147,144,121,162,171,141,193,78,151,152,130,113,155,17,21,108,159,160,135,140,106,164,14,166,167,93,178,170,75,172,79,117,88,24,177,40,179,58,157,158,27,195,83,186,54,119,72,71,53,5,149,19,184,70,104,143,9,];False
7887;8021;15908;[46,174,190,25,189,118,6,61,38,199,163,49,12,185,80,15,16,156,82,196,192,138,20,23,176,3,26,183,37,150,126,115,32,99,34,35,132,28,8,154,13,198,188,55,44,45,131,47,68,123,50,86,52,91,69,88,56,59,11,57,97,7,175,62,120,2,89,67,48,63,29,65,4,73,41,114,112,77,153,161,165,60,110,0,84,85,66,87,124,51,90,191,197,168,14,187,101,81,36,33,100,111,122,98,139,105,180,107,158,30,64,96,76,134,74,173,116,10,42,22,19,142,39,95,1,125,145,127,128,129,18,181,148,133,103,92,136,137,43,194,146,109,31,147,144,121,162,171,141,193,78,151,152,130,113,155,17,21,108,159,160,135,140,106,164,94,166,167,93,178,170,75,172,79,117,102,24,177,40,179,58,157,182,27,195,83,186,54,119,72,71,53,5,149,169,184,70,104,143,9,];False
7848;8059;15907;[46,174,190,25,189,118,6,61,38,199,163,49,12,0,80,15,16,156,82,196,192,138,20,23,176,3,26,183,37,150,126,115,32,99,34,109,145,28,8,154,13,198,188,55,44,45,131,47,68,123,50,86,52,91,69,102,56,59,11,57,97,7,175,62,120,2,89,67,48,63,29,65,4,73,41,114,112,77,153,161,165,60,110,185,84,85,66,87,124,51,90,191,197,168,94,187,101,81,36,33,100,111,122,98,139,105,180,107,158,30,64,96,76,134,74,173,116,10,42,22,169,142,39,95,1,125,132,127,128,129,18,181,148,133,103,92,136,137,43,194,146,35,31,147,144,121,162,171,141,193,78,151,152,130,113,155,17,21,108,159,160,135,140,106,164,14,166,167,93,178,170,75,172,79,117,88,24,177,40,179,58,157,182,27,195,83,186,54,119,72,71,53,5,149,19,184,70,104,143,9,];False
7871;8034;15905;[46,174,190,25,189,118,6,61,38,199,163,49,12,185,80,15,16,156,82,196,192,138,20,23,176,3,26,183,37,150,126,115,32,99,34,35,132,28,8,154,13,198,188,55,44,45,131,47,68,123,50,86,52,91,69,102,56,59,11,57,97,7,175,62,120,2,89,67,48,63,29,65,4,73,41,114,112,77,153,161,165,60,110,0,84,85,66,87,124,51,90,191,197,168,94,187,101,81,36,33,100,111,122,98,139,105,180,107,158,30,64,96,76,134,74,173,116,10,42,22,169,142,39,95,1,125,145,127,128,129,18,181,148,133,103,92,136,137,43,194,146,109,31,147,144,121,162,171,141,193,78,151,152,130,113,155,17,21,108,159,160,135,140,106,164,14,166,167,93,178,170,75,172,79,117,88,24,177,40,179,58,157,182,27,9,83,186,54,119,72,71,53,5,149,19,184,70,104,143,195,];False
7872;8030;15902;[46,174,190,25,189,118,6,61,38,199,163,49,12,0,80,15,16,156,82,196,192,138,20,23,176,3,26,183,37,150,126,115,32,99,34,35,145,28,8,154,13,198,188,55,44,45,131,47,68,123,50,86,52,91,69,102,56,59,11,57,97,7,175,62,120,2,89,67,48,63,29,65,71,73,41,114,112,77,153,161,165,60,110,185,84,85,66,87,124,51,90,191,197,168,94,187,101,81,36,33,100,111,122,98,139,105,180,107,158,30,64,96,76,134,74,173,116,10,42,22,169,142,39,95,1,125,132,127,128,129,18,181,148,133,103,92,136,137,43,194,146,109,31,147,144,121,162,171,141,193,78,151,152,130,113,155,17,21,108,159,160,135,140,106,164,14,166,167,93,178,170,75,172,79,117,88,24,177,40,179,58,157,182,27,195,83,186,54,119,72,4,53,5,149,19,184,70,104,143,9,];False
7845;8055;15900;[46,174,190,25,189,118,6,61,38,199,163,49,12,185,80,15,16,156,82,196,192,138,20,23,176,3,26,183,37,150,126,115,32,99,34,35,132,28,8,154,13,198,188,55,44,45,131,47,68,123,50,86,52,91,69,88,56,59,11,57,97,7,175,93,120,2,89,67,48,63,29,65,4,73,41,114,112,77,153,161,165,60,110,0,84,85,66,87,124,51,90,191,197,168,14,187,101,81,36,33,100,111,122,98,139,105,180,107,158,30,64,96,76,134,74,173,116,10,42,22,169,142,39,95,1,125,145,127,128,129,18,181,148,133,103,92,136,137,43,194,146,109,31,147,144,121,162,171,141,193,78,151,152,130,113,155,17,21,108,159,160,135,140,106,164,94,166,167,62,178,170,75,172,79,117,102,24,177,40,179,58,157,182,27,195,83,186,54,119,72,71,53,5,149,19,184,70,104,143,9,];False
7898;8001;15899;[46,174,190,25,189,118,6,61,38,199,163,49,12,185,80,15,16,156,82,196,192,138,20,23,176,3,26,183,37,150,126,115,32,99,34,35,132,28,8,154,13,198,188,55,44,45,131,47,68,123,50,86,52,91,69,88,56,59,11,57,97,7,75,62,120,2,89,67,48,63,29,65,4,73,41,114,112,77,153,161,165,60,110,0,84,85,66,87,124,51,90,191,197,168,14,187,101,81,36,33,100,111,122,98,139,105,180,107,158,30,64,96,76,134,74,173,116,10,42,22,169,142,39,95,1,125,145,127,128,129,18,181,148,133,103,92,136,137,43,194,146,109,31,147,144,121,162,171,141,193,78,151,152,130,113,155,17,21,108,159,160,135,140,106,164,94,166,167,93,178,170,175,172,79,117,102,24,177,40,179,58,157,182,27,195,83,186,54,119,72,71,53,5,149,19,184,70,104,143,9,];False
7854;8041;15895;[46,174,190,25,189,118,6,61,38,199,49,163,12,0,80,15,16,156,82,196,192,138,20,23,176,3,26,183,37,150,126,115,32,99,34,35,145,28,8,154,13,198,188,55,44,45,131,47,68,123,50,86,52,91,69,102,56,59,11,57,97,7,175,62,120,2,89,67,48,63,29,65,4,73,41,114,112,77,153,161,165,60,110,185,84,85,66,87,124,51,90,191,197,168,94,187,101,81,36,33,100,111,122,98,139,105,180,107,158,30,64,96,76,134,74,173,116,10,42,22,169,142,39,95,1,125,132,127,128,129,18,181,148,133,103,92,136,137,43,194,146,109,31,147,144,121,162,171,141,193,78,151,152,130,113,155,17,21,108,159,160,135,140,106,164,14,166,167,93,178,170,75,157,79,117,88,24,177,40,179,58,172,182,27,195,83,186,54,119,72,71,53,5,149,19,184,70,104,143,9,];False
7800;8089;15889;[46,174,190,25,189,118,6,61,38,199,163,49,12,185,80,15,16,156,82,196,192,138,20,23,176,3,26,183,37,150,126,115,32,99,34,35,132,28,8,154,13,198,188,55,44,45,131,47,68,123,50,86,52,91,69,88,56,59,11,57,97,7,175,62,120,2,89,67,48,18,29,65,4,73,41,114,112,77,153,161,165,60,110,0,84,85,66,87,124,51,90,191,197,168,14,187,101,81,36,33,100,111,122,98,139,105,180,107,158,30,64,96,76,134,74,173,116,10,42,22,169,142,39,95,1,125,145,127,128,129,63,181,148,133,103,92,136,137,43,194,146,109,31,147,144,121,162,171,141,193,78,151,152,130,113,155,17,21,108,159,160,135,140,106,164,94,166,167,93,178,170,75,172,79,117,102,24,177,40,179,58,157,182,27,195,83,186,54,119,72,71,53,5,149,19,184,70,104,143,9,];False
7854;8032;15886;[46,174,190,25,189,118,6,61,38,199,117,49,12,185,80,15,16,156,82,196,192,138,20,23,176,3,26,183,37,150,126,115,32,99,34,35,132,28,8,154,13,198,188,55,44,45,131,47,68,123,50,86,52,91,69,88,56,59,11,57,97,7,175,62,120,2,89,67,48,63,29,65,4,73,41,114,112,77,153,161,165,60,110,0,84,85,66,87,124,51,90,191,197,168,14,187,101,81,36,33,100,111,122,98,139,105,180,107,158,30,64,96,76,134,74,173,116,10,42,22,169,142,39,95,1,125,145,127,128,129,18,181,148,133,103,92,136,137,43,194,146,109,31,147,144,121,162,171,141,193,78,151,152,130,113,155,17,21,108,159,160,135,140,106,164,94,166,167,93,178,170,75,172,79,163,102,24,177,40,179,58,157,182,27,195,83,186,54,119,72,71,53,5,149,19,184,70,104,143,9,];False
7829;8054;15883;[46,174,190,25,189,118,6,61,38,199,30,49,12,185,80,15,16,156,82,196,192,138,20,23,176,3,26,183,37,150,126,115,32,99,34,35,132,28,8,154,13,198,188,55,44,45,131,47,68,123,50,86,52,91,69,88,56,59,11,57,97,7,175,62,120,2,89,67,48,63,29,65,4,73,41,114,112,77,153,161,165,60,110,0,84,85,66,87,124,51,90,191,197,168,14,187,101,81,36,33,100,111,122,98,139,105,180,107,158,163,64,96,76,134,74,173,116,10,42,22,169,142,39,95,1,125,145,127,128,129,18,181,148,133,103,92,136,137,43,194,146,109,31,147,144,121,162,171,141,193,78,151,152,130,113,155,17,21,108,159,160,135,140,106,164,94,166,167,93,178,170,75,172,79,117,102,24,177,40,179,58,157,182,27,195,83,186,54,119,72,71,53,5,149,19,184,70,104,143,9,];False
7858;8025;15883;[46,174,190,25,189,118,6,61,38,199,163,49,12,0,80,15,16,156,82,196,192,138,20,23,176,3,26,183,37,150,126,115,32,99,34,35,145,28,8,154,13,198,188,55,44,45,131,47,68,123,50,86,52,91,69,102,56,59,11,57,97,7,175,62,120,2,89,67,48,63,29,65,4,73,41,114,112,77,153,161,165,60,110,185,84,85,66,87,124,51,90,191,197,168,94,187,101,81,36,33,100,111,122,98,139,105,180,107,158,30,64,96,76,134,74,173,116,10,42,22,169,142,39,95,1,125,132,127,128,129,18,181,148,133,103,92,136,137,43,194,146,109,31,147,144,121,162,171,141,193,78,151,152,130,113,155,17,21,108,159,160,135,140,106,164,14,166,167,93,178,170,75,172,79,117,88,24,177,40,179,58,157,182,27,195,83,186,54,119,72,71,53,5,149,19,184,70,104,143,9,];False
7845;8037;15882;[46,174,190,25,189,118,6,61,38,199,163,49,12,185,80,15,16,156,82,196,192,138,20,23,176,3,26,183,37,150,126,115,32,99,34,35,132,86,8,154,13,198,188,55,44,45,131,47,68,123,50,28,52,91,69,88,56,59,11,57,97,7,175,62,120,2,89,67,48,63,29,65,4,73,41,114,112,77,153,161,165,60,110,0,84,85,66,87,124,51,90,191,197,168,14,187,101,81,36,33,100,111,122,98,139,105,180,107,158,30,64,96,76,134,74,173,116,10,42,22,169,142,39,95,1,125,145,127,128,129,18,181,148,133,103,92,136,137,43,194,146,109,31,147,144,121,162,171,141,193,78,151,152,130,113,155,17,21,108,159,160,135,140,106,164,94,166,167,93,178,170,75,172,79,117,102,24,177,40,179,58,157,182,27,195,83,186,54,119,72,71,53,5,149,19,184,70,104,143,9,];False
7843;8033;15876;[46,174,190,25,189,118,6,61,38,199,163,49,12,185,80,15,169,156,82,196,192,138,20,23,176,3,26,183,37,150,126,115,32,99,34,35,132,28,8,154,13,198,188,55,44,45,131,47,68,123,50,86,52,91,69,102,56,59,11,57,97,7,175,62,120,2,89,67,48,63,29,65,4,73,41,114,112,77,153,161,165,60,110,0,84,85,66,87,124,51,90,191,197,168,94,187,101,81,36,33,100,111,122,98,139,105,180,107,158,30,64,96,76,134,74,173,116,10,42,22,16,142,39,95,1,125,145,127,128,129,18,181,148,133,103,92,136,137,43,194,146,109,31,147,144,121,162,171,141,193,78,151,152,130,113,155,17,21,108,159,160,135,140,106,164,14,166,167,93,178,170,75,172,79,117,88,24,177,40,179,58,157,182,27,195,83,186,54,119,72,71,53,5,149,19,184,70,104,143,9,];False
7865;8009;15874;[46,174,190,25,189,118,6,61,38,199,163,49,12,0,80,15,16,156,82,196,192,138,20,23,176,3,26,183,37,150,126,115,32,99,34,35,132,28,8,154,13,198,188,55,44,45,131,47,68,123,50,86,52,91,69,102,56,59,11,57,97,7,175,62,120,2,89,67,48,63,29,65,4,73,41,114,112,77,153,161,165,60,110,185,84,85,66,87,124,51,90,191,197,168,94,187,101,81,36,33,100,111,122,98,139,105,180,107,158,30,64,96,76,134,74,173,116,10,42,22,169,142,39,95,1,125,145,127,128,129,18,181,148,133,103,92,136,137,43,194,146,109,31,147,144,121,162,171,141,193,78,151,152,130,113,155,17,21,108,159,160,135,140,106,164,14,166,167,93,178,170,75,172,79,117,88,24,177,40,179,58,157,182,27,195,83,186,54,119,72,71,53,5,149,19,184,70,104,143,9,];False
7829;8036;15865;[46,174,4,25,189,118,6,61,38,199,163,49,12,0,80,15,16,156,82,196,192,138,20,23,176,3,26,183,37,150,126,115,32,99,34,35,145,28,8,154,13,198,188,55,44,45,131,47,68,123,50,86,52,91,69,102,56,59,11,57,97,7,175,62,120,2,89,67,48,63,29,65,190,73,41,114,112,77,153,161,165,60,110,185,84,85,66,87,124,51,90,191,197,168,94,187,101,81,36,33,100,111,122,98,139,105,180,107,158,30,64,96,76,134,74,173,116,10,42,22,169,142,39,95,1,125,132,127,128,129,18,181,148,133,103,92,136,137,43,194,146,109,31,147,144,121,162,171,141,193,78,151,152,130,113,155,17,21,108,159,160,135,140,106,164,14,166,167,93,178,170,75,172,79,117,88,24,177,40,179,58,157,182,27,195,83,186,54,119,72,71,53,5,149,19,184,70,104,143,9,];False
7759;8104;15863;[46,174,190,25,189,118,6,61,38,199,163,49,12,185,80,15,16,156,82,196,192,138,20,23,176,3,26,183,37,150,126,115,32,99,34,35,132,28,8,154,13,198,188,55,44,45,131,47,68,123,50,86,52,91,69,88,56,59,11,57,97,7,175,62,120,2,89,67,48,63,114,65,4,73,41,29,112,77,153,161,165,60,110,0,84,85,66,87,124,51,90,191,197,168,14,187,101,81,36,33,100,111,122,98,139,105,180,107,158,30,64,96,76,134,74,173,116,10,42,22,169,142,39,95,1,125,145,127,128,129,18,181,148,133,103,92,136,137,43,194,146,109,31,147,144,121,162,171,141,193,78,151,152,130,113,155,17,21,108,159,160,135,140,106,164,94,166,167,93,178,170,75,172,79,117,102,24,177,40,179,58,157,182,27,195,83,186,54,119,72,71,53,5,149,19,184,70,104,143,9,];False
7783;8075;15858;[46,174,190,25,189,118,6,61,38,199,163,49,12,185,80,15,16,156,82,196,192,138,20,23,176,3,26,183,37,150,126,115,32,99,34,35,132,28,8,154,13,198,188,55,44,45,131,47,68,123,50,86,52,91,69,88,56,59,11,57,65,7,175,62,120,2,89,67,48,63,29,97,4,73,41,114,112,77,153,161,165,60,110,0,84,85,66,87,124,51,90,191,197,168,14,187,101,81,36,33,100,111,122,98,139,105,180,107,158,30,64,96,76,134,74,173,116,10,42,22,169,142,39,95,1,125,145,127,128,129,18,181,148,133,103,92,136,137,43,194,146,9,31,147,144,121,162,171,141,193,78,151,152,130,113,155,17,21,108,159,160,135,140,106,164,94,166,167,93,178,170,75,172,79,117,102,24,177,40,179,58,157,182,27,195,83,186,54,119,72,71,53,5,149,19,184,70,104,143,109,];False
7853;8002;15855;[46,174,190,25,189,118,6,61,38,199,163,49,12,185,80,139,16,156,82,196,192,138,20,23,176,3,26,183,37,150,126,115,32,99,34,35,132,28,8,154,13,198,188,55,44,45,131,47,68,123,50,86,52,91,69,88,56,59,11,57,97,7,175,62,120,2,89,67,48,63,29,65,4,73,41,114,112,77,153,161,165,60,110,0,84,85,66,87,124,51,90,191,197,168,14,187,101,81,36,33,100,111,122,98,15,105,180,107,158,30,64,96,76,134,74,173,116,10,42,22,169,142,39,95,1,125,145,127,128,129,18,181,148,133,103,92,136,137,43,194,146,109,31,147,144,121,162,171,141,193,78,151,152,130,113,155,17,21,108,159,160,135,140,106,164,94,166,167,93,178,170,75,172,79,117,102,24,177,40,179,58,157,182,27,195,83,186,54,119,72,71,53,5,149,19,184,70,104,143,9,];False
7816;8038;15854;[46,174,190,25,189,118,6,61,38,199,163,49,12,0,80,15,16,156,82,196,192,138,20,23,176,3,26,183,37,150,126,115,32,99,34,35,145,28,8,154,13,198,188,55,44,45,131,47,68,123,50,86,52,91,69,102,56,59,11,57,97,7,175,62,120,2,89,67,48,63,29,65,4,73,41,114,112,24,153,161,165,60,110,185,84,85,66,87,124,51,90,191,197,168,94,187,101,81,36,33,100,111,122,98,139,105,180,107,158,30,64,96,76,134,74,173,116,10,42,22,169,142,39,95,1,125,132,127,128,129,18,181,148,133,103,92,136,137,43,194,146,109,31,147,144,121,162,171,141,193,78,151,152,130,113,155,17,21,108,159,160,135,140,106,164,14,166,167,93,178,170,75,172,79,117,88,77,177,40,179,58,157,182,27,195,83,186,54,119,72,71,53,5,149,19,184,70,104,143,9,];False
7828;8021;15849;[46,174,190,25,189,118,6,61,38,199,163,49,12,0,80,4,16,156,82,196,192,138,20,23,176,3,26,183,37,150,126,115,32,99,34,35,132,28,8,154,13,198,188,55,44,45,131,47,68,123,50,86,52,91,69,102,56,59,11,57,97,7,175,62,120,2,89,67,48,63,29,65,15,73,41,114,112,77,153,161,165,60,110,185,84,85,66,87,124,51,90,191,197,168,94,187,101,81,36,33,100,111,122,98,139,105,180,107,158,30,64,96,76,134,74,173,116,10,42,22,169,142,39,95,1,125,145,127,128,129,18,181,148,133,103,92,136,137,43,194,146,109,31,147,144,121,162,171,141,193,78,151,152,130,113,155,17,21,108,159,160,135,140,106,164,14,166,167,93,178,170,75,172,79,117,88,24,177,40,179,58,157,182,27,195,83,186,54,119,72,71,53,5,149,19,184,70,104,143,9,];False
7743;8103;15846;[46,174,190,25,189,118,6,61,38,199,163,49,12,185,80,15,16,156,82,196,192,138,20,23,176,3,26,183,37,150,126,115,32,99,34,35,132,28,8,154,13,198,188,55,44,45,131,47,68,123,50,86,52,91,69,88,56,59,11,57,97,7,175,62,120,2,89,67,48,63,29,65,4,73,41,114,112,77,153,161,165,60,110,0,84,85,66,87,124,51,90,191,197,168,14,187,101,81,36,33,100,111,122,98,139,105,180,107,158,30,64,96,146,134,74,173,116,10,42,22,169,142,39,95,1,125,145,127,128,129,18,181,148,133,103,92,136,137,43,194,76,109,31,147,144,121,162,171,141,193,78,151,152,130,113,155,17,21,108,159,160,135,140,106,164,94,166,167,93,178,170,75,172,79,117,102,24,177,40,179,58,157,182,27,195,83,186,54,119,72,71,53,5,149,19,184,70,104,143,9,];False
7782;8062;15844;[46,174,190,25,189,118,6,61,38,199,163,49,12,185,80,15,16,156,82,196,192,138,20,23,176,3,26,183,37,150,126,115,32,99,34,35,132,28,8,154,13,198,188,55,44,45,131,47,68,123,50,86,52,91,69,88,56,59,11,57,97,7,175,62,120,2,89,67,48,63,29,65,4,73,41,114,112,77,153,161,165,60,110,0,84,85,66,87,124,51,90,191,197,168,94,187,101,81,36,33,100,111,109,98,139,105,180,107,158,30,64,96,76,134,74,173,116,10,42,22,169,142,39,95,1,125,145,127,128,129,18,181,148,133,103,92,136,137,43,194,146,122,31,147,144,121,162,171,141,193,78,151,152,130,113,155,17,21,108,159,160,135,140,106,164,14,166,167,93,178,170,75,172,79,117,102,24,177,40,179,58,157,182,27,195,83,186,54,119,72,71,53,5,149,19,184,70,104,143,9,];False
7823;8020;15843;[46,174,190,25,189,118,6,61,38,199,163,49,12,0,80,15,16,156,82,196,192,138,20,23,176,3,26,183,37,150,126,115,32,99,34,35,132,28,8,154,173,198,188,55,44,45,131,47,68,123,50,86,52,91,69,102,56,59,11,57,97,7,175,62,120,2,89,67,48,63,29,65,4,73,41,114,112,77,153,161,165,60,110,185,84,85,66,87,124,51,90,191,197,168,94,187,101,81,36,33,100,111,122,98,139,105,180,107,158,30,64,96,76,134,74,13,116,10,42,22,169,142,39,95,1,125,145,127,128,129,18,181,148,133,103,92,136,137,43,194,146,109,31,147,144,121,162,171,141,193,78,151,152,130,113,155,17,21,108,159,160,135,140,106,164,14,166,167,93,178,170,75,172,79,117,88,24,177,40,179,58,157,182,27,195,83,186,54,119,72,71,53,5,149,19,184,70,104,143,9,];False
7812;8025;15837;[46,174,190,25,189,118,6,61,38,199,163,49,12,185,80,15,16,156,82,196,192,138,20,23,176,3,26,183,37,150,126,115,32,99,109,35,132,28,8,154,13,198,188,55,44,45,131,47,68,123,50,86,52,91,69,102,56,59,11,57,97,7,175,62,120,2,89,67,48,63,29,65,4,73,41,114,112,77,153,161,165,60,110,0,84,85,66,87,124,51,90,191,197,168,94,187,101,81,36,33,100,111,122,98,139,105,180,107,158,30,64,96,76,134,74,173,116,10,42,22,169,142,39,95,1,125,145,127,128,129,18,181,148,133,103,92,136,137,43,194,146,34,31,147,144,121,162,171,141,193,78,151,152,130,113,155,17,21,108,159,160,135,140,106,164,14,166,167,93,178,170,75,172,79,117,88,24,177,40,179,58,157,182,27,195,83,186,54,119,72,71,53,5,149,19,184,70,104,143,9,];False
7770;8065;15835;[46,174,190,25,189,118,6,61,38,199,163,49,12,185,80,15,16,156,82,196,192,138,20,23,176,3,26,183,37,150,126,115,32,99,34,35,132,28,8,154,13,198,188,55,44,45,131,47,68,123,50,86,52,91,69,88,56,59,11,57,97,7,175,62,120,2,89,67,48,63,29,65,4,73,41,114,112,77,153,161,165,60,110,0,84,85,66,87,124,51,90,191,197,168,14,187,101,81,36,33,100,111,122,98,139,105,180,107,158,30,64,96,76,134,74,173,116,10,42,22,169,142,39,31,1,125,145,127,128,129,18,181,148,133,103,92,136,137,43,194,146,109,95,147,144,121,162,171,141,193,78,151,152,130,113,155,17,21,108,159,160,135,140,106,164,94,166,167,93,178,170,75,172,79,117,102,24,177,40,179,58,157,182,27,195,83,186,54,119,72,71,53,5,149,19,184,70,104,143,9,];False
7793;8041;15834;[46,174,190,25,189,118,6,61,38,199,163,49,12,0,80,15,16,156,82,196,192,138,20,23,176,3,126,183,37,150,26,115,32,99,34,35,132,28,8,154,13,198,188,55,44,45,131,47,68,123,50,86,52,91,69,102,56,59,11,57,97,7,175,62,120,2,89,67,48,63,29,65,4,73,41,114,112,77,153,161,165,60,110,185,84,85,66,87,124,51,90,191,197,168,94,187,101,81,36,33,100,111,122,98,139,105,180,107,158,30,64,96,76,134,74,173,116,10,42,22,169,142,39,95,1,125,145,127,128,129,18,181,148,133,103,92,136,137,43,194,146,109,31,147,144,121,162,171,141,193,78,151,152,130,113,155,17,21,108,159,160,135,140,106,164,14,166,167,93,178,170,75,172,79,117,88,24,177,40,179,58,157,182,27,195,83,186,54,119,72,71,53,5,149,19,184,70,104,143,9,];False
7796;8034;15830;[46,174,190,25,189,118,6,61,38,199,163,49,12,185,80,15,16,156,82,196,192,138,20,23,176,3,26,183,37,150,126,115,32,99,34,35,132,28,8,154,13,198,188,55,103,45,131,47,68,123,50,86,52,91,69,88,56,59,11,57,97,7,175,62,120,2,89,67,48,63,29,65,4,73,41,114,112,77,153,161,165,60,110,0,84,85,66,87,124,51,90,191,197,168,14,187,101,81,36,33,100,111,122,98,139,105,180,107,158,30,64,96,76,134,74,173,116,10,42,22,169,142,39,95,1,125,145,127,128,129,18,181,148,133,44,92,136,137,43,194,146,109,31,147,144,121,162,171,141,193,78,151,152,130,113,155,17,21,108,159,160,135,140,106,164,94,166,167,93,178,170,75,172,79,117,102,24,177,40,179,58,157,182,27,195,83,186,54,119,72,71,53,5,149,19,184,70,104,143,9,];False
7830;7999;15829;[46,174,190,25,189,118,6,61,38,199,163,49,12,185,80,15,16,156,82,196,192,138,20,23,176,3,26,183,37,150,126,115,32,99,34,35,132,28,8,154,13,198,188,55,44,45,131,47,68,123,50,86,52,91,69,88,56,59,11,57,97,7,175,62,120,2,89,67,48,63,29,65,4,168,41,114,112,77,153,161,165,60,110,0,84,85,66,87,124,51,90,191,197,73,14,187,101,81,36,33,100,111,122,98,139,105,180,107,158,30,64,96,76,134,74,173,116,10,42,22,169,142,39,95,1,125,145,127,128,129,18,181,148,133,103,92,136,137,43,194,146,109,31,147,144,121,162,171,141,193,78,151,152,130,113,155,17,21,108,159,160,135,140,106,164,94,166,167,93,178,170,75,172,79,117,102,24,177,40,179,58,157,182,27,195,83,186,54,119,72,71,53,5,149,19,184,70,104,143,9,];False
7821;8007;15828;[46,174,190,25,189,118,6,61,38,199,163,49,12,185,80,15,16,156,82,196,192,138,20,23,176,3,26,183,37,150,126,115,32,99,34,35,132,28,8,154,13,198,188,55,44,45,131,47,68,123,50,86,52,91,69,102,56,59,11,57,97,7,175,62,120,2,89,67,48,63,29,65,4,73,41,114,112,77,153,161,165,60,110,0,84,85,66,87,124,51,90,191,197,168,94,187,101,81,36,33,100,111,122,98,139,105,180,107,158,30,64,96,76,134,74,173,116,10,42,22,169,142,39,95,1,125,145,127,128,129,18,181,148,133,103,92,136,137,43,194,146,109,31,147,144,121,162,171,141,193,78,151,152,130,113,155,17,21,108,159,160,135,140,106,164,14,166,167,93,178,170,75,172,79,117,88,24,177,40,179,58,157,182,27,195,83,186,54,119,72,71,53,5,149,19,184,70,104,143,9,];False
7764;8055;15819;[46,174,190,25,189,118,6,61,38,199,163,49,12,185,80,15,16,156,82,196,192,138,20,23,176,3,26,183,37,150,126,115,32,99,34,35,132,28,8,154,13,198,188,55,44,45,131,47,68,123,50,86,52,91,69,88,56,59,11,57,97,7,175,62,120,5,89,67,48,63,29,65,4,73,41,114,112,77,153,161,165,60,110,0,84,85,66,87,124,51,90,191,197,168,14,187,101,81,36,33,100,111,122,98,139,105,180,107,158,30,64,96,76,134,74,173,116,10,42,22,169,142,39,95,1,125,145,127,128,129,18,181,148,133,103,92,136,137,43,194,146,109,31,147,144,121,162,171,141,193,78,151,152,130,113,155,17,21,108,159,160,135,140,106,164,94,166,167,93,178,170,75,172,79,117,102,24,177,40,179,58,157,182,27,195,83,186,54,119,72,71,53,2,149,19,184,70,104,143,9,];False
7741;8073;15814;[46,174,190,25,189,118,6,61,38,199,163,49,12,185,80,15,16,156,82,196,192,138,20,23,176,3,26,183,37,150,126,115,32,99,34,35,132,28,8,154,13,198,188,55,44,45,146,47,68,123,50,86,52,91,69,88,56,59,11,57,97,7,175,62,120,2,89,67,48,63,29,65,4,73,41,114,112,77,153,161,165,60,110,0,84,85,66,87,124,51,90,191,197,168,14,187,101,81,36,33,100,111,122,98,139,105,180,107,158,30,64,96,76,134,74,173,116,10,42,22,169,142,39,95,1,125,145,127,128,129,18,181,148,133,103,92,136,137,43,194,131,109,31,147,144,121,162,171,141,193,78,151,152,130,113,155,17,21,108,159,160,135,140,106,164,94,166,167,93,178,170,75,172,79,117,102,24,177,40,179,58,157,182,27,195,83,186,54,119,72,71,53,5,149,19,184,70,104,143,9,];False
7805;8009;15814;[46,174,190,25,189,118,6,61,38,199,163,49,12,185,80,15,124,156,82,196,192,138,20,23,176,3,26,183,37,150,126,115,32,99,34,35,132,28,8,154,13,198,188,55,44,45,131,47,68,123,50,86,52,91,69,102,56,59,11,57,97,7,175,62,120,2,89,67,48,63,29,65,4,73,41,114,112,77,153,161,165,60,110,0,84,85,66,87,16,51,90,191,197,168,94,187,101,81,36,33,100,111,122,98,139,105,180,107,158,30,64,96,76,134,74,173,116,10,42,22,169,142,39,95,1,125,145,127,128,129,18,181,148,133,103,92,136,137,43,194,146,109,31,147,144,121,162,171,141,193,78,151,152,130,113,155,17,21,108,159,160,135,140,106,164,14,166,167,93,178,170,75,172,79,117,88,24,177,40,179,58,157,182,27,195,83,186,54,119,72,71,53,5,149,19,184,70,104,143,9,];False
7730;8083;15813;[46,174,190,25,189,118,6,61,38,199,163,49,12,185,80,15,16,156,82,196,192,138,20,23,176,3,26,183,37,150,126,115,32,99,34,35,132,28,8,154,13,198,188,55,44,45,131,47,68,123,50,86,52,91,69,88,56,59,11,57,97,7,175,62,120,2,89,67,48,63,29,65,4,111,41,114,112,77,153,161,165,60,110,0,84,85,66,87,124,51,90,191,197,168,14,187,101,81,36,33,100,73,122,98,139,105,180,107,158,30,64,96,76,134,74,173,116,10,42,22,169,142,39,95,1,125,145,127,128,129,18,181,148,133,103,92,136,137,43,194,146,109,31,147,144,121,162,171,141,193,78,151,152,130,113,155,17,21,108,159,160,135,140,106,164,94,166,167,93,178,170,75,172,79,117,102,24,177,40,179,58,157,182,27,195,83,186,54,119,72,71,53,5,149,19,184,70,104,143,9,];False
7760;8048;15808;[46,174,190,25,189,118,6,61,38,199,163,49,12,185,80,15,16,156,82,196,192,138,20,23,176,3,26,183,37,150,126,115,32,99,34,35,132,28,8,154,13,198,188,55,44,45,131,47,68,123,50,86,52,91,69,88,56,59,11,57,97,7,175,62,120,2,89,67,48,63,29,65,4,73,41,114,112,77,153,161,165,60,110,0,84,85,66,87,124,51,90,191,197,168,14,187,101,81,36,33,100,111,122,98,139,105,180,107,158,30,64,96,76,134,74,173,116,10,42,22,169,142,39,95,1,135,145,127,128,129,18,181,148,133,103,92,136,137,43,194,146,109,31,147,144,121,162,171,141,193,78,151,152,130,113,155,17,21,108,159,160,125,140,106,164,94,166,167,93,178,170,75,172,79,117,102,24,177,40,179,58,157,182,27,195,83,186,54,119,72,71,53,5,149,19,184,70,104,143,9,];False
7796;8011;15807;[46,174,190,25,189,118,6,61,38,199,163,49,12,185,80,15,16,156,82,196,192,138,20,23,176,3,26,183,37,150,126,115,32,99,34,35,132,28,188,154,13,198,8,55,44,45,131,47,68,123,50,86,52,91,69,88,56,59,11,57,97,7,175,62,120,2,89,67,48,63,29,65,4,73,41,114,112,77,153,161,165,60,110,0,84,85,66,87,124,51,90,191,197,168,14,187,101,81,36,33,100,111,122,98,139,105,180,107,158,30,64,96,76,134,74,173,116,10,42,22,169,142,39,95,1,125,145,127,128,129,18,181,148,133,103,92,136,137,43,194,146,109,31,147,144,121,162,171,141,193,78,151,152,130,113,155,17,21,108,159,160,135,140,106,164,94,166,167,93,178,170,75,172,79,117,102,24,177,40,179,58,157,182,27,195,83,186,54,119,72,71,53,5,149,19,184,70,104,143,9,];False
7713;8092;15805;[46,174,190,25,189,118,6,61,38,199,163,49,12,185,80,15,16,156,82,196,192,138,20,23,176,3,26,183,37,150,126,115,32,99,34,35,132,28,8,154,13,198,188,55,44,45,131,47,68,123,50,86,52,91,69,88,56,59,11,57,97,7,175,62,120,2,89,67,48,63,29,65,4,73,41,114,112,77,153,161,165,60,110,0,84,85,66,87,124,51,90,191,197,168,14,187,101,81,36,33,100,111,122,98,139,105,180,107,158,30,64,96,76,134,74,173,116,10,42,22,169,142,39,95,1,125,145,127,128,129,18,181,148,133,103,92,136,137,43,194,151,109,31,147,144,121,162,171,141,193,78,146,152,130,113,155,17,21,108,159,160,135,140,106,164,94,166,167,93,178,170,75,172,79,117,102,24,177,40,179,58,157,182,27,195,83,186,54,119,72,71,53,5,149,19,184,70,104,143,9,];False
7795;8009;15804;[46,174,190,25,189,118,6,61,38,199,163,49,12,185,80,15,16,156,82,196,192,138,20,23,176,3,26,183,37,150,126,115,32,99,34,35,132,28,8,154,13,198,188,55,44,45,131,47,68,123,147,86,52,91,69,88,56,59,11,57,97,7,175,62,120,2,89,67,48,63,29,65,4,73,41,114,112,77,153,161,165,60,110,0,84,85,66,87,124,51,90,191,197,168,14,187,101,81,36,33,100,111,122,98,139,105,180,107,158,30,64,96,76,134,74,173,116,10,42,22,169,142,39,95,1,125,145,127,128,129,18,181,148,133,103,92,136,137,43,194,146,109,31,50,144,121,162,171,141,193,78,151,152,130,113,155,17,21,108,159,160,135,140,106,164,94,166,167,93,178,170,75,172,79,117,102,24,177,40,179,58,157,182,27,195,83,186,54,119,72,71,53,5,149,19,184,70,104,143,9,];False
7753;8049;15802;[46,174,190,25,189,118,6,61,38,199,163,49,12,185,80,15,16,156,82,196,192,138,20,23,176,3,26,183,37,173,126,115,32,99,34,35,132,28,8,154,13,198,188,55,44,45,131,47,68,123,50,86,52,91,69,102,56,59,11,57,97,7,175,62,120,2,89,67,48,63,29,65,4,73,41,114,112,77,153,161,165,60,110,0,84,85,66,87,124,51,90,191,197,168,94,187,101,81,36,33,100,111,122,98,139,105,180,107,158,30,64,96,76,134,74,150,116,10,42,22,169,142,39,95,1,125,145,127,128,129,18,181,148,133,103,92,136,137,43,194,146,109,31,147,144,121,162,171,141,193,78,151,152,130,113,155,17,21,108,159,160,135,140,106,164,14,166,167,93,178,170,75,172,79,117,88,24,177,40,179,58,157,182,27,195,83,186,54,119,72,71,53,5,149,19,184,70,104,143,9,];False
7767;8034;15801;[46,174,190,25,189,187,6,61,38,199,163,49,12,185,80,15,16,156,82,196,192,138,20,23,176,3,26,183,37,150,126,115,32,99,34,35,132,28,8,154,13,198,188,55,44,45,131,47,68,123,50,86,52,91,69,88,56,59,11,57,97,7,175,62,120,2,89,67,48,63,29,65,4,73,41,114,112,77,153,161,165,60,110,0,84,85,66,87,124,51,90,191,197,168,14,118,101,81,36,33,100,111,122,98,139,105,180,107,158,30,64,96,76,134,74,173,116,10,42,22,169,142,39,95,1,125,145,127,128,129,18,181,148,133,103,92,136,137,43,194,146,9,31,147,144,121,162,171,141,193,78,151,152,130,113,155,17,21,108,159,160,135,140,106,164,94,166,167,93,178,170,75,172,79,117,102,24,177,40,179,58,157,182,27,195,83,186,54,119,72,71,53,5,149,19,184,70,104,143,109,];False
7755;8043;15798;[46,174,190,25,189,118,6,61,38,199,163,49,12,185,80,15,16,156,82,196,192,138,20,23,176,3,26,183,37,150,126,115,32,99,34,35,132,93,8,154,13,198,188,55,44,45,131,47,68,123,50,86,52,91,69,88,56,59,11,57,97,7,175,62,120,2,89,67,48,63,29,65,4,73,41,114,112,77,153,161,165,60,110,0,84,85,66,87,124,51,90,191,197,168,14,187,101,81,36,33,100,111,122,98,139,105,180,107,158,30,64,96,76,134,74,173,116,10,42,22,169,142,39,95,1,125,145,127,128,129,18,181,148,133,103,92,136,137,43,194,146,109,31,147,144,121,162,171,141,193,78,151,152,130,113,155,17,21,108,159,160,135,140,106,164,94,166,167,28,178,170,75,172,79,117,102,24,177,40,179,58,157,182,27,195,83,186,54,119,72,71,53,5,149,19,184,70,104,143,9,];False
7725;8069;15794;[46,174,190,25,189,118,6,61,38,199,163,49,12,0,80,15,16,93,82,196,192,138,20,23,176,3,26,183,37,150,126,115,32,99,34,35,145,28,8,154,13,198,188,55,44,45,131,47,68,123,50,86,52,91,69,102,56,59,11,57,97,7,175,62,120,2,89,67,48,63,29,65,4,73,41,114,112,77,153,161,165,60,110,185,84,85,66,87,124,51,90,191,197,168,94,187,101,81,36,33,100,111,122,98,139,105,180,107,158,30,64,96,76,134,74,173,116,10,42,22,169,142,39,95,1,125,132,127,128,129,18,181,148,133,103,92,136,137,43,194,146,109,31,147,144,121,162,171,141,193,78,151,152,130,113,155,17,21,108,159,160,135,140,106,164,14,166,167,156,178,170,75,172,79,117,88,24,177,40,179,58,157,182,27,195,83,186,54,119,72,71,53,5,149,19,184,70,104,143,9,];False
7774;8008;15782;[46,174,190,25,189,118,6,61,38,199,163,49,12,185,80,15,16,156,82,196,192,138,20,23,87,3,26,183,37,150,126,115,32,99,34,35,132,28,8,154,13,198,188,55,44,45,131,47,68,123,50,86,52,91,69,88,56,59,11,57,97,7,175,62,120,2,89,67,48,63,29,65,4,73,41,114,112,77,153,161,165,60,110,0,84,85,66,176,124,51,90,191,197,168,14,187,101,81,36,33,100,111,122,98,139,105,180,107,158,30,64,96,76,134,74,173,116,10,42,22,169,142,39,95,1,125,145,127,128,129,18,181,148,133,103,92,136,137,43,194,146,109,31,147,144,121,162,171,141,193,78,151,152,130,113,155,17,21,108,159,160,135,140,106,164,94,166,167,93,178,170,75,172,79,117,102,24,177,40,179,58,157,182,27,195,83,186,54,119,72,71,53,5,149,19,184,70,104,143,9,];False
7743;8027;15770;[46,174,190,25,189,118,6,61,79,199,163,49,12,185,80,15,16,156,82,196,192,138,20,23,176,3,26,183,37,150,126,115,32,99,34,35,132,28,8,154,13,198,188,55,44,45,131,47,68,123,50,86,52,91,69,88,56,59,11,57,97,7,175,62,120,2,89,67,48,63,29,65,4,73,41,114,112,77,153,161,165,60,110,0,84,85,66,87,124,51,90,191,197,168,14,187,101,81,36,33,100,111,122,98,139,105,180,107,158,30,64,96,76,134,74,173,116,10,42,22,169,142,39,95,1,125,145,127,128,129,18,181,148,133,103,92,136,137,43,194,146,109,31,147,144,121,162,171,141,193,78,151,152,130,113,155,17,21,108,159,160,135,140,106,164,94,166,167,93,178,170,75,172,38,117,102,24,177,40,179,58,157,182,27,195,83,186,54,119,72,71,53,5,149,19,184,70,104,143,9,];False
7762;8006;15768;[46,174,190,25,189,118,6,61,38,199,163,49,12,185,80,15,16,156,82,196,192,138,86,23,176,3,26,183,37,150,126,115,32,99,34,35,132,28,8,154,13,198,188,55,44,45,131,47,68,123,50,20,52,91,69,88,56,59,11,57,97,7,175,62,120,2,89,67,48,63,29,65,4,73,41,114,112,77,153,161,165,60,110,0,84,85,66,87,124,51,90,191,197,168,14,187,101,81,36,33,100,111,122,98,139,105,180,107,158,30,64,96,76,134,74,173,116,10,42,22,169,142,39,95,1,125,145,127,128,129,18,181,148,133,103,92,136,137,43,194,146,109,31,147,144,121,162,171,141,193,78,151,152,130,113,155,17,21,108,159,160,135,140,106,164,94,166,167,93,178,170,75,172,79,117,102,24,177,40,179,58,157,182,27,195,83,186,54,119,72,71,53,5,149,19,184,70,104,143,9,];False
7768;7998;15766;[46,174,190,25,189,118,6,61,38,199,163,49,12,185,80,15,16,156,82,196,192,138,20,23,176,3,26,183,37,150,126,115,45,99,34,35,132,28,8,154,13,198,188,55,44,32,131,47,68,123,50,86,52,91,69,88,56,59,11,57,97,7,175,62,120,2,89,67,48,63,29,65,4,73,41,114,112,77,153,161,165,60,110,0,84,85,66,87,124,51,90,191,197,168,14,187,101,81,36,33,100,111,122,98,139,105,180,107,158,30,64,96,76,134,74,173,116,10,42,22,169,142,39,95,1,125,145,127,128,129,18,181,148,133,103,92,136,137,43,194,146,109,31,147,144,121,162,171,141,193,78,151,152,130,113,155,17,21,108,159,160,135,140,106,164,94,166,167,93,178,170,75,172,79,117,102,24,177,40,179,58,157,182,27,195,83,186,54,119,72,71,53,5,149,19,184,70,104,143,9,];False
7763;7999;15762;[46,174,190,2,189,118,6,61,38,199,163,49,12,185,80,15,16,156,82,196,192,138,20,23,176,3,26,183,37,150,126,115,32,99,34,35,132,28,8,154,13,198,188,55,44,45,131,47,68,123,50,86,52,91,69,88,56,59,11,57,97,7,175,62,120,25,89,67,48,63,29,65,4,73,41,114,112,77,153,161,165,60,110,0,84,85,66,87,124,51,90,191,197,168,14,187,101,81,36,33,100,111,122,98,139,105,180,107,158,30,64,96,76,134,74,173,116,10,42,22,169,142,39,95,1,125,145,127,128,129,18,181,148,133,103,92,136,137,43,194,146,109,31,147,144,121,162,171,141,193,78,151,152,130,113,155,17,21,108,159,160,135,140,106,164,94,166,167,93,178,170,75,172,79,117,102,24,177,40,179,58,157,182,27,195,83,186,54,119,72,71,53,5,149,19,184,70,104,143,9,];False
7669;8071;15740;[46,174,190,25,189,118,6,61,38,199,163,49,12,185,80,15,16,156,82,196,192,138,20,23,176,3,26,183,37,150,126,115,32,99,34,35,132,28,8,154,13,198,188,55,44,45,119,47,68,123,50,86,52,91,69,88,56,59,11,57,97,7,175,62,120,2,89,67,48,63,29,65,4,73,41,114,112,77,153,161,165,60,110,0,84,85,66,87,124,51,90,191,197,168,14,187,101,81,36,33,100,111,122,98,139,105,180,107,158,30,64,96,76,134,74,173,116,10,42,22,169,142,39,95,1,125,145,127,128,129,18,181,148,133,103,92,136,137,43,194,146,9,31,147,144,121,162,171,141,193,78,151,152,130,113,155,17,21,108,159,160,135,140,106,164,94,166,167,93,178,170,75,172,79,117,102,24,177,40,179,58,157,182,27,195,83,186,54,131,72,71,53,5,149,19,184,70,104,143,109,];False
7723;8016;15739;[46,174,190,25,189,118,6,61,38,199,163,49,12,185,80,15,16,156,82,196,192,138,20,23,176,3,26,183,37,150,126,115,32,99,34,35,132,28,8,154,13,198,188,55,44,45,131,47,68,123,50,86,52,91,69,88,56,59,11,57,97,7,175,62,120,2,90,67,48,63,29,65,4,73,41,114,112,77,153,161,165,60,110,0,84,85,66,87,124,51,89,191,197,168,14,187,101,81,36,33,100,111,122,98,139,105,180,107,158,30,64,96,76,134,74,173,116,10,42,22,169,142,39,95,1,125,145,127,128,129,18,181,148,133,103,92,136,137,43,194,146,109,31,147,144,121,162,171,141,193,78,151,152,130,113,155,17,21,108,159,160,135,140,106,164,94,166,167,93,178,170,75,172,79,117,102,24,177,40,179,58,157,182,27,195,83,186,54,119,72,71,53,5,149,19,184,70,104,143,9,];False
7722;8017;15739;[46,174,190,25,189,118,6,61,38,199,163,49,12,185,80,15,16,156,82,196,192,138,20,102,176,3,26,183,37,150,126,115,32,99,34,35,132,28,8,154,13,198,188,55,44,45,131,47,68,123,50,86,52,91,69,88,56,59,11,57,97,7,175,62,120,2,89,67,48,63,29,65,4,73,41,114,112,77,153,161,165,60,110,0,84,85,66,87,124,51,90,191,197,168,94,187,101,81,36,33,100,111,122,98,139,105,180,107,158,30,64,96,76,134,74,173,116,10,42,22,169,142,39,95,1,125,145,127,128,129,18,181,148,133,103,92,136,137,43,194,146,109,31,147,144,121,162,171,141,193,78,151,152,130,113,155,17,21,108,159,160,135,140,106,164,14,166,167,93,178,170,75,172,79,117,23,24,177,40,179,58,157,182,27,195,83,186,54,119,72,71,53,5,149,19,184,70,104,143,9,];False
7736;8001;15737;[46,174,190,25,189,118,6,61,38,199,163,49,12,185,80,15,16,156,82,196,192,138,20,23,176,3,26,183,37,150,126,115,32,99,34,35,132,28,8,154,13,198,188,55,44,45,131,47,68,123,50,86,52,91,69,88,56,59,11,57,97,7,175,62,120,2,89,67,48,63,29,65,4,73,41,114,112,77,153,161,165,60,110,0,84,85,66,87,124,51,90,191,197,168,94,187,101,81,36,33,100,111,122,98,139,105,180,107,158,30,64,96,76,134,74,173,116,10,42,22,169,142,39,95,1,125,145,127,128,129,18,181,148,133,103,92,136,137,43,194,146,109,31,147,144,121,162,171,141,193,78,151,152,130,113,155,17,21,108,159,160,135,140,106,164,14,166,167,93,178,170,75,172,79,117,102,24,177,40,179,58,157,182,27,195,83,186,54,119,72,71,53,5,149,19,184,70,104,143,9,];False
7711;8026;15737;[46,174,190,25,189,118,6,61,38,199,163,49,12,185,80,15,16,156,82,196,192,138,20,23,176,3,26,183,37,150,126,115,32,99,34,35,132,28,8,154,13,198,188,55,44,45,131,47,68,123,50,86,52,91,69,88,56,59,11,57,97,7,175,62,120,2,89,67,48,63,29,65,4,73,41,114,112,77,166,161,165,60,110,0,84,85,66,87,124,51,90,191,197,168,14,187,101,81,36,33,100,111,122,98,139,105,180,107,158,30,64,96,76,134,74,173,116,10,42,22,169,142,39,95,1,125,145,127,128,129,18,181,148,133,103,92,136,137,43,194,146,109,31,147,144,121,162,171,141,193,78,151,152,130,113,155,17,21,108,159,160,135,140,106,164,94,153,167,93,178,170,75,172,79,117,102,24,177,40,179,58,157,182,27,195,83,186,54,119,72,71,53,5,149,19,184,70,104,143,9,];False
7701;8035;15736;[46,174,190,25,189,118,6,61,38,199,163,49,12,185,80,15,16,156,82,196,192,138,20,23,176,3,26,183,37,150,126,115,32,99,34,35,132,28,8,154,13,198,188,55,44,45,131,47,68,123,50,86,52,62,69,88,56,59,11,57,97,7,175,91,120,2,89,67,48,63,29,65,4,73,41,114,112,77,153,161,165,60,110,0,84,85,66,87,124,51,90,191,197,168,14,187,101,81,36,33,100,111,122,98,139,105,180,107,158,30,64,96,76,134,74,173,116,10,42,22,169,142,39,95,1,125,145,127,128,129,18,181,148,133,103,92,136,137,43,194,146,109,31,147,144,121,162,171,141,193,78,151,152,130,113,155,17,21,108,159,160,135,140,106,164,94,166,167,93,178,170,75,172,79,117,102,24,177,40,179,58,157,182,27,195,83,186,54,119,72,71,53,5,149,19,184,70,104,143,9,];False
7703;8033;15736;[46,174,190,25,189,118,6,61,38,199,163,49,12,185,80,15,16,156,82,196,192,138,20,23,176,3,26,183,37,150,126,115,32,99,34,35,132,28,113,154,13,198,188,55,44,45,131,47,68,123,50,86,52,91,69,88,56,59,11,57,97,7,175,62,120,2,89,67,48,63,29,65,4,73,41,114,112,77,153,161,165,60,110,0,84,85,66,87,124,51,90,191,197,168,14,187,101,81,36,33,100,111,122,98,139,105,180,107,158,30,64,96,76,134,74,173,116,10,42,22,169,142,39,95,1,125,145,127,128,129,18,181,148,133,103,92,136,137,43,194,146,9,31,147,144,121,162,171,141,193,78,151,152,130,8,155,17,21,108,159,160,135,140,106,164,94,166,167,93,178,170,75,172,79,117,102,24,177,40,179,58,157,182,27,195,83,186,54,119,72,71,53,5,149,19,184,70,104,143,109,];False
7724;8009;15733;[46,174,190,25,189,118,6,61,15,199,163,49,12,185,80,38,16,156,82,196,192,138,20,23,176,3,26,183,37,150,126,115,32,99,34,35,132,28,8,154,13,198,188,55,44,45,131,47,68,123,50,86,52,91,69,88,56,59,11,57,97,7,175,62,120,2,89,67,48,63,29,65,4,73,41,114,112,77,153,161,165,60,110,0,84,85,66,87,124,51,90,191,197,168,14,187,101,81,36,33,100,111,122,98,139,105,180,107,158,30,64,96,76,134,74,173,116,10,42,22,169,142,39,95,1,125,145,127,128,129,18,181,148,133,103,92,136,137,43,194,146,9,31,147,144,121,162,171,141,193,78,151,152,130,113,155,17,21,108,159,160,135,140,106,164,94,166,167,93,178,170,75,172,79,117,102,24,177,40,179,58,157,182,27,195,83,186,54,119,72,71,53,5,149,19,184,70,104,143,109,];False
7727;8003;15730;[46,174,190,25,189,118,6,61,38,199,163,49,12,185,80,15,16,156,82,196,192,138,20,23,176,3,26,183,37,150,126,115,32,99,34,35,132,28,8,154,13,198,188,55,44,45,131,47,68,123,50,86,52,91,69,88,56,59,11,57,97,7,175,62,120,2,89,67,48,63,29,65,4,73,41,114,112,77,153,161,165,60,110,0,84,85,66,87,124,51,90,191,197,168,9,187,101,81,36,33,100,111,122,98,139,105,180,107,158,30,64,96,76,134,74,173,116,10,42,22,169,142,39,95,1,125,145,127,128,129,18,181,148,133,103,92,136,137,43,194,146,109,31,147,144,121,162,171,141,193,78,151,152,130,113,155,17,21,108,159,160,135,140,106,164,94,166,167,93,178,170,75,172,79,117,102,24,177,40,179,58,157,182,27,195,83,186,54,119,72,71,53,5,149,19,184,70,104,143,14,];False
7680;8049;15729;[46,174,190,25,189,118,6,61,38,199,163,49,12,185,80,15,16,156,82,196,192,138,20,23,176,3,26,183,37,150,126,115,32,99,34,35,132,28,8,154,13,198,188,55,44,45,131,47,68,123,50,86,52,91,69,88,56,59,11,57,97,125,175,62,120,2,89,67,48,63,29,65,4,73,41,114,112,77,153,161,165,60,110,0,84,85,66,87,124,51,90,191,197,168,14,187,101,81,36,33,100,111,122,98,139,105,180,107,158,30,64,96,76,134,74,173,116,10,42,22,169,142,39,95,1,7,145,127,128,129,18,181,148,133,103,92,136,137,43,194,146,9,31,147,144,121,162,171,141,193,78,151,152,130,113,155,17,21,108,159,160,135,140,106,164,94,166,167,93,178,170,75,172,79,117,102,24,177,40,179,58,157,182,27,195,83,186,54,119,72,71,53,5,149,19,184,70,104,143,109,];False
7675;8052;15727;[46,174,190,25,189,118,6,61,38,199,163,49,12,185,80,15,16,156,82,196,192,138,20,23,176,3,26,183,37,150,126,115,32,99,34,33,132,28,8,154,13,198,188,55,44,45,131,47,68,123,50,86,52,91,69,88,56,59,11,57,97,7,175,62,120,2,89,67,48,63,29,65,4,73,41,114,112,77,153,161,165,60,110,0,84,85,66,87,124,51,90,191,197,168,14,187,101,81,36,35,100,111,122,98,139,105,180,107,158,30,64,96,76,134,74,173,116,10,42,22,169,142,39,95,1,125,145,127,128,129,18,181,148,133,103,92,136,137,43,194,146,9,31,147,144,121,162,171,141,193,78,151,152,130,113,155,17,21,108,159,160,135,140,106,164,94,166,167,93,178,170,75,172,79,117,102,24,177,40,179,58,157,182,27,195,83,186,54,119,72,71,53,5,149,19,184,70,104,143,109,];False
7699;8027;15726;[46,174,190,25,189,118,6,61,38,199,163,49,12,185,80,15,16,156,82,196,192,138,20,23,176,3,26,183,37,150,126,115,32,99,34,35,132,28,8,154,13,198,188,55,44,45,131,47,68,123,50,86,52,91,69,88,56,59,11,57,97,7,175,62,120,2,89,67,48,63,29,65,4,73,41,114,112,77,153,161,165,60,110,0,84,85,66,87,124,51,90,191,197,168,14,187,101,81,36,33,100,111,122,98,171,105,180,107,158,30,64,96,76,134,74,173,116,10,42,22,169,142,39,95,1,125,145,127,128,129,18,181,148,133,103,92,136,137,43,194,146,109,31,147,144,121,162,139,141,193,78,151,152,130,113,155,17,21,108,159,160,135,140,106,164,94,166,167,93,178,170,75,172,79,117,102,24,177,40,179,58,157,182,27,195,83,186,54,119,72,71,53,5,149,19,184,70,104,143,9,];False
7565;8160;15725;[46,174,190,25,189,118,6,61,38,199,163,49,12,185,80,15,16,156,82,196,192,138,20,23,176,3,26,183,37,150,126,115,32,99,34,35,132,28,8,154,13,198,188,55,44,45,131,47,68,123,50,86,52,91,69,88,56,59,11,57,97,7,175,62,120,2,89,67,48,110,29,65,4,73,41,114,112,77,153,161,165,60,63,0,84,85,66,87,124,51,90,191,197,168,14,187,101,81,36,33,100,111,122,98,139,105,180,107,158,30,64,96,76,134,74,173,116,10,42,22,169,142,39,95,1,125,145,127,128,129,18,181,148,133,103,92,136,137,43,194,146,9,31,147,144,121,162,171,141,193,78,151,152,130,113,155,17,21,108,159,160,135,140,106,164,94,166,167,93,178,170,75,172,79,117,102,24,177,40,179,58,157,182,27,195,83,186,54,119,72,71,53,5,149,19,184,70,104,143,109,];False
7675;8038;15713;[46,174,190,25,189,118,6,61,38,199,163,49,12,0,80,15,16,156,82,196,192,138,20,23,176,3,26,183,37,150,126,115,32,99,34,35,132,28,8,154,13,198,188,55,44,45,131,47,68,123,50,86,52,91,69,102,56,59,11,57,97,7,175,62,120,2,89,67,48,63,29,65,4,73,41,114,112,77,153,161,165,60,110,185,84,85,66,87,124,51,90,191,197,168,94,187,101,81,36,33,100,111,122,98,139,105,180,107,158,30,64,96,76,134,74,173,116,10,42,22,169,142,39,95,1,125,145,127,128,129,18,181,148,133,103,92,136,137,43,194,146,109,31,147,144,121,162,171,141,193,78,151,152,130,113,155,17,21,108,159,160,135,140,106,164,14,166,167,93,178,170,75,172,79,117,88,24,177,40,179,58,157,182,27,195,83,186,54,119,72,71,53,143,149,19,184,70,104,5,9,];False
7640;8054;15694;[46,174,190,25,189,118,6,61,38,199,163,49,12,185,80,15,16,156,82,196,192,138,20,23,176,3,26,183,37,150,126,115,32,99,34,35,132,28,8,154,13,198,188,55,44,45,131,47,68,123,50,86,52,91,69,88,56,59,11,57,97,7,175,62,120,2,89,67,48,63,29,65,4,73,41,114,112,77,153,161,165,159,110,0,84,85,66,87,124,51,90,191,197,168,14,187,101,81,36,33,100,111,122,98,139,105,180,107,158,30,64,96,76,134,74,173,116,10,42,22,169,142,39,95,1,125,145,127,128,129,18,181,148,133,103,92,136,137,43,194,146,109,31,147,144,121,162,171,141,193,78,151,152,130,113,155,17,21,108,60,160,135,140,106,164,94,166,167,93,178,170,75,172,79,117,102,24,177,40,179,58,157,182,27,195,83,186,54,119,72,71,53,5,149,19,184,70,104,143,9,];False
7631;8062;15693;[46,174,190,25,189,118,6,61,38,199,163,49,12,185,80,15,16,156,82,196,192,138,20,23,176,3,26,183,37,150,126,115,32,99,34,35,132,28,8,154,13,198,188,55,44,45,131,47,68,123,50,86,52,91,69,88,56,59,11,57,97,7,175,62,120,2,89,67,48,63,29,65,4,73,41,114,112,77,153,161,165,60,110,0,84,85,66,87,124,51,90,191,197,168,14,187,101,81,36,33,100,111,122,98,139,105,180,107,9,30,64,96,76,134,74,173,116,10,42,22,169,142,39,95,1,125,145,127,128,129,18,181,148,133,103,92,136,137,43,194,146,158,31,147,144,121,162,171,141,193,78,151,152,130,113,155,17,21,108,159,160,135,140,106,164,94,166,167,93,178,170,75,172,79,117,102,24,177,40,179,58,157,182,27,195,83,186,54,119,72,71,53,5,149,19,184,70,104,143,109,];False
7590;8102;15692;[46,174,190,25,189,118,6,61,38,199,163,49,12,185,80,15,16,156,82,196,192,138,20,23,176,3,26,183,37,150,126,115,32,99,34,35,132,28,8,154,13,198,188,55,44,45,131,47,68,123,50,86,52,91,69,88,56,59,11,57,97,7,175,62,120,2,89,67,48,63,29,65,4,73,41,114,112,77,153,161,165,60,109,0,84,85,66,87,124,51,90,191,197,168,14,187,101,81,36,33,100,111,122,98,139,105,180,107,158,30,64,96,76,134,74,173,116,10,42,22,169,142,39,95,1,125,145,127,128,129,18,181,148,133,103,92,136,137,43,194,146,9,31,147,144,121,162,171,141,193,78,151,152,130,113,155,17,21,108,159,160,135,140,106,164,94,166,167,93,178,170,75,172,79,117,102,24,177,40,179,58,157,182,27,195,83,186,54,119,72,71,53,5,149,19,184,70,104,143,110,];False
7685;8005;15690;[46,174,190,25,189,118,6,61,38,199,163,49,12,185,80,15,16,156,82,196,192,138,56,23,176,3,26,183,37,150,126,115,32,99,34,35,132,28,8,154,13,198,188,55,44,45,131,47,68,123,50,86,52,91,69,88,20,59,11,57,97,7,175,62,120,2,89,67,48,63,29,65,4,73,41,114,112,77,153,161,165,60,110,0,84,85,66,87,124,51,90,191,197,168,14,187,101,81,36,33,100,111,122,98,139,105,180,107,158,30,64,96,76,134,74,173,116,10,42,22,169,142,39,95,1,125,145,127,128,129,18,181,148,133,103,92,136,137,43,194,146,9,31,147,144,121,162,171,141,193,78,151,152,130,113,155,17,21,108,159,160,135,140,106,164,94,166,167,93,178,170,75,172,79,117,102,24,177,40,179,58,157,182,27,195,83,186,54,119,72,71,53,5,149,19,184,70,104,143,109,];False
7690;7997;15687;[46,174,190,25,189,118,6,61,38,199,163,49,12,185,80,15,16,156,82,196,192,138,20,23,176,3,26,183,37,150,126,115,32,99,34,35,132,28,8,154,13,198,188,55,44,45,131,47,68,123,50,86,52,91,69,88,56,59,11,57,97,7,175,62,120,2,89,67,48,63,29,65,4,73,41,114,112,77,153,161,165,60,110,0,84,85,66,87,124,51,90,191,197,168,14,187,101,81,36,33,100,111,122,98,139,105,180,107,158,30,64,96,76,134,74,173,116,10,42,22,169,142,39,95,1,125,145,127,128,129,18,181,148,133,103,92,136,137,43,194,146,109,31,147,144,121,162,171,141,193,78,151,152,130,113,155,17,21,108,159,160,135,140,106,164,94,166,167,93,178,170,75,172,79,117,102,24,177,40,179,58,157,182,27,195,83,186,54,119,72,71,53,5,149,19,184,70,104,143,9,];False
7646;8038;15684;[46,174,190,25,189,118,100,61,38,199,163,49,12,185,80,15,16,156,82,196,192,138,20,23,176,3,26,183,37,150,126,115,32,99,34,35,132,28,8,154,13,198,188,55,44,45,131,47,68,123,50,86,52,91,69,88,56,59,11,57,97,7,175,62,120,2,89,67,48,63,29,65,4,73,41,114,112,77,153,161,165,60,110,0,84,85,66,87,124,51,90,191,197,168,14,187,101,81,36,33,6,111,122,98,139,105,180,107,158,30,64,96,76,134,74,173,116,10,42,22,169,142,39,95,1,125,145,127,128,129,18,181,148,133,103,92,136,137,43,194,146,9,31,147,144,121,162,171,141,193,78,151,152,130,113,155,17,21,108,159,160,135,140,106,164,94,166,167,93,178,170,75,172,79,117,102,24,177,40,179,58,157,182,27,195,83,186,54,119,72,71,53,5,149,19,184,70,104,143,109,];False
7663;8015;15678;[46,174,190,25,189,118,6,61,38,199,163,49,12,185,80,15,16,156,82,196,192,138,20,23,176,3,26,183,37,150,126,115,32,99,34,35,132,28,8,154,13,198,188,55,44,45,131,47,68,123,50,86,52,91,69,88,56,59,11,57,97,7,175,62,120,2,89,67,48,63,29,65,4,73,41,114,112,77,153,161,165,60,110,0,84,85,66,87,124,51,90,191,197,168,14,187,101,81,36,33,100,111,122,98,139,105,180,107,158,30,64,96,76,134,74,173,116,10,42,22,169,142,39,95,1,125,145,127,128,129,18,181,148,133,103,92,136,137,43,194,146,109,31,147,144,121,104,171,141,193,78,151,152,130,113,155,17,21,108,159,160,135,140,106,164,94,166,167,93,178,170,75,172,79,117,102,24,177,40,179,58,157,182,27,195,83,186,54,119,72,71,53,5,149,19,184,70,162,143,9,];False
7609;8068;15677;[46,174,190,25,189,118,6,61,38,199,163,49,12,185,80,15,16,156,27,196,192,138,20,23,176,3,26,183,37,150,126,115,32,99,34,35,132,28,8,154,13,198,188,55,44,45,131,47,68,123,50,86,52,91,69,88,56,59,11,57,97,7,175,62,120,2,89,67,48,63,29,65,4,73,41,114,112,77,153,161,165,60,110,0,84,85,66,87,124,51,90,191,197,168,14,187,101,81,36,33,100,111,122,98,139,105,180,107,158,30,64,96,76,134,74,173,116,10,42,22,169,142,39,95,1,125,145,127,128,129,18,181,148,133,103,92,136,137,43,194,146,109,31,147,144,121,162,171,141,193,78,151,152,130,113,155,17,21,108,159,160,135,140,106,164,94,166,167,93,178,170,75,172,79,117,102,24,177,40,179,58,157,182,82,195,83,186,54,119,72,71,53,5,149,19,184,70,104,143,9,];False
7638;8031;15669;[46,174,190,25,189,118,6,61,38,199,163,49,12,185,80,15,16,156,82,196,192,138,20,23,176,3,26,183,37,150,126,115,55,99,34,35,132,28,8,154,13,198,188,32,44,45,131,47,68,123,50,86,52,91,69,88,56,59,11,57,97,7,175,62,120,2,89,67,48,63,29,65,4,73,41,114,112,77,153,161,165,60,110,0,84,85,66,87,124,51,90,191,197,168,14,187,101,81,36,33,100,111,122,98,139,105,180,107,158,30,64,96,76,134,74,173,116,10,42,22,169,142,39,95,1,125,145,127,128,129,18,181,148,133,103,92,136,137,43,194,146,9,31,147,144,121,162,171,141,193,78,151,152,130,113,155,17,21,108,159,160,135,140,106,164,94,166,167,93,178,170,75,172,79,117,102,24,177,40,179,58,157,182,27,195,83,186,54,119,72,71,53,5,149,19,184,70,104,143,109,];False
7610;8057;15667;[46,174,190,25,189,118,6,61,38,199,163,49,12,185,80,15,16,156,82,196,192,138,20,23,176,3,26,183,37,150,126,115,32,99,34,35,132,28,8,154,13,198,188,55,44,45,131,47,68,123,50,86,52,91,69,88,56,59,11,57,97,7,175,62,120,2,89,67,48,63,29,65,4,73,41,114,112,77,153,161,165,60,110,0,84,85,66,87,124,51,90,191,197,168,14,187,101,81,36,33,100,111,122,98,139,105,180,107,158,30,64,96,76,134,74,173,116,10,42,22,169,142,39,95,1,125,145,127,128,129,18,181,148,133,103,92,136,137,43,194,146,9,31,147,144,121,162,171,141,193,78,151,152,130,113,155,17,21,108,159,160,135,140,106,164,94,166,178,93,167,170,75,172,79,117,102,24,177,40,179,58,157,182,27,195,83,186,54,119,72,71,53,5,149,19,184,70,104,143,109,];False
7653;8012;15665;[46,174,190,25,189,118,6,61,38,199,163,49,12,185,80,15,16,156,82,196,192,138,20,23,176,3,26,183,37,150,126,115,32,99,34,35,132,28,8,154,127,198,188,55,44,45,131,47,68,123,50,86,52,91,69,88,56,59,11,57,97,7,175,62,120,2,89,67,48,63,29,65,4,73,41,114,112,77,153,161,165,60,110,0,84,85,66,87,124,51,90,191,197,168,14,187,101,81,36,33,100,111,122,98,139,105,180,107,158,30,64,96,76,134,74,173,116,10,42,22,169,142,39,95,1,125,145,13,128,129,18,181,148,133,103,92,136,137,43,194,146,109,31,147,144,121,162,171,141,193,78,151,152,130,113,155,17,21,108,159,160,135,140,106,164,94,166,167,93,178,170,75,172,79,117,102,24,177,40,179,58,157,182,27,195,83,186,54,119,72,71,53,5,149,19,184,70,104,143,9,];False
7627;8022;15649;[46,174,190,25,189,118,6,61,38,199,163,49,12,185,80,15,16,156,82,196,192,138,20,23,176,3,26,183,37,150,126,115,32,99,34,35,132,28,8,142,13,198,188,55,44,45,131,47,68,123,50,86,52,91,69,88,56,59,11,57,97,7,175,62,120,2,89,67,48,63,29,65,4,73,41,114,112,77,153,161,165,60,110,0,84,85,66,87,124,51,90,191,197,168,14,187,101,81,36,33,100,111,122,98,139,105,180,107,158,30,64,96,76,134,74,173,116,10,42,22,169,154,39,95,1,125,145,127,128,129,18,181,148,133,103,92,136,137,43,194,146,9,31,147,144,121,162,171,141,193,78,151,152,130,113,155,17,21,108,159,160,135,140,106,164,94,166,167,93,178,170,75,172,79,117,102,24,177,40,179,58,157,182,27,195,83,186,54,119,72,71,53,5,149,19,184,70,104,143,109,];False
7606;8014;15620;[46,174,190,25,189,118,6,61,38,199,163,49,12,185,80,15,16,156,82,196,192,138,20,23,176,3,26,183,37,150,126,115,32,99,34,35,132,28,8,154,13,198,188,55,44,45,131,47,68,123,50,86,52,91,69,88,56,59,11,57,97,7,175,62,120,2,53,67,48,63,29,65,4,73,41,114,112,77,153,161,165,60,110,0,84,85,66,87,124,51,90,191,197,168,14,187,101,81,36,33,100,111,122,98,139,105,180,107,158,30,64,96,76,134,74,173,116,10,42,22,169,142,39,95,1,125,145,127,128,129,18,181,148,133,103,92,136,137,43,194,146,109,31,147,144,121,162,171,141,193,78,151,152,130,113,155,17,21,108,159,160,135,140,106,164,94,166,167,93,178,170,75,172,79,117,102,24,177,40,179,58,157,182,27,195,83,186,54,119,72,71,89,5,149,19,184,70,104,143,9,];False
7607;8008;15615;[46,174,190,25,189,118,6,61,38,199,163,49,12,185,80,15,16,156,82,196,192,138,20,23,176,3,26,183,37,150,126,115,32,99,34,35,132,28,8,154,13,108,188,55,44,45,131,47,68,123,50,86,52,91,69,88,56,59,11,57,97,7,175,62,120,2,89,67,48,63,29,65,4,73,41,114,112,77,153,161,165,60,110,0,84,85,66,87,124,51,90,191,197,168,14,187,101,81,36,33,100,111,122,98,139,105,180,107,158,30,64,96,76,134,74,173,116,10,42,22,169,142,39,95,1,125,145,127,128,129,18,181,148,133,103,92,136,137,43,194,146,9,31,147,144,121,162,171,141,193,78,151,152,130,113,155,17,21,198,159,160,135,140,106,164,94,166,167,93,178,170,75,172,79,117,102,24,177,40,179,58,157,182,27,195,83,186,54,119,72,71,53,5,149,19,184,70,104,143,109,];False
7551;8050;15601;[46,174,190,25,189,118,6,61,38,199,163,49,12,185,80,15,16,156,82,196,192,138,20,23,176,3,26,183,37,150,126,115,32,99,34,35,132,28,8,154,13,198,188,55,44,45,131,47,68,123,50,86,52,91,69,88,56,59,11,57,97,7,175,62,120,2,89,67,48,63,29,65,4,73,41,142,112,77,153,161,165,60,110,0,84,85,66,87,124,51,90,191,197,168,14,187,101,81,36,33,100,111,122,98,139,105,180,107,158,30,64,96,76,134,74,173,116,10,42,22,169,114,39,95,1,125,145,127,128,129,18,181,148,133,103,92,136,137,43,194,146,9,31,147,144,121,162,171,141,193,78,151,152,130,113,155,17,21,108,159,160,135,140,106,164,94,166,167,93,178,170,75,172,79,117,102,24,177,40,179,58,157,182,27,195,83,186,54,119,72,71,53,5,149,19,184,70,104,143,109,];False
7555;8036;15591;[46,174,190,25,189,118,6,192,38,199,163,49,12,185,80,15,16,156,82,196,61,138,20,23,176,3,26,183,37,150,126,115,32,99,34,35,132,28,8,154,13,198,188,55,44,45,131,47,68,123,50,86,52,91,69,88,56,59,11,57,97,7,175,62,120,2,89,67,48,63,29,65,4,73,41,114,112,77,153,161,165,60,110,0,84,85,66,87,124,51,90,191,197,168,14,187,101,81,36,33,100,111,122,98,139,105,180,107,158,30,64,96,76,134,74,173,116,10,42,22,169,142,39,95,1,125,145,127,128,129,18,181,148,133,103,92,136,137,43,194,146,9,31,147,144,121,162,171,141,193,78,151,152,130,113,155,17,21,108,159,160,135,140,106,164,94,166,167,93,178,170,75,172,79,117,102,24,177,40,179,58,157,182,27,195,83,186,54,119,72,71,53,5,149,19,184,70,104,143,109,];False
7564;8009;15573;[46,174,190,25,189,118,6,61,38,199,163,49,12,185,80,15,16,156,82,196,192,138,20,23,176,3,26,183,37,150,126,115,32,99,34,35,132,28,8,154,13,198,188,55,44,45,131,47,68,123,50,86,52,91,69,88,56,59,11,57,97,7,175,62,120,2,89,67,48,63,29,65,4,73,41,114,112,77,153,161,165,60,110,0,84,85,66,87,124,51,90,191,197,168,14,187,101,81,36,33,100,111,122,98,139,105,180,107,158,30,64,96,76,134,74,173,116,10,42,22,169,142,39,95,1,125,145,127,128,129,18,181,148,133,103,92,136,137,43,194,146,9,31,147,144,121,162,171,141,193,78,151,152,130,113,155,17,21,108,159,160,135,140,106,164,94,166,167,93,178,170,75,172,79,117,102,24,177,40,179,58,157,182,27,195,83,186,54,119,72,71,53,5,149,19,184,70,104,143,109,];False
7522;8042;15564;[46,174,190,25,189,118,6,61,38,199,163,49,12,185,80,15,16,156,82,196,192,138,20,171,176,3,26,183,37,150,126,115,32,99,34,35,132,28,8,154,13,198,188,55,44,45,131,47,68,123,50,86,52,91,69,88,56,59,11,57,97,7,175,62,120,2,89,67,48,63,29,65,4,73,41,114,112,77,153,161,165,60,110,0,84,85,66,87,124,51,90,191,197,168,14,187,101,81,36,33,100,111,122,98,139,105,180,107,158,30,64,96,76,134,74,173,116,10,42,22,169,142,39,95,1,125,145,127,128,129,18,181,148,133,103,92,136,137,43,194,146,9,31,147,144,121,162,23,141,193,78,151,152,130,113,155,17,21,108,159,160,135,140,106,164,94,166,167,93,178,170,75,172,79,117,102,24,177,40,179,58,157,182,27,195,83,186,54,119,72,71,53,5,149,19,184,70,104,143,109,];False
7519;8036;15555;[46,174,190,25,189,118,6,61,38,199,163,49,12,185,80,15,16,156,82,196,192,138,20,23,176,3,26,183,37,150,126,115,32,99,34,35,132,28,8,154,13,198,188,55,44,45,131,47,68,123,50,86,52,91,69,88,56,59,11,57,97,7,175,62,120,2,89,67,48,63,29,65,4,73,41,114,112,77,153,161,165,60,110,0,84,85,66,87,124,51,90,191,197,168,14,187,101,81,36,33,100,111,122,98,139,105,180,107,133,30,64,96,76,134,74,173,116,10,42,22,169,142,39,95,1,125,145,127,128,129,18,181,148,158,103,92,136,137,43,194,146,9,31,147,144,121,162,171,141,193,78,151,152,130,113,155,17,21,108,159,160,135,140,106,164,94,166,167,93,178,170,75,172,79,117,102,24,177,40,179,58,157,182,27,195,83,186,54,119,72,71,53,5,149,19,184,70,104,143,109,];False
7532;8020;15552;[46,174,190,25,189,118,6,61,38,199,163,43,12,185,80,15,16,156,82,196,192,138,20,23,176,3,26,183,37,150,126,115,32,99,34,35,132,28,8,154,13,198,188,55,44,45,131,47,68,123,50,86,52,91,69,88,56,59,11,57,97,7,175,62,120,2,89,67,48,63,29,65,4,73,41,114,112,77,153,161,165,60,110,0,84,85,66,87,124,51,90,191,197,168,14,187,101,81,36,33,100,111,122,98,139,105,180,107,158,30,64,96,76,134,74,173,116,10,42,22,169,142,39,95,1,125,145,127,128,129,18,181,148,133,103,92,136,137,49,194,146,9,31,147,144,121,162,171,141,193,78,151,152,130,113,155,17,21,108,159,160,135,140,106,164,94,166,167,93,178,170,75,172,79,117,102,24,177,40,179,58,157,182,27,195,83,186,54,119,72,71,53,5,149,19,184,70,104,143,109,];False
7547;8003;15550;[46,174,190,25,189,118,6,61,38,199,163,49,12,185,80,15,16,156,82,196,192,138,20,23,176,3,26,183,37,150,126,115,32,99,34,35,132,28,8,154,13,198,188,55,44,45,131,47,68,123,50,86,52,91,69,88,53,59,11,57,97,7,175,62,120,2,89,67,48,63,29,65,4,73,41,114,112,77,153,161,165,60,24,0,84,85,66,87,124,51,90,191,197,168,14,187,101,81,36,33,100,111,122,98,139,105,180,107,158,42,64,96,76,134,74,173,116,10,30,22,169,142,39,95,1,125,145,127,128,129,18,181,148,133,103,92,136,137,43,194,146,9,31,147,144,121,162,171,141,193,78,151,152,130,113,155,17,21,108,159,109,135,140,106,164,94,166,167,93,178,170,75,172,79,117,102,110,177,40,179,58,157,182,27,195,83,186,54,119,72,71,56,5,149,19,184,70,104,143,160,];False
7498;8051;15549;[46,174,190,25,189,118,6,61,38,199,163,49,12,185,80,15,16,156,82,196,192,138,20,23,176,3,26,183,37,150,126,115,32,99,34,35,132,28,8,154,13,198,188,55,44,45,131,47,68,123,50,86,52,91,69,88,56,59,11,57,97,7,175,62,120,2,89,110,48,63,29,65,4,73,41,114,112,77,153,161,165,60,24,0,84,85,66,87,124,51,90,191,197,168,14,187,101,81,36,33,100,111,122,98,139,105,180,107,158,30,64,96,76,134,74,173,116,10,42,22,169,142,39,95,1,125,145,127,128,129,18,181,148,133,103,92,136,137,43,194,146,9,31,147,144,121,162,171,141,193,78,151,152,130,113,155,17,21,108,159,109,135,140,106,164,94,166,167,93,178,170,75,172,79,117,102,67,177,40,179,58,157,182,27,195,83,186,54,119,72,71,53,5,149,19,184,70,104,143,160,];False
7525;8023;15548;[46,174,190,25,189,118,6,61,38,199,163,49,12,185,80,15,16,156,82,196,192,138,20,23,176,3,26,183,37,150,126,115,32,99,34,35,132,28,8,154,13,198,188,55,44,45,131,47,68,123,50,86,52,91,69,88,56,59,11,57,97,7,175,62,120,2,89,67,48,63,29,65,4,73,41,114,112,77,153,161,165,60,110,0,84,85,66,87,124,51,90,191,197,168,14,187,101,81,36,33,100,111,122,98,139,105,180,107,158,30,64,96,76,134,74,173,70,10,42,22,169,142,39,95,1,125,145,127,128,129,18,181,148,133,103,92,136,137,43,194,146,9,31,147,144,121,162,171,141,193,78,151,152,130,113,155,17,21,108,159,160,135,140,106,164,94,166,167,93,178,170,75,172,79,117,102,24,177,40,179,58,157,182,27,195,83,186,54,119,72,71,53,5,149,19,184,116,104,143,109,];False
7495;8041;15536;[46,174,190,25,189,118,6,61,38,199,163,49,12,185,80,15,16,156,82,196,192,138,20,23,176,3,26,183,37,150,126,115,32,99,34,35,132,28,8,154,13,198,188,55,44,45,131,47,74,123,50,86,52,91,69,88,56,59,11,57,97,7,175,62,120,2,89,67,48,63,29,65,4,73,41,114,112,77,153,161,165,60,110,0,84,85,66,87,124,51,90,191,197,168,14,187,101,81,36,33,100,111,122,98,139,105,180,107,158,30,64,96,76,134,68,173,116,10,42,22,169,142,39,95,1,125,145,127,128,129,18,181,148,133,103,92,136,137,43,194,146,9,31,147,144,121,162,171,141,193,78,151,152,130,113,155,17,21,108,159,160,135,140,106,164,94,166,167,93,178,170,75,172,79,117,102,24,177,40,179,58,157,182,27,195,83,186,54,119,72,71,53,5,149,19,184,70,104,143,109,];False
7447;8066;15513;[46,174,190,25,189,118,6,61,38,199,163,49,12,185,80,15,16,156,82,196,192,138,20,23,176,3,26,183,37,150,126,115,32,99,34,35,132,28,8,154,13,198,78,55,44,45,131,47,68,123,50,86,52,91,69,88,56,59,11,57,97,7,175,62,120,2,89,67,48,63,29,65,4,73,41,114,112,77,153,161,165,60,24,0,84,85,66,87,124,51,90,191,197,168,14,187,101,81,36,33,100,111,122,98,139,105,180,107,158,30,64,96,76,134,74,173,116,10,42,22,169,142,39,95,1,125,145,127,128,129,18,181,148,133,103,92,136,137,43,194,146,9,31,147,144,121,162,171,141,193,188,151,152,130,113,155,17,21,108,159,160,135,140,106,164,94,166,167,93,178,170,75,172,79,117,102,110,177,40,179,58,157,182,27,195,83,186,54,119,72,71,53,5,149,19,184,70,104,143,109,];False
7460;8034;15494;[46,174,190,25,189,118,6,61,38,199,163,49,12,185,80,137,16,156,82,196,192,138,20,23,176,3,26,183,37,150,126,115,32,99,34,35,132,28,8,154,13,198,188,55,44,45,131,47,68,123,50,86,52,91,69,88,56,59,11,57,97,7,175,62,120,2,89,67,48,63,29,65,4,73,41,114,112,77,153,161,165,60,110,0,84,85,66,87,124,51,90,191,197,168,14,187,101,81,36,33,100,111,122,98,139,105,180,107,158,30,64,96,76,134,74,173,116,10,42,22,169,142,39,95,1,125,145,127,128,129,18,181,148,133,103,92,136,15,43,194,146,9,31,147,144,121,162,171,141,193,78,151,152,130,113,155,17,21,108,159,160,135,140,106,164,94,166,167,93,178,170,75,172,79,117,102,24,177,40,179,58,157,182,27,195,83,186,54,119,72,71,53,5,149,19,184,70,104,143,109,];False
7437;8054;15491;[46,174,190,25,189,118,6,61,38,199,163,49,12,185,80,15,16,156,82,196,192,138,20,23,176,3,26,183,37,150,126,115,32,99,34,35,132,28,8,154,13,198,188,55,44,45,131,47,68,123,50,86,52,91,69,88,53,59,11,57,97,7,175,62,193,2,89,67,48,63,29,65,4,73,41,114,112,77,153,161,165,60,24,0,84,85,66,87,124,51,90,191,197,168,14,187,101,81,36,33,100,111,122,98,139,105,180,107,158,30,64,96,76,134,74,173,116,10,42,22,169,142,39,95,1,125,145,127,128,129,18,181,148,133,103,92,136,137,43,194,146,9,31,147,144,121,162,171,141,120,78,151,152,130,113,155,17,21,108,159,109,135,140,106,164,94,166,167,93,178,170,75,172,79,117,102,110,177,40,179,58,157,182,27,195,83,186,54,119,72,71,56,5,149,19,184,70,104,143,160,];False
7393;8082;15475;[185,174,190,25,189,118,6,61,38,199,163,49,12,46,80,15,16,156,82,196,192,138,20,23,176,3,26,183,37,150,126,115,32,99,34,35,132,28,8,154,13,198,188,55,44,45,131,47,68,123,50,86,52,91,69,88,56,59,11,57,97,7,175,62,120,2,89,67,48,63,29,65,4,73,41,114,112,77,153,161,165,60,24,0,84,85,66,87,124,51,90,191,197,168,14,187,101,81,36,33,100,111,122,98,139,105,180,107,158,30,64,96,76,134,74,173,116,10,42,22,169,142,39,95,1,125,145,127,128,129,18,181,148,133,103,92,136,137,43,194,146,9,31,147,144,121,162,171,141,193,78,151,152,130,113,155,17,21,108,159,160,135,140,106,164,94,166,167,93,178,170,75,172,79,117,102,110,177,40,179,58,157,182,27,195,83,186,54,119,72,71,53,5,149,19,184,70,104,143,109,];False
7441;8033;15474;[46,174,190,25,189,118,6,61,38,199,163,49,12,185,80,15,16,156,82,196,192,138,20,23,176,3,26,183,37,150,126,115,32,99,34,35,132,28,8,154,13,198,188,55,44,45,131,47,68,123,50,86,52,91,69,88,56,59,11,57,97,7,175,62,120,2,89,67,48,63,29,65,4,73,41,114,112,77,153,161,165,60,24,0,84,85,66,87,124,51,90,191,197,168,14,187,101,81,36,178,100,111,122,98,139,105,180,107,158,30,64,96,76,134,74,173,116,10,42,22,169,142,39,95,1,125,145,127,128,129,18,181,148,133,103,92,136,137,43,194,146,9,31,147,144,121,162,171,141,193,78,151,152,130,113,155,17,21,108,159,160,135,140,106,164,94,166,167,93,33,170,75,172,79,117,102,110,177,40,179,58,157,182,27,195,83,186,54,119,72,71,53,5,149,19,184,70,104,143,109,];False
7442;8027;15469;[46,174,190,25,189,118,6,61,38,199,163,49,12,185,80,15,16,156,82,196,192,138,20,23,176,3,26,183,37,150,126,115,32,99,34,35,132,28,8,154,13,198,188,55,123,45,131,47,68,44,50,86,52,91,69,88,56,59,11,57,97,7,175,62,120,2,89,67,48,63,29,65,4,73,41,114,112,77,153,161,165,60,24,0,84,85,66,87,124,51,90,191,197,168,14,187,101,81,36,33,100,111,122,98,139,105,180,107,158,30,64,96,76,134,74,173,116,10,42,22,169,142,39,95,1,125,145,127,128,129,18,181,148,133,103,92,136,137,43,194,146,9,31,147,144,121,162,171,141,193,78,151,152,130,113,155,17,21,108,159,160,135,140,106,164,94,166,167,93,178,170,75,172,79,117,102,110,177,40,179,58,157,182,27,195,83,186,54,119,72,71,53,5,149,19,184,70,104,143,109,];False
7450;8017;15467;[46,174,190,25,189,118,6,61,38,199,163,49,12,185,80,15,16,156,82,196,192,138,20,23,176,3,26,183,37,150,126,115,32,99,34,35,132,28,8,154,13,198,188,55,44,45,131,47,68,123,50,86,52,91,69,88,53,59,11,57,97,7,175,62,120,2,89,67,48,63,29,65,4,73,41,114,112,77,153,161,165,60,24,0,84,85,66,87,124,51,90,191,197,168,14,187,101,81,36,33,100,111,122,98,139,105,180,107,158,30,64,96,76,134,74,173,116,10,42,22,169,142,39,95,1,125,145,127,128,129,18,181,148,133,103,92,136,137,43,194,146,9,31,147,144,121,162,171,141,193,78,151,152,130,113,155,17,21,143,159,109,135,140,106,164,94,166,167,93,178,170,75,172,79,117,102,110,177,40,179,58,157,182,27,195,83,186,54,119,72,71,56,5,149,19,184,70,104,108,160,];False
7438;8025;15463;[46,174,190,25,189,118,6,61,38,199,163,49,12,185,80,15,16,156,82,196,192,138,20,23,176,3,26,183,37,150,126,115,32,99,34,173,132,28,8,154,13,198,188,55,44,45,131,47,68,123,50,86,52,91,69,88,56,59,11,57,97,7,175,62,120,2,89,67,48,63,29,65,4,73,41,114,112,77,153,161,165,60,24,0,84,85,66,87,124,51,90,191,197,168,14,187,101,81,36,33,100,111,122,98,139,105,180,107,158,30,64,96,76,134,74,35,116,10,42,22,169,142,39,95,1,125,145,127,128,129,18,181,148,133,103,92,136,137,43,194,146,9,31,147,144,121,162,171,141,193,78,151,152,130,113,155,17,21,108,159,160,135,140,106,164,94,166,167,93,178,170,75,172,79,117,102,110,177,40,179,58,157,182,27,195,83,186,54,119,72,71,53,5,149,19,184,70,104,143,109,];False
7403;8060;15463;[46,174,190,25,189,118,6,61,38,199,163,49,12,185,80,15,16,156,82,196,192,138,20,23,176,3,26,183,37,150,126,115,32,99,34,35,132,28,8,154,13,198,188,55,44,45,131,47,68,123,50,86,52,91,69,88,53,59,11,57,97,7,175,62,120,2,89,67,48,63,29,65,4,73,41,114,158,77,153,161,165,60,24,0,84,85,66,87,124,51,90,191,197,168,14,187,101,81,36,33,100,111,122,98,139,105,180,107,112,30,64,96,76,134,74,173,116,10,42,22,169,142,39,95,1,125,145,127,128,129,18,181,148,133,103,92,136,137,43,194,146,9,31,147,144,121,162,171,141,193,78,151,152,130,113,155,17,21,108,159,109,135,140,106,164,94,166,167,93,178,170,75,172,79,117,102,110,177,40,179,58,157,182,27,195,83,186,54,119,72,71,56,5,149,19,184,70,104,143,160,];False
7437;8022;15459;[46,174,190,25,189,118,6,61,38,199,163,49,12,185,80,15,16,156,82,196,192,138,20,23,176,3,26,183,37,150,126,115,32,99,34,35,132,28,8,154,13,198,188,55,44,45,131,47,68,123,50,86,52,91,69,88,53,59,11,57,97,7,175,62,120,2,89,67,48,63,29,65,4,73,41,114,112,77,153,161,165,60,24,0,84,85,66,87,124,51,90,191,169,168,14,187,101,81,36,33,100,111,122,98,139,105,180,107,158,30,64,96,76,134,74,173,116,10,42,22,197,142,39,95,1,125,145,127,128,129,18,181,148,133,103,92,136,137,43,194,146,9,31,147,144,121,162,171,141,193,78,151,152,130,113,155,17,21,108,159,109,135,140,106,164,94,166,167,93,178,170,75,172,79,117,102,110,177,40,179,58,157,182,27,195,83,186,54,119,72,71,56,5,149,19,184,70,104,143,160,];False
7432;8022;15454;[46,174,190,25,189,118,6,61,38,199,163,49,12,185,80,15,16,156,82,196,192,138,20,23,176,3,26,183,37,150,126,115,32,99,34,35,132,28,8,154,13,198,188,55,44,45,131,47,68,123,50,86,52,91,69,88,53,59,11,57,97,7,175,62,120,2,89,67,48,63,29,65,4,73,41,114,112,77,153,161,165,60,24,0,84,85,66,87,124,51,90,191,197,168,14,187,101,81,36,33,100,111,122,98,139,105,180,107,158,30,64,96,76,134,74,173,116,10,42,22,169,142,39,95,1,125,145,127,128,129,18,5,148,133,103,92,136,137,43,194,146,9,31,147,144,121,162,171,141,193,78,151,152,130,113,155,17,21,108,159,109,135,140,106,164,94,166,167,93,178,170,75,172,79,117,102,110,177,40,179,58,157,182,27,195,83,186,54,119,72,71,56,181,149,19,184,70,104,143,160,];False
7408;8026;15434;[46,174,190,25,189,118,29,61,38,199,163,49,12,185,80,15,16,156,82,196,192,138,20,23,176,3,26,183,37,150,126,115,32,99,34,35,132,28,8,154,13,198,188,55,44,45,131,47,68,123,50,86,52,91,69,88,53,59,11,57,97,7,175,62,120,2,89,67,48,63,6,65,4,73,41,114,112,77,153,161,165,60,24,0,84,85,66,87,124,51,90,191,197,168,14,187,101,81,36,33,100,111,122,98,139,105,180,107,158,30,64,96,76,134,74,173,116,10,42,22,169,142,39,95,1,125,145,127,128,129,18,181,148,133,103,92,136,137,43,194,146,9,31,147,144,121,162,171,141,193,78,151,152,130,113,155,17,21,108,159,109,135,140,106,164,94,166,167,93,178,170,75,172,79,117,102,110,177,40,179,58,157,182,27,195,83,186,54,119,72,71,56,5,149,19,184,70,104,143,160,];False
7376;8050;15426;[193,174,190,25,189,118,6,61,38,199,163,49,12,185,80,15,16,156,82,196,192,138,20,23,176,3,26,183,37,150,126,115,32,99,34,35,132,28,8,154,13,46,188,55,44,45,131,47,68,123,50,86,52,91,69,88,53,59,11,57,97,7,175,62,120,2,89,67,48,63,29,65,4,73,41,114,112,77,153,157,165,60,24,0,84,85,66,87,124,51,90,191,197,168,14,187,101,81,36,33,100,111,122,98,139,105,180,107,158,30,64,96,76,134,74,173,116,10,42,22,169,142,39,95,1,125,145,127,128,129,18,181,148,133,103,92,136,137,43,194,146,9,31,147,144,121,162,171,141,198,78,151,152,130,113,155,17,21,108,159,109,135,140,106,164,94,166,167,93,178,170,75,172,79,117,102,110,177,40,179,58,161,182,27,195,83,186,54,119,72,71,56,5,149,19,184,70,104,143,160,];False
7374;8050;15424;[46,174,190,25,189,118,6,61,38,199,163,49,12,185,80,15,16,156,82,196,192,138,20,23,176,3,26,183,37,150,126,115,32,99,34,35,132,28,8,154,13,198,188,55,44,45,131,47,68,123,50,86,52,91,69,88,56,59,11,57,97,7,175,62,120,2,89,67,48,63,29,65,4,73,41,114,112,77,153,161,165,60,24,0,84,85,66,87,124,51,90,191,197,168,14,187,101,81,36,33,100,111,122,98,139,105,180,107,158,30,64,96,76,134,74,173,116,10,42,22,169,142,39,95,1,125,145,127,128,129,18,181,148,133,103,92,136,137,43,194,146,9,31,147,144,121,162,171,141,193,78,151,152,130,113,155,17,21,108,159,160,135,140,106,164,94,166,167,93,178,170,75,172,79,117,102,110,177,40,179,58,157,182,27,195,83,186,54,119,72,71,53,104,149,19,184,70,5,143,109,];False
7352;8060;15412;[46,174,190,25,189,118,6,61,38,199,163,49,12,185,80,15,16,156,82,196,192,138,20,23,176,3,26,183,37,150,126,115,32,99,34,35,132,28,8,154,13,198,188,55,44,45,131,47,68,123,50,86,52,91,69,88,53,59,11,57,97,7,175,62,120,2,89,67,48,63,29,65,4,73,41,114,112,77,153,157,165,60,24,0,84,85,66,87,124,51,90,191,197,40,14,187,101,81,36,33,100,111,122,98,139,105,180,107,158,30,64,96,76,134,74,173,116,10,42,22,169,142,39,95,1,125,145,127,128,129,18,181,148,133,103,92,136,137,43,194,146,9,31,147,144,121,162,171,141,193,78,151,152,130,113,155,17,21,108,159,109,135,140,106,164,94,166,167,93,178,170,75,172,79,117,102,110,177,168,179,58,161,182,27,195,83,186,54,119,72,71,56,5,149,19,184,70,104,143,160,];False
7301;8106;15407;[46,174,190,25,189,118,6,61,38,199,163,49,12,185,80,15,16,156,82,196,192,138,20,23,176,3,26,183,37,150,126,115,32,99,34,35,132,28,8,154,13,198,188,55,44,45,131,47,68,123,50,86,52,91,69,88,56,59,11,57,97,7,175,62,120,2,89,67,48,63,29,65,4,73,41,114,112,77,153,161,165,60,24,0,84,85,66,87,124,51,90,191,197,168,14,187,101,81,36,33,100,111,122,98,139,105,180,107,158,30,64,96,92,134,74,173,116,10,42,22,169,142,39,95,1,125,145,127,128,129,18,181,148,133,103,76,136,137,43,194,146,9,31,147,144,121,162,171,141,193,78,151,152,130,113,155,17,21,108,159,160,135,140,106,164,94,166,167,93,178,170,75,172,79,117,102,110,177,40,179,58,157,182,27,195,83,186,54,119,72,71,53,5,149,19,184,70,104,143,109,];False
7401;7997;15398;[46,174,190,25,189,118,6,61,38,199,163,49,12,185,80,15,16,156,82,196,192,138,20,23,176,3,26,183,37,150,126,115,32,99,34,35,132,28,8,154,13,198,188,55,44,45,186,47,68,123,50,86,52,91,69,88,53,59,11,57,97,7,175,62,120,2,89,67,48,63,29,65,4,73,41,114,112,77,153,161,165,60,24,0,84,85,66,87,124,51,90,191,197,168,14,187,101,81,36,33,100,111,122,98,139,105,180,107,158,30,64,96,76,134,74,173,116,10,42,22,169,142,39,95,1,125,145,127,128,129,18,181,148,133,103,92,136,137,43,194,146,9,31,147,144,121,162,171,141,193,78,151,152,130,113,155,17,21,108,159,109,135,140,106,164,94,166,167,93,178,170,75,172,79,117,102,110,177,40,179,58,157,182,27,195,83,131,54,119,72,71,56,5,149,19,184,70,104,143,160,];False
7309;8086;15395;[46,174,190,25,189,118,6,61,38,199,163,49,12,185,80,15,16,156,82,196,192,138,20,23,176,3,26,183,37,150,126,115,32,99,34,35,132,28,8,154,13,198,188,55,44,45,131,47,68,123,50,86,52,91,69,88,56,59,11,57,97,7,175,62,120,2,89,67,48,63,29,65,4,73,41,114,112,77,153,161,165,60,24,0,84,85,66,87,124,51,90,191,197,168,14,187,101,92,36,33,100,111,122,98,139,105,180,107,158,30,64,96,76,134,74,173,116,10,42,22,169,142,39,95,1,125,145,127,128,129,18,181,148,133,103,81,136,137,43,194,146,9,31,147,144,121,162,171,141,193,78,151,152,130,113,155,17,21,108,159,160,135,140,106,164,94,166,167,93,178,170,75,172,79,117,102,110,177,40,179,58,157,182,27,195,83,186,54,119,72,71,53,5,149,19,184,70,104,143,109,];False
7325;8070;15395;[46,174,190,25,189,118,6,61,38,199,163,49,12,185,80,15,16,156,82,196,192,138,20,23,176,3,26,183,37,150,126,115,32,99,34,35,132,28,8,154,13,198,188,55,44,45,131,47,68,123,50,86,52,91,69,88,53,59,11,57,97,7,175,62,194,2,89,67,48,63,29,65,4,73,41,114,112,77,153,157,165,60,24,0,84,85,66,87,124,51,90,191,197,168,14,187,101,81,36,33,100,111,122,98,139,105,180,107,158,30,64,96,76,134,74,173,116,10,42,22,169,142,39,95,1,125,145,127,128,129,18,181,148,133,103,92,136,137,43,120,146,9,31,147,144,121,162,171,141,193,78,151,152,130,113,155,17,21,108,159,109,135,140,106,164,94,166,167,93,178,170,75,172,79,117,102,110,177,40,179,58,161,182,27,195,83,186,54,119,72,71,56,5,149,19,184,70,104,143,160,];False
7388;7999;15387;[46,174,190,25,189,118,6,61,38,199,163,49,12,185,80,15,16,156,82,196,192,138,20,23,176,3,26,183,37,150,126,115,32,99,34,35,132,28,8,154,13,198,188,55,44,45,131,47,68,123,50,86,52,91,69,88,17,59,11,57,97,7,175,62,120,2,89,67,48,63,29,65,4,73,41,114,112,77,153,161,165,60,24,0,84,85,66,87,124,51,90,191,197,168,14,187,101,81,36,33,100,111,122,98,139,105,180,107,158,30,64,96,76,134,74,173,116,10,42,22,169,142,39,95,1,125,145,127,128,129,18,181,148,133,103,92,136,137,43,194,146,9,31,147,144,121,162,171,141,193,78,151,152,130,113,155,53,21,108,159,109,135,140,106,164,94,166,167,93,178,170,75,172,79,117,102,110,177,40,179,58,157,182,27,195,83,186,54,119,72,71,56,5,149,19,184,70,104,143,160,];False
7362;8012;15374;[46,174,190,25,189,118,6,61,38,199,163,49,12,185,80,15,16,156,82,196,192,138,20,23,176,3,26,183,37,150,126,115,32,99,34,35,132,28,8,154,13,198,188,55,44,45,131,47,68,123,50,86,52,91,69,88,56,59,11,57,97,7,175,62,120,2,89,67,48,63,29,65,4,73,41,114,112,77,153,161,165,60,24,0,84,85,66,87,124,51,90,191,197,168,14,187,101,81,36,33,100,111,122,98,139,105,180,107,158,30,64,96,76,134,74,173,116,10,42,22,169,142,39,95,1,125,145,127,128,129,18,181,148,133,103,92,136,137,43,194,146,9,31,147,144,121,162,171,141,193,78,151,152,130,113,155,17,21,108,159,160,135,140,106,164,94,166,167,93,178,170,75,172,79,117,102,110,177,40,179,58,157,182,27,195,83,186,54,119,72,71,53,5,149,19,184,70,104,143,109,];False
7332;8031;15363;[46,174,190,25,189,118,6,61,38,199,163,49,12,185,80,15,16,156,82,196,192,138,20,23,176,3,26,183,37,150,126,115,32,99,34,35,132,28,8,154,13,198,188,55,44,45,131,47,68,123,50,86,52,91,69,88,53,59,11,57,97,7,175,62,120,2,89,67,48,63,29,65,4,73,41,114,112,116,153,161,165,60,24,0,84,85,66,87,124,51,90,191,197,168,14,187,101,81,36,33,100,111,122,98,139,105,180,107,158,30,64,96,76,134,74,173,77,10,42,22,169,142,39,95,1,125,145,127,128,129,18,181,148,133,103,92,136,137,43,194,146,9,31,147,144,121,162,171,141,193,78,151,152,130,113,155,17,21,108,159,109,135,140,106,164,94,166,167,93,178,170,75,172,79,117,102,110,177,40,179,58,157,182,27,195,83,186,54,119,72,71,56,5,149,19,184,70,104,143,160,];False
7337;8022;15359;[46,174,190,25,189,118,6,61,38,199,163,49,12,185,80,15,16,156,82,196,192,138,20,23,176,3,26,183,37,150,126,115,32,99,34,35,132,28,8,154,13,198,188,65,44,45,131,47,68,123,50,86,52,91,69,88,53,59,11,57,97,7,175,62,120,2,89,67,48,63,29,55,4,73,41,114,112,77,153,157,165,60,24,0,84,85,66,87,124,51,90,191,197,168,14,187,101,81,36,33,100,111,122,98,139,105,180,107,158,30,64,96,76,134,74,173,116,10,42,22,169,142,39,95,1,125,145,127,128,129,18,181,148,133,103,92,136,137,43,194,146,9,31,147,144,121,162,171,141,193,78,151,152,130,113,155,17,21,108,159,109,135,140,106,164,94,166,167,93,178,170,75,172,79,117,102,110,177,40,179,58,161,182,27,195,83,186,54,119,72,71,56,5,149,19,184,70,104,143,160,];False
7318;8041;15359;[46,174,190,25,189,118,6,61,38,199,163,49,12,185,80,15,16,156,82,196,192,138,20,23,176,3,26,183,37,150,126,115,32,99,34,35,132,28,8,154,13,198,188,55,44,45,131,47,68,123,50,86,52,91,69,88,53,59,11,57,97,7,175,62,120,2,89,67,48,63,29,65,4,73,41,114,112,77,153,157,165,60,24,0,84,85,66,87,124,51,90,191,197,168,14,187,101,81,36,33,100,111,122,98,139,105,180,107,158,30,64,96,76,134,74,173,116,10,42,22,169,142,39,95,1,125,145,127,128,129,18,181,92,133,103,148,136,137,43,194,146,9,31,147,144,121,162,171,141,193,78,151,152,130,113,155,17,21,108,159,109,135,140,106,164,94,166,167,93,178,170,75,172,79,117,102,110,177,40,179,58,161,182,27,195,83,186,54,119,72,71,56,5,149,19,184,70,104,143,160,];False
7378;7977;15355;[198,174,190,25,189,118,6,61,38,199,163,49,12,185,80,15,16,156,82,196,192,138,20,23,176,3,26,183,55,150,126,115,32,99,34,35,132,28,8,154,13,46,188,37,44,45,131,47,68,123,50,86,52,91,69,88,53,59,11,57,97,7,175,62,120,2,89,67,48,63,29,65,4,73,41,114,112,77,153,157,165,60,24,0,84,85,66,87,124,51,90,191,197,168,14,187,101,81,36,33,100,111,122,98,139,105,180,107,158,30,64,96,76,134,74,173,116,10,42,22,169,142,39,95,1,125,145,127,128,129,18,181,148,133,103,92,136,137,43,194,146,9,31,147,144,121,162,171,141,193,78,151,152,130,113,155,17,21,108,159,109,135,140,106,164,94,166,167,93,178,170,75,172,79,117,102,110,177,40,179,58,161,182,27,195,83,186,54,119,72,71,56,5,149,19,184,70,104,143,160,];False
7318;8036;15354;[46,174,190,25,189,118,6,61,38,199,163,49,12,185,80,15,16,156,82,196,192,138,20,23,176,3,26,183,37,150,126,115,32,99,34,35,132,28,8,154,13,198,188,55,44,45,131,47,68,123,50,148,52,91,69,88,53,59,11,57,97,7,175,62,120,2,89,67,48,63,29,65,4,73,41,114,112,77,153,161,165,60,24,0,84,85,66,87,124,51,90,191,197,168,14,187,101,81,36,33,100,111,122,98,139,105,180,107,158,30,64,96,76,134,74,173,116,10,42,22,169,142,39,95,1,125,145,127,128,129,18,181,86,133,103,92,136,137,43,194,146,9,31,147,144,121,162,171,141,193,78,151,152,130,113,155,17,21,108,159,109,135,140,106,164,94,166,167,93,178,170,75,172,79,117,102,110,177,40,179,58,157,182,27,195,83,186,54,119,72,71,56,5,149,19,184,70,104,143,160,];False
7300;8054;15354;[46,174,190,25,189,118,6,61,38,199,163,49,12,185,80,100,16,156,82,196,192,138,20,23,176,3,26,183,37,150,126,115,32,99,34,35,132,28,8,154,13,198,188,55,44,45,131,47,68,123,50,86,52,91,69,88,56,59,11,57,97,7,175,62,120,2,89,67,48,63,29,65,4,73,41,114,112,77,153,161,165,60,24,0,84,85,66,87,124,51,90,191,197,168,14,187,101,81,36,33,15,111,122,98,139,105,180,107,158,30,64,96,76,134,74,173,116,10,42,22,169,142,39,95,1,125,145,127,128,129,18,181,148,133,103,92,136,137,43,194,146,9,31,147,144,121,162,171,141,193,78,151,152,130,113,155,17,21,108,159,109,135,140,106,164,94,166,167,93,178,170,75,172,79,117,102,110,177,40,179,58,157,182,27,195,83,186,54,119,72,71,53,5,149,19,184,70,104,143,160,];False
7324;8027;15351;[46,174,190,25,189,118,6,61,38,199,163,49,12,185,80,15,16,156,82,196,192,138,20,23,176,3,26,183,37,150,126,115,32,99,34,35,132,28,8,154,13,198,188,55,44,45,131,47,68,123,50,86,52,91,69,88,53,59,11,57,97,7,175,62,120,2,89,67,48,63,29,65,4,73,41,114,112,77,153,157,165,60,24,0,84,85,66,87,124,51,90,191,197,168,14,187,101,81,36,33,100,111,122,98,139,105,180,107,158,30,64,96,76,134,74,173,116,10,42,22,169,142,39,95,1,125,145,127,128,129,18,181,148,133,103,92,136,137,43,194,146,9,31,147,144,121,162,171,141,193,78,151,152,130,113,155,17,21,108,159,109,135,140,106,164,93,166,167,94,178,170,75,172,79,117,102,110,177,40,179,58,161,182,27,195,83,186,54,119,72,71,56,5,149,19,184,70,104,143,160,];False
7343;8006;15349;[46,174,38,25,189,118,6,61,190,199,163,49,12,185,80,15,16,156,82,196,192,138,20,23,176,3,26,183,37,150,126,115,32,99,34,35,132,28,8,154,13,198,188,55,44,45,131,47,68,123,50,86,52,91,69,88,53,59,11,57,97,7,175,62,120,2,89,67,48,63,29,65,4,73,41,114,112,77,153,157,165,60,24,0,84,85,66,87,124,51,90,191,197,168,14,187,101,81,36,33,100,111,122,98,139,105,180,107,158,30,64,96,76,134,74,173,116,10,42,22,169,142,39,95,1,125,145,127,128,129,18,181,148,133,103,92,136,137,43,194,146,9,31,147,144,121,162,171,141,193,78,151,152,130,113,155,17,21,108,159,109,135,140,106,164,94,166,167,93,178,170,75,172,79,117,102,110,177,40,179,58,161,182,27,195,83,186,54,119,72,71,56,5,149,19,184,70,104,143,160,];False
7339;8008;15347;[46,174,190,25,189,118,6,61,38,199,163,49,12,185,80,15,16,156,82,196,192,138,20,23,176,3,26,183,37,150,126,115,32,99,34,35,132,28,8,154,13,198,188,55,44,45,131,47,68,123,50,86,52,91,69,88,56,59,11,57,97,7,175,62,120,2,89,67,48,63,29,65,4,73,41,114,112,77,153,161,165,60,24,0,84,85,66,87,124,51,90,191,197,168,14,187,101,81,36,33,100,111,122,98,139,105,180,107,158,30,64,96,76,134,74,173,116,10,42,22,169,142,39,95,1,125,145,127,128,129,18,181,148,133,103,92,136,137,43,194,146,9,31,147,144,121,162,171,141,193,78,151,152,130,113,155,17,21,108,159,109,135,140,106,164,94,166,167,93,178,170,75,172,79,117,102,110,177,40,179,58,157,182,27,195,83,186,54,119,72,71,53,5,149,19,184,70,104,143,160,];False
7328;8016;15344;[46,174,190,25,189,118,6,61,38,199,163,49,12,185,80,15,16,156,82,196,192,138,20,23,176,3,26,183,37,150,126,115,32,99,34,35,132,28,8,154,13,198,188,55,44,45,131,47,68,123,50,86,52,91,69,88,53,59,11,57,97,7,175,62,120,2,89,67,48,63,29,65,4,73,41,114,112,77,153,161,165,60,24,0,84,85,66,87,124,51,90,191,197,168,14,187,101,81,36,33,100,111,122,98,139,105,180,107,158,30,64,96,76,134,74,173,116,10,42,22,169,142,39,95,1,125,145,127,128,129,18,181,148,133,103,92,136,137,43,194,146,9,31,147,144,121,162,171,141,193,78,151,152,130,113,155,17,21,108,159,109,135,140,106,164,94,166,167,93,178,170,75,172,79,117,102,110,177,40,179,58,143,182,27,195,83,186,54,119,72,71,56,5,149,19,184,70,104,157,160,];False
7271;8069;15340;[46,174,190,25,189,118,6,61,38,199,163,49,12,185,80,15,16,156,82,196,192,138,20,23,176,3,26,183,37,150,126,115,32,99,34,35,132,28,8,154,13,198,188,55,44,45,131,47,68,123,50,86,52,91,69,88,53,59,11,57,97,7,175,62,120,2,89,67,48,63,29,65,4,73,41,178,112,77,153,157,165,60,24,0,84,85,66,87,124,51,90,191,197,168,14,187,101,81,36,33,100,111,122,98,139,105,180,107,158,30,64,96,76,134,74,173,116,10,42,22,169,142,39,95,1,125,145,127,128,129,18,181,148,133,103,92,136,137,43,194,146,9,31,147,144,121,162,171,141,193,78,151,152,130,113,155,17,21,108,159,109,135,140,106,164,94,166,167,93,114,170,75,172,79,117,102,110,177,40,179,58,161,182,27,195,83,186,54,119,72,71,56,5,149,19,184,70,104,143,160,];False
7338;8001;15339;[46,174,190,25,189,118,6,61,38,199,163,49,12,185,80,15,16,156,82,196,192,138,20,23,176,3,26,183,37,150,126,115,32,99,34,35,132,28,8,154,13,198,188,55,44,45,131,47,68,123,50,86,52,91,69,88,53,59,11,57,97,7,175,62,120,2,89,67,48,63,29,65,4,73,41,114,112,77,153,161,165,60,24,0,84,85,66,87,124,51,90,191,197,168,14,187,101,81,36,33,100,111,122,98,139,105,180,107,158,30,64,96,76,134,74,173,116,10,42,22,169,142,39,95,1,125,145,127,128,129,18,181,148,133,103,92,136,137,43,194,146,9,31,147,144,121,162,171,141,193,78,151,152,130,113,155,17,21,108,159,109,135,140,106,164,94,166,167,93,178,170,75,172,79,117,102,110,177,40,179,58,157,182,27,195,83,186,54,119,72,71,56,5,149,19,184,70,104,143,160,];False
7324;8013;15337;[46,174,190,25,8,118,6,61,38,199,163,49,12,185,80,15,16,156,82,196,192,138,20,23,176,3,26,183,37,150,126,115,32,99,34,35,132,28,189,154,13,198,188,55,44,45,131,47,68,123,50,86,52,91,69,88,53,59,11,57,97,7,175,62,120,2,89,67,48,63,29,65,4,73,41,114,112,77,153,157,165,60,24,0,84,85,66,87,124,51,90,191,197,168,14,187,101,81,36,33,100,111,122,98,139,105,180,107,158,30,64,96,76,134,74,173,116,10,42,22,169,142,39,95,1,125,145,127,128,129,18,181,148,133,103,92,136,137,43,194,146,9,31,147,144,121,162,171,141,193,78,151,152,130,113,155,17,21,108,159,109,135,140,106,164,94,166,167,93,178,170,75,172,79,117,102,110,177,40,179,58,161,182,27,195,83,186,54,119,72,71,56,5,149,19,184,70,104,143,160,];False
7244;8093;15337;[46,174,190,25,189,118,6,61,38,199,163,49,12,185,80,15,16,156,82,196,192,138,20,23,176,3,26,183,37,150,126,115,32,99,34,35,132,28,8,154,13,198,188,55,44,45,131,47,68,123,50,86,52,91,69,88,53,59,11,57,97,7,175,62,120,2,89,67,48,63,29,65,4,73,41,114,112,77,51,157,165,60,24,0,84,85,66,87,124,153,90,191,197,168,14,187,101,81,36,33,100,111,122,98,139,105,180,107,158,30,64,96,76,134,74,173,116,10,42,22,169,142,39,95,1,125,145,127,128,129,18,181,148,133,103,92,136,137,43,194,146,9,31,147,144,121,162,171,141,193,78,151,152,130,113,155,17,21,108,159,109,135,140,106,164,94,166,167,93,178,170,75,172,79,117,102,110,177,40,179,58,161,182,27,195,83,186,54,119,72,71,56,5,149,19,184,70,104,143,160,];False
7288;8048;15336;[46,174,190,25,189,118,6,61,38,199,163,49,12,185,80,15,16,156,82,196,192,138,20,23,176,3,26,183,37,150,126,115,32,99,34,35,132,28,8,154,120,198,188,55,44,45,131,47,68,123,50,86,52,91,69,88,53,59,11,57,97,7,175,62,13,2,89,67,48,63,29,65,4,73,41,114,112,77,153,161,165,60,24,0,84,85,66,87,124,51,90,191,197,168,14,187,101,81,36,33,100,111,122,98,139,105,180,107,158,30,64,96,76,134,74,173,116,10,42,22,169,142,39,95,1,125,145,127,128,129,18,181,148,133,103,92,136,137,43,194,146,9,31,147,144,121,162,171,141,193,78,151,152,130,113,155,17,21,108,159,109,135,140,106,164,94,166,167,93,178,170,75,172,79,117,102,110,177,40,179,58,157,182,27,195,83,186,54,119,72,71,56,5,149,19,184,70,104,143,160,];False
7369;7963;15332;[198,174,190,25,189,118,6,61,38,199,163,49,12,185,80,15,16,156,82,196,192,138,20,23,176,3,26,183,37,150,126,115,32,99,34,35,132,28,8,154,13,46,188,55,44,45,131,47,68,123,50,86,52,91,69,88,53,59,11,57,97,112,175,62,120,2,89,67,48,63,29,65,4,73,41,114,7,77,153,157,165,60,24,0,84,85,66,87,124,51,90,191,197,168,14,187,101,81,36,33,100,111,122,98,139,105,180,107,158,30,64,96,76,134,74,173,116,10,42,27,169,142,39,95,1,125,145,127,128,129,18,181,148,133,103,92,136,137,43,194,146,9,31,147,144,121,162,171,141,193,78,151,152,130,113,155,17,21,108,159,109,135,140,106,164,94,166,167,93,178,170,75,172,79,117,102,110,177,40,179,58,161,182,22,195,83,186,54,119,72,71,56,5,149,19,184,70,104,143,160,];False
7260;8067;15327;[46,174,190,25,189,118,6,61,38,199,163,49,12,185,80,15,16,156,82,196,192,138,20,23,176,3,26,183,37,150,126,115,32,99,34,35,132,28,8,154,13,198,188,55,44,45,131,47,68,123,50,86,52,91,69,88,53,59,11,57,97,7,175,62,120,2,89,67,48,63,29,65,4,73,41,114,112,77,153,157,165,60,24,0,84,85,66,87,124,51,90,191,197,168,14,187,101,81,36,33,100,111,122,98,139,105,180,107,158,30,64,96,76,134,74,173,116,10,42,22,169,142,39,95,1,125,145,127,128,129,18,181,148,133,103,92,136,137,43,194,146,9,31,147,144,121,162,171,141,193,78,184,152,130,113,155,17,21,108,159,109,135,140,106,164,94,166,167,93,178,170,75,172,79,117,102,110,177,40,179,58,161,182,27,195,83,186,54,119,72,71,56,5,149,19,151,70,104,143,160,];False
7279;8046;15325;[198,174,190,25,189,118,6,61,38,199,163,49,12,185,80,15,16,156,82,196,192,138,20,23,176,3,157,183,37,150,126,115,32,99,34,35,132,28,8,154,13,46,188,55,44,45,131,47,68,123,120,86,52,91,69,88,53,59,11,57,97,7,175,62,50,2,89,67,48,63,29,65,4,73,41,114,112,77,153,26,165,60,24,0,84,85,66,87,124,51,90,191,197,168,14,187,101,81,36,33,100,111,122,98,139,105,180,107,158,30,64,96,76,134,74,173,116,10,42,27,169,142,39,95,1,125,145,127,128,129,18,181,148,133,103,92,136,137,43,194,146,9,31,147,144,121,162,171,141,193,78,151,152,130,113,155,17,21,108,159,109,135,140,106,164,94,166,167,93,178,170,75,172,79,117,102,110,177,40,179,58,161,182,22,195,83,186,54,119,72,71,56,5,149,19,184,70,104,143,160,];False
7281;8038;15319;[46,174,190,25,189,118,6,61,38,199,163,49,12,185,80,15,16,156,82,196,192,138,20,23,176,3,26,183,37,150,126,115,32,99,34,35,132,28,8,154,13,198,188,55,44,45,131,47,68,123,50,86,52,91,69,88,53,59,11,57,97,7,175,62,120,2,89,67,48,63,29,65,4,73,152,114,112,77,153,157,165,60,24,0,84,85,66,87,124,51,90,191,197,168,14,187,101,81,36,33,100,111,122,98,139,105,180,107,158,30,64,96,76,134,74,173,116,10,42,22,169,142,39,95,1,125,145,127,128,129,18,181,148,133,103,92,136,137,43,194,146,9,31,147,144,121,162,171,141,193,78,151,41,130,113,155,17,21,108,159,109,135,140,106,164,94,166,167,93,178,170,75,172,79,117,102,110,177,40,179,58,161,182,27,195,83,186,54,119,72,71,56,5,149,19,184,70,104,143,160,];False
7329;7988;15317;[198,174,190,25,189,118,6,61,38,199,163,49,12,185,80,15,16,156,82,196,60,138,20,23,176,3,157,183,37,150,126,115,32,99,34,35,132,28,8,154,13,46,188,55,44,45,131,47,68,123,50,86,52,91,69,88,53,59,11,57,97,7,175,62,120,2,89,67,48,63,29,164,4,73,41,114,112,77,153,26,165,192,24,0,84,85,66,87,124,51,90,191,197,168,14,187,101,81,36,33,100,111,122,98,139,105,180,107,158,30,64,96,76,134,74,173,116,10,42,27,169,142,39,95,1,125,145,127,128,129,18,181,148,133,103,92,136,137,43,194,146,9,31,147,144,121,162,171,141,193,78,151,152,130,113,155,17,21,108,159,109,135,140,106,65,94,166,167,93,178,170,75,172,79,117,102,110,177,40,179,58,161,182,22,195,83,186,54,119,72,71,56,5,149,19,184,70,104,143,160,];False
7260;8046;15306;[46,174,190,25,189,118,6,61,38,199,163,49,12,185,80,15,16,156,82,196,192,138,20,23,176,3,26,183,37,150,126,115,32,99,34,35,132,28,8,154,13,198,188,55,44,45,131,47,68,123,50,86,52,91,69,88,53,59,11,57,97,7,175,62,120,2,89,67,48,63,29,65,4,73,41,114,112,77,153,157,165,60,24,0,84,85,66,87,124,51,90,191,197,168,14,187,101,81,36,33,100,111,122,98,139,105,180,107,158,30,64,96,76,134,95,173,116,10,42,22,169,142,39,74,1,125,145,127,128,129,18,181,148,133,103,92,136,137,43,194,146,9,31,147,144,121,162,171,141,193,78,151,152,130,113,155,17,21,108,159,109,135,140,106,164,94,166,167,93,178,170,75,172,79,117,102,110,177,40,179,58,161,182,27,195,83,186,54,119,72,71,56,5,149,19,184,70,104,143,160,];False
7242;8061;15303;[198,174,190,25,189,118,6,61,38,199,163,49,82,185,80,15,16,156,12,196,192,138,20,23,176,3,26,183,37,150,126,115,32,99,34,35,132,28,8,154,13,46,188,55,44,45,131,47,68,123,50,86,52,91,69,88,53,59,11,57,97,7,175,62,120,2,89,67,48,63,29,65,4,73,41,114,112,77,153,157,165,60,24,0,84,85,66,87,124,51,90,191,197,168,14,187,101,81,36,33,100,111,122,98,139,105,180,107,158,30,64,96,76,134,74,173,116,10,42,27,169,142,39,95,1,125,145,127,128,129,18,181,148,133,103,92,136,137,43,194,146,9,31,147,144,121,162,171,141,193,78,151,152,130,113,155,17,21,108,159,109,135,140,106,164,94,166,167,93,178,170,75,172,79,117,102,110,177,40,179,58,161,182,22,195,83,186,54,119,72,71,56,5,149,19,184,70,104,143,160,];False
7276;8027;15303;[198,174,190,25,189,118,6,61,38,199,163,49,12,185,80,15,16,156,82,196,192,138,20,23,176,3,26,183,37,150,126,115,32,99,34,35,132,28,8,154,13,46,188,55,44,45,131,47,68,123,50,86,52,63,69,88,53,59,11,57,97,7,175,62,120,2,89,67,48,91,29,65,4,73,41,114,112,77,153,157,165,60,24,0,84,85,66,87,124,51,90,191,197,168,14,187,101,81,36,33,100,111,122,98,139,105,180,107,158,30,64,96,76,134,74,173,116,10,42,22,169,142,39,95,1,125,145,127,128,129,18,181,148,133,103,92,136,137,43,194,146,9,31,147,144,121,162,171,141,193,78,151,152,130,113,155,17,21,108,159,109,135,140,106,164,94,166,167,93,178,170,75,172,79,117,102,110,177,40,179,58,161,182,27,195,83,186,54,119,72,71,56,5,149,19,184,70,104,143,160,];False
7266;8032;15298;[46,174,190,25,189,118,6,61,38,199,163,49,12,185,80,15,16,156,82,196,192,138,20,23,176,3,26,183,37,150,126,115,32,99,34,35,132,28,8,154,13,198,188,55,44,45,131,47,68,123,50,86,52,91,69,88,53,59,11,57,97,7,175,62,120,2,89,67,48,63,29,65,4,73,41,114,112,77,153,161,165,60,24,0,84,85,66,87,124,51,90,191,197,168,14,187,101,81,36,33,100,111,122,98,139,105,180,107,158,30,64,96,76,134,74,173,116,10,42,22,169,142,39,95,1,125,145,127,128,129,18,181,148,133,103,92,136,137,43,194,146,9,31,147,144,121,162,171,141,193,78,151,152,130,113,155,17,21,56,159,109,135,140,106,164,94,166,167,93,178,170,75,172,79,117,102,110,177,40,179,58,157,182,27,195,83,186,54,119,72,71,108,5,149,19,184,70,104,143,160,];False
7253;8041;15294;[198,174,190,25,189,118,6,61,38,199,163,49,12,185,80,15,16,156,82,196,79,138,20,23,176,3,26,183,37,150,126,115,32,99,34,35,132,28,8,154,13,46,188,55,44,45,131,47,68,123,50,86,52,91,69,88,53,59,11,57,97,7,175,62,120,2,89,67,48,63,29,65,4,73,41,114,112,77,153,157,165,60,24,0,84,85,66,87,124,51,90,191,197,168,14,187,101,81,36,33,100,111,122,98,139,105,180,107,158,30,64,96,76,134,74,173,116,10,42,22,169,142,39,95,1,125,145,127,128,129,18,181,148,133,103,92,136,137,43,194,146,9,31,147,144,121,162,171,141,193,78,151,152,130,113,155,17,21,108,159,109,135,140,106,164,94,166,167,93,178,170,75,172,192,117,102,110,177,40,179,58,161,182,27,195,83,186,54,119,72,71,56,5,149,19,184,70,104,143,160,];False
7233;8058;15291;[46,174,190,25,189,118,6,61,38,199,163,49,12,185,80,15,16,156,82,196,192,138,20,23,176,3,26,183,37,150,126,115,32,99,34,35,132,28,8,154,13,198,188,55,44,45,131,47,68,123,50,86,52,91,69,88,53,59,11,57,97,7,175,62,120,2,89,67,48,63,29,65,4,73,41,114,112,77,153,157,165,60,24,0,84,85,66,87,124,51,90,191,197,168,14,27,101,81,36,33,100,111,122,98,139,105,180,107,158,30,64,96,76,134,74,173,116,10,42,22,169,142,39,95,1,125,145,127,128,129,18,181,148,133,103,92,136,137,43,194,146,9,31,147,144,121,162,171,141,193,78,151,152,130,113,155,17,21,108,159,109,135,140,106,164,94,166,167,93,178,170,75,172,79,117,102,110,177,40,179,58,161,182,187,195,83,186,54,119,72,71,56,5,149,19,184,70,104,143,160,];False
7252;8038;15290;[198,174,190,25,189,118,6,61,38,199,163,49,12,185,80,15,16,156,82,196,192,138,20,23,176,3,157,183,37,150,126,115,32,99,34,35,132,28,8,154,13,46,188,55,44,45,131,47,86,123,50,68,52,91,69,88,53,59,11,57,97,7,175,62,120,2,89,67,48,63,29,65,4,73,41,114,112,77,153,26,165,60,24,0,84,85,66,87,124,51,90,191,197,168,14,187,101,81,36,33,100,111,122,98,139,105,180,107,158,30,64,96,76,134,74,173,116,10,42,27,169,142,39,95,1,125,145,127,128,129,18,181,148,133,103,92,136,137,43,194,146,9,31,147,144,121,162,171,141,193,78,151,152,130,113,155,17,21,108,159,109,135,140,106,164,94,166,167,93,178,170,75,172,79,117,102,110,177,40,179,58,161,182,22,195,83,186,54,119,72,71,56,5,149,19,184,70,104,143,160,];False
7215;8070;15285;[198,174,190,25,189,118,6,61,38,199,163,49,12,185,80,15,16,156,82,196,192,138,64,23,176,3,157,183,37,150,126,115,32,99,34,35,132,28,8,154,13,46,188,55,44,45,131,47,68,123,50,86,52,91,69,88,53,59,11,57,97,7,175,62,120,2,89,67,48,63,29,65,4,73,41,114,112,77,153,26,165,60,24,0,84,85,66,87,124,51,90,191,197,168,14,187,101,81,36,33,100,111,122,98,139,105,180,107,158,30,20,96,76,134,74,173,116,10,42,27,169,142,39,95,1,125,145,127,128,129,18,181,148,133,103,92,136,137,43,194,146,9,31,147,144,121,162,171,141,193,78,151,152,130,113,155,17,21,108,159,109,135,140,106,164,94,166,167,93,178,170,75,172,79,117,102,110,177,40,179,58,161,182,22,195,83,186,54,119,72,71,56,5,149,19,184,70,104,143,160,];False
7275;8009;15284;[46,174,190,25,189,118,6,61,38,199,163,49,12,185,80,15,16,156,82,196,192,138,20,23,176,3,26,183,37,150,126,115,32,99,34,35,132,28,8,154,13,198,188,55,44,45,131,47,68,123,50,86,52,91,69,88,53,59,11,57,97,7,175,62,120,2,89,67,48,63,29,65,4,73,41,114,112,77,153,161,165,60,24,0,84,85,66,87,124,51,90,191,197,168,14,187,101,81,36,33,100,111,122,98,139,105,180,107,158,30,64,96,76,134,74,173,116,10,42,22,169,142,39,95,1,125,145,127,128,129,18,181,151,133,103,92,136,137,43,194,146,9,31,147,144,121,162,171,141,193,78,148,152,130,113,155,17,21,108,159,109,135,140,106,164,94,166,167,93,178,170,75,172,79,117,102,110,177,40,179,58,157,182,27,195,83,186,54,119,72,71,56,5,149,19,184,70,104,143,160,];False
7288;7996;15284;[198,174,190,25,189,118,6,61,38,199,163,49,12,185,80,15,16,156,82,196,192,138,20,23,176,3,26,183,37,150,126,115,32,99,34,35,132,28,8,154,13,46,188,55,44,45,131,47,68,123,50,86,52,91,69,88,53,59,11,57,97,7,175,62,120,2,89,67,48,63,29,65,4,73,41,114,112,77,153,157,165,60,24,0,84,85,66,87,124,51,90,191,197,168,14,187,101,81,36,33,100,111,122,98,139,105,180,107,158,30,64,96,76,134,74,173,116,10,42,22,169,142,39,95,1,125,145,127,128,129,18,181,148,133,103,92,136,137,43,194,146,9,31,147,144,121,162,171,141,193,78,151,152,130,113,155,17,21,108,159,109,135,140,106,164,94,166,167,93,178,83,75,172,79,117,102,110,177,40,179,58,161,182,27,195,170,186,54,119,72,71,56,5,149,19,184,70,104,143,160,];False
7269;8011;15280;[198,174,190,25,189,118,6,61,38,199,163,49,12,185,80,15,16,156,82,196,192,138,20,23,176,3,26,183,37,150,126,115,32,99,34,35,132,28,8,154,13,46,188,55,44,45,131,47,68,123,50,86,52,91,69,88,53,59,11,57,97,7,175,62,120,2,89,67,48,63,29,65,4,73,41,114,112,77,153,157,165,60,24,0,84,85,66,87,124,51,90,191,197,168,14,187,101,81,36,33,100,111,122,98,139,105,180,107,158,182,64,96,76,134,74,173,116,10,42,22,169,142,39,95,1,125,145,127,128,129,18,181,148,133,103,92,136,137,43,194,146,9,31,147,144,121,162,171,141,193,78,151,152,130,113,155,17,21,108,159,109,135,140,106,164,94,166,167,93,178,170,75,172,79,117,102,110,177,40,179,58,161,30,27,195,83,186,54,119,72,71,56,5,149,19,184,70,104,143,160,];False
7245;8035;15280;[198,174,190,25,189,118,6,61,38,199,163,49,12,185,80,15,16,156,82,196,192,138,20,23,176,3,26,183,37,150,126,115,32,99,34,35,132,28,8,154,13,46,188,55,44,45,131,47,68,123,50,86,52,91,69,88,53,59,11,57,97,7,175,62,120,2,89,67,48,63,29,65,4,73,41,114,112,77,153,157,165,60,24,0,84,85,66,87,124,51,90,191,197,168,14,187,101,81,36,33,100,111,122,98,139,105,180,107,158,30,64,96,76,134,74,173,116,10,42,22,169,142,39,95,1,125,145,127,128,129,18,181,148,133,103,92,136,137,43,194,146,9,58,147,144,121,162,171,141,193,78,151,152,130,113,155,17,21,108,159,109,135,140,106,164,94,166,167,93,178,170,75,172,79,117,102,110,177,40,179,31,161,182,27,195,83,186,54,119,72,71,56,5,149,19,184,70,104,143,160,];False
7272;7997;15269;[46,174,190,25,189,118,6,61,38,199,163,49,12,185,80,15,16,156,82,196,192,138,20,23,176,3,26,183,37,150,126,115,191,99,34,35,132,28,8,154,13,198,188,55,44,45,131,47,68,123,50,86,52,91,69,88,53,59,11,57,97,7,175,62,120,2,89,67,48,63,29,65,4,73,41,114,112,77,153,157,165,60,24,0,84,85,66,87,124,51,90,32,197,168,14,187,101,81,36,33,100,111,122,98,139,105,180,107,158,30,64,96,76,134,74,173,116,10,42,22,169,142,39,95,1,125,145,127,128,129,18,181,148,133,103,92,136,137,43,194,146,9,31,147,144,121,162,171,141,193,78,151,152,130,113,155,17,21,108,159,109,135,140,106,164,94,166,167,93,178,170,75,172,79,117,102,110,177,40,179,58,161,182,27,195,83,186,54,119,72,71,56,5,149,19,184,70,104,143,160,];False
7240;8026;15266;[198,181,190,25,189,87,6,61,38,163,199,49,12,185,167,15,16,156,82,196,192,150,20,23,176,3,157,183,37,138,126,115,32,99,34,35,97,28,8,154,13,46,188,55,44,45,131,47,68,123,50,86,52,91,69,88,53,59,11,57,132,7,175,62,120,2,89,67,48,63,29,164,4,73,41,114,112,77,153,26,165,60,24,0,84,85,66,118,124,51,90,191,197,168,14,187,101,81,36,33,100,111,122,98,139,105,180,107,158,30,64,96,76,134,74,173,116,10,42,27,169,142,39,95,1,125,145,127,128,129,18,174,148,133,103,92,136,137,43,194,146,9,31,147,144,121,162,171,141,193,78,151,152,130,113,155,17,21,108,159,109,135,140,106,65,94,166,80,93,178,170,75,172,79,117,102,110,177,40,179,58,161,182,22,195,83,186,54,119,72,71,56,5,149,19,184,70,104,143,160,];False
7213;8052;15265;[46,174,190,25,189,118,6,61,38,199,163,49,12,185,80,15,16,156,82,196,192,138,20,23,176,3,26,183,37,150,126,115,32,99,34,35,132,28,8,154,13,198,188,55,44,45,131,47,68,123,50,86,52,91,69,88,53,59,11,57,97,7,175,62,120,2,89,67,48,63,29,65,4,73,41,114,112,77,153,157,165,60,24,0,84,85,66,87,124,51,90,191,197,168,14,187,101,81,36,33,100,111,122,98,139,105,180,107,158,30,64,96,76,134,74,173,116,10,42,22,169,142,39,95,1,125,145,127,128,129,18,184,148,133,103,92,136,137,43,194,146,9,31,147,144,121,162,171,141,193,78,151,152,130,113,155,17,21,108,159,109,135,140,106,164,94,166,167,93,178,170,75,172,79,117,102,110,177,40,179,58,161,182,27,195,83,186,54,119,72,71,56,5,149,19,181,70,104,143,160,];False
7186;8078;15264;[46,174,190,25,189,118,6,61,38,199,163,49,12,185,80,15,16,156,82,196,192,138,20,23,176,3,26,183,37,150,126,115,32,99,34,35,132,28,8,154,13,198,188,55,44,45,131,47,68,123,50,86,52,91,69,88,53,59,11,57,97,7,175,62,120,2,89,67,48,63,29,65,4,73,41,114,112,77,153,161,165,60,24,0,84,85,66,87,124,51,90,191,197,168,14,187,101,81,36,33,100,111,122,98,139,105,180,107,158,30,64,96,76,134,74,173,116,10,42,22,169,142,39,95,1,125,145,127,128,129,18,181,148,133,103,92,136,137,43,194,146,9,31,147,144,121,162,171,141,193,78,151,152,130,113,155,17,21,108,159,109,135,140,167,164,94,166,106,93,178,170,75,172,79,117,102,110,177,40,179,58,157,182,27,195,83,186,54,119,72,71,56,5,149,19,184,70,104,143,160,];False
7179;8084;15263;[198,174,190,25,189,118,6,61,38,199,163,49,12,185,80,15,16,156,82,196,192,138,20,23,176,3,26,183,37,150,126,115,32,99,34,35,132,28,8,154,13,46,188,55,44,45,131,47,68,123,50,86,52,91,69,88,53,59,11,57,97,7,175,62,120,2,89,67,48,63,29,65,4,73,41,114,112,77,153,157,165,60,24,0,84,85,66,87,124,51,90,191,197,168,14,187,101,81,36,33,100,111,122,98,139,105,180,107,158,30,109,96,76,134,74,173,116,10,42,22,169,142,39,95,1,125,145,127,128,129,18,181,148,133,103,92,136,137,43,194,146,9,31,147,144,121,162,171,141,193,78,151,152,130,113,155,17,21,108,159,64,135,140,106,164,94,166,167,93,178,170,75,172,79,117,102,110,177,40,179,58,161,182,27,195,83,186,54,119,72,71,56,5,149,19,184,70,104,143,160,];False
7234;8023;15257;[46,174,190,25,189,118,6,61,38,199,163,49,12,185,80,15,16,156,82,59,192,138,20,23,176,3,26,183,37,150,126,115,32,99,34,35,132,28,8,154,13,198,188,55,44,45,131,47,68,123,50,86,52,91,69,88,53,196,11,57,97,7,175,62,120,2,89,67,48,63,29,65,4,73,41,114,112,77,153,157,165,60,24,0,84,85,66,87,124,51,90,191,197,168,14,187,101,81,36,33,100,111,122,98,139,105,180,107,158,30,64,96,76,134,74,173,116,10,42,22,169,142,39,95,1,125,145,127,128,129,18,181,148,133,103,92,136,137,43,194,146,9,31,147,144,121,162,171,141,193,78,151,152,130,113,155,17,21,108,159,109,135,140,106,164,94,166,167,93,178,170,75,172,79,117,102,110,177,40,179,58,161,182,27,195,83,186,54,119,72,71,56,5,149,19,184,70,104,143,160,];False
7228;8028;15256;[46,174,190,25,189,118,6,61,38,199,163,49,12,185,80,15,16,156,82,196,192,138,20,23,176,3,26,183,37,150,126,115,32,99,34,35,132,28,8,154,13,198,188,55,44,45,131,47,68,123,50,86,52,91,69,88,53,59,11,57,97,7,175,62,120,2,89,67,48,63,29,65,4,73,41,114,112,77,153,157,165,60,24,0,84,85,66,87,124,51,90,191,197,168,14,187,101,81,36,33,100,111,122,98,139,105,180,107,158,30,64,96,76,134,74,173,116,10,42,22,169,142,39,95,27,125,145,127,128,129,18,181,148,133,103,92,136,137,43,194,146,9,31,147,144,121,162,171,141,193,78,151,152,130,113,155,17,21,108,159,109,135,140,106,164,94,166,167,93,178,170,75,172,79,117,102,110,177,40,179,58,161,182,1,195,83,186,54,119,72,71,56,5,149,19,184,70,104,143,160,];False
7216;8039;15255;[46,174,190,25,189,118,6,61,38,120,163,49,12,185,80,15,16,156,82,196,192,138,20,23,176,3,26,183,37,150,126,115,32,99,34,35,132,28,8,154,13,198,188,55,44,45,131,47,68,123,50,86,52,91,69,88,53,59,11,57,97,7,175,62,199,2,89,67,48,63,29,65,4,73,41,114,112,77,153,157,165,60,24,0,84,85,66,87,124,51,90,191,197,168,14,187,101,81,36,33,100,111,122,98,139,105,180,107,158,30,64,96,76,134,74,173,116,10,42,22,169,142,39,95,1,125,145,127,128,129,18,181,148,133,103,92,136,137,43,194,146,9,31,147,144,121,162,171,141,193,78,151,152,130,113,155,17,21,108,159,109,135,140,106,164,94,166,167,93,178,170,75,172,79,117,102,110,177,40,179,58,161,182,27,195,83,186,54,119,72,71,56,5,149,19,184,70,104,143,160,];False
7225;8030;15255;[46,174,190,25,189,118,6,61,38,199,163,49,12,185,80,15,169,156,82,196,192,138,20,23,176,3,26,183,37,150,126,115,32,99,34,35,132,28,8,154,13,198,188,55,44,45,131,47,68,123,50,86,52,91,69,88,53,59,11,57,97,7,175,62,120,2,89,67,48,63,29,65,4,73,41,114,112,77,153,157,165,60,24,0,84,85,66,87,124,51,90,191,197,168,14,187,101,81,36,33,100,111,122,98,139,105,180,107,158,30,64,96,76,134,74,173,116,10,42,22,16,142,39,95,1,125,145,127,128,129,18,181,148,133,103,92,136,137,43,194,146,9,31,147,144,121,162,171,141,193,78,151,152,130,113,155,17,21,108,159,109,135,140,106,164,94,166,167,93,178,170,75,172,79,117,102,110,177,40,179,58,161,182,27,195,83,186,54,119,72,71,56,5,149,19,184,70,104,143,160,];False
7270;7982;15252;[198,174,190,25,189,118,6,61,38,199,163,49,12,185,80,15,16,156,82,59,192,138,20,23,176,3,26,183,37,150,126,115,32,99,34,35,132,28,8,154,13,46,188,55,44,45,131,47,68,123,50,86,52,91,69,88,53,196,11,57,97,7,175,62,120,2,89,67,48,63,29,65,4,73,41,114,112,77,153,157,165,60,24,0,84,85,66,87,124,51,90,191,197,168,14,187,101,81,36,33,100,111,122,98,139,105,180,107,158,30,64,96,76,134,74,173,116,10,42,27,169,142,39,95,1,125,145,127,128,129,18,181,148,133,103,92,136,137,43,194,146,9,31,147,144,121,162,171,141,193,78,151,152,130,113,155,17,21,108,159,109,135,140,106,164,94,166,167,93,178,170,75,172,79,117,102,110,177,40,179,58,161,182,22,195,83,186,54,119,72,71,56,5,149,19,184,70,104,143,160,];False
7222;8023;15245;[46,174,190,25,189,118,6,61,38,199,163,49,12,185,80,15,16,156,82,196,192,138,20,23,176,3,26,183,37,150,126,115,32,99,34,35,132,94,8,154,13,198,188,55,44,45,131,47,68,123,50,86,52,91,69,88,53,59,11,57,97,7,175,62,120,2,89,67,48,63,29,65,4,73,41,114,112,77,153,161,165,60,24,0,84,85,66,87,124,51,90,191,197,168,14,187,101,81,36,33,100,111,122,98,139,105,180,107,158,30,64,96,76,134,74,173,116,10,42,22,169,142,39,95,1,125,145,127,128,129,18,181,148,133,103,92,136,137,43,194,146,9,31,147,144,121,162,171,141,193,78,151,152,130,113,155,17,21,108,159,109,135,140,106,164,28,166,167,93,178,170,75,172,79,117,102,110,177,40,179,58,157,182,27,195,83,186,54,119,72,71,56,5,149,19,184,70,104,143,160,];False
7220;8011;15231;[46,174,190,25,189,118,6,61,38,199,163,49,12,185,80,15,16,156,82,196,192,138,20,23,176,3,26,183,37,150,126,115,32,99,34,35,132,28,8,154,13,198,188,55,44,45,131,47,68,123,50,86,52,91,69,88,53,59,11,57,97,7,175,62,120,2,89,67,48,63,29,65,4,73,41,114,112,77,153,157,165,60,24,0,84,85,66,87,124,51,90,191,197,168,14,187,101,81,36,33,100,111,122,98,139,105,180,107,158,30,64,96,76,134,74,173,116,10,42,22,169,142,39,95,1,125,145,127,128,129,18,181,148,133,103,92,136,137,43,194,146,9,31,147,144,121,162,171,141,193,78,151,152,130,113,155,17,21,108,159,109,135,140,106,164,94,166,167,93,178,170,75,172,79,117,102,110,177,40,54,58,161,182,27,195,83,186,179,119,72,71,56,5,149,19,184,70,104,143,160,];False
7189;8027;15216;[198,174,190,25,189,118,6,61,38,199,163,49,12,185,80,15,16,156,82,196,192,138,20,23,176,3,157,183,37,150,126,115,32,99,34,35,132,28,8,154,13,46,188,181,44,45,131,47,68,123,50,86,52,91,69,88,53,59,11,57,97,7,175,62,120,2,89,67,48,63,29,164,4,73,41,114,112,77,153,26,165,60,24,0,84,85,66,87,124,51,90,191,197,168,14,187,101,81,36,33,100,111,122,98,139,105,180,107,158,30,64,96,76,134,74,173,116,10,42,27,169,142,39,95,1,125,145,127,128,129,18,55,148,133,103,92,136,137,43,194,146,9,31,147,144,121,162,171,141,193,78,151,152,130,113,155,17,21,108,159,109,135,140,106,65,94,166,167,93,178,170,75,172,79,117,102,110,177,40,179,58,161,182,22,195,83,186,54,119,72,71,56,5,149,19,184,70,104,143,160,];False
7222;7993;15215;[198,174,190,25,189,118,6,61,38,199,163,49,12,185,80,15,16,156,82,196,192,138,20,23,176,3,157,183,37,150,126,177,32,99,34,35,132,28,8,154,13,46,188,55,44,45,131,47,68,123,50,86,52,91,69,88,53,59,11,57,97,7,175,62,120,2,89,67,48,63,29,164,4,73,41,114,112,77,153,26,165,60,24,0,84,85,66,87,124,51,90,191,197,168,14,187,101,81,36,33,100,111,122,98,139,105,180,107,158,30,64,96,76,134,74,173,116,10,42,27,169,142,39,95,1,125,145,127,128,129,18,181,148,133,103,92,136,137,43,194,146,9,31,147,144,121,162,171,141,193,78,151,152,130,113,155,17,21,108,159,109,135,140,106,65,94,166,167,93,178,170,75,172,79,117,102,110,115,40,179,58,161,182,22,195,83,186,54,119,72,71,56,5,149,19,184,70,104,143,160,];False
7212;8002;15214;[198,174,190,25,189,118,6,61,38,199,163,49,12,185,80,15,16,156,82,196,192,138,20,23,176,3,26,183,37,150,126,115,32,99,34,35,132,28,8,154,13,46,188,55,44,45,131,47,68,123,50,86,52,91,69,88,53,59,11,57,97,7,175,62,120,2,89,67,48,63,29,65,4,73,41,114,112,77,153,157,165,60,24,0,84,85,66,87,124,51,90,191,197,168,14,187,101,81,36,33,100,111,122,98,139,105,180,107,158,30,64,96,76,134,74,173,116,10,42,22,92,142,39,95,1,125,145,127,128,129,18,181,148,133,103,169,136,137,43,194,146,9,31,147,144,121,162,171,141,193,78,151,152,130,113,155,17,21,108,159,109,135,140,106,164,94,166,167,93,178,170,75,172,79,117,102,110,177,40,179,58,161,182,27,195,83,186,54,119,72,71,56,5,149,19,184,70,104,143,160,];False
7171;8037;15208;[198,174,190,25,189,118,6,61,38,199,135,49,12,185,80,15,16,156,82,196,192,138,20,23,176,3,26,183,37,150,126,115,32,99,34,35,132,28,8,154,13,46,188,55,44,45,131,47,68,123,50,86,52,91,69,88,53,59,11,57,97,7,175,62,120,2,89,67,48,63,29,65,4,73,41,114,112,77,153,157,165,60,24,0,84,85,66,87,124,51,90,191,197,168,14,187,101,81,36,33,100,111,122,98,139,105,180,107,158,30,64,96,76,134,74,173,116,10,42,22,169,142,39,95,1,125,145,127,128,129,18,181,148,133,103,92,136,137,43,194,146,9,31,147,144,121,162,171,141,193,78,151,152,130,113,155,17,21,108,159,109,163,140,106,164,94,166,167,93,178,170,75,172,79,117,102,110,177,40,179,58,161,182,27,195,83,186,54,119,72,71,56,5,149,19,184,70,104,143,160,];False
7214;7994;15208;[198,174,190,25,189,118,6,61,38,199,163,49,12,185,80,15,16,156,82,196,192,138,20,23,176,3,26,183,37,150,126,115,32,99,34,35,132,28,8,154,13,46,188,55,44,45,131,47,68,123,50,86,52,91,69,88,53,59,11,57,97,7,175,62,120,2,89,67,48,63,29,65,4,73,41,114,112,77,153,157,165,60,24,0,84,85,66,87,124,51,90,191,197,168,108,187,101,81,36,33,100,111,122,98,139,105,180,107,158,30,64,96,76,134,74,173,116,10,42,22,169,142,39,95,1,125,145,127,128,129,18,181,148,133,103,92,136,137,43,194,146,9,31,147,144,121,162,171,141,193,78,151,152,130,113,155,17,21,14,159,109,135,140,106,164,94,166,167,93,178,170,75,172,79,117,102,110,177,40,179,58,161,182,27,195,83,186,54,119,72,71,56,5,149,19,184,70,104,143,160,];False
7203;8004;15207;[46,174,190,25,189,118,6,61,38,199,163,49,12,185,80,15,16,156,82,196,192,138,20,23,176,3,26,183,37,150,126,115,32,99,34,35,132,28,8,154,13,198,188,55,44,45,131,47,68,123,50,86,52,91,69,88,53,59,11,57,97,7,175,62,120,2,89,67,48,63,29,65,4,73,41,114,112,77,153,157,165,60,24,0,84,85,66,87,124,51,90,191,197,168,14,187,101,81,36,33,100,111,122,98,139,105,180,107,158,30,64,96,76,134,74,173,116,10,42,22,169,142,39,95,1,125,145,127,128,129,18,181,148,133,103,92,136,137,43,194,146,9,31,147,144,121,162,171,141,193,78,151,152,130,113,155,17,21,108,159,109,135,140,106,164,94,166,167,93,178,170,75,172,79,117,102,110,177,40,179,58,161,182,27,195,83,186,54,119,72,71,56,5,149,19,184,70,104,143,160,];False
7229;7977;15206;[198,174,190,25,189,118,6,61,38,199,163,49,12,185,167,2,16,156,82,196,192,138,20,23,176,3,157,183,37,150,126,115,32,99,34,35,132,28,8,154,13,46,188,55,44,45,131,47,68,123,50,86,52,91,69,88,53,59,11,57,97,7,175,62,120,15,89,67,48,63,29,164,4,73,41,114,112,77,153,26,165,60,24,0,84,85,66,87,124,51,90,191,197,168,14,187,101,81,36,33,100,111,122,98,139,105,180,107,158,30,64,96,76,134,74,173,116,10,42,27,169,142,39,95,1,125,145,127,128,129,18,181,148,133,103,92,136,137,43,194,146,9,31,147,144,121,162,171,141,193,78,151,152,130,113,155,17,21,108,159,109,135,140,106,65,94,166,80,93,178,170,75,172,79,117,102,110,177,40,179,58,161,182,22,195,83,186,54,119,72,71,56,5,149,19,184,70,104,143,160,];False
7158;8044;15202;[46,174,190,25,189,118,6,61,38,199,163,49,12,185,80,15,16,156,82,196,192,138,20,23,176,3,26,183,37,150,126,115,32,99,34,35,132,28,8,154,13,198,188,55,44,45,131,47,68,123,50,86,52,91,69,88,53,59,11,57,97,7,175,62,120,2,89,67,48,63,29,65,4,73,41,114,112,77,153,157,165,60,24,0,84,85,66,87,124,51,90,191,197,168,14,187,101,81,36,33,100,111,122,98,139,105,180,107,158,30,64,96,76,134,74,173,116,10,42,22,169,142,39,95,1,125,145,127,195,129,18,181,148,133,103,92,136,137,43,194,146,9,31,147,144,121,162,171,141,193,78,151,152,130,113,155,17,21,108,159,109,135,140,106,164,94,166,167,93,178,170,75,172,79,117,102,110,177,40,179,58,161,182,27,128,83,186,54,119,72,71,56,5,149,19,184,70,104,143,160,];False
7239;7963;15202;[198,174,190,25,189,118,6,61,38,199,163,49,12,185,80,15,16,156,82,196,192,138,20,23,176,3,26,183,37,150,126,115,32,99,34,35,132,28,8,154,13,46,188,55,44,45,131,47,68,123,50,86,52,91,69,88,53,59,11,57,97,7,175,62,120,2,89,67,48,63,29,65,4,73,41,114,112,77,153,157,165,60,24,0,84,85,66,87,124,51,90,191,197,168,14,187,101,81,36,33,100,111,122,98,139,105,180,107,158,30,64,96,76,134,74,173,116,10,42,27,169,142,39,95,1,125,145,127,128,129,18,181,148,133,103,92,136,137,43,194,146,9,31,147,144,121,162,171,141,193,78,151,152,130,113,155,17,21,108,159,109,135,140,106,164,94,166,167,93,178,170,75,172,79,117,102,110,177,40,179,58,161,182,22,195,83,186,54,119,72,71,56,5,149,19,184,70,104,143,160,];False
7206;7995;15201;[198,174,190,25,189,87,6,61,38,163,199,49,12,185,167,15,16,156,82,196,192,150,20,23,176,3,157,183,58,138,126,115,32,99,34,35,97,28,8,154,13,46,188,55,44,45,131,47,68,123,50,86,52,91,69,88,53,59,11,57,132,7,175,62,120,2,89,67,48,63,29,164,4,73,41,114,112,77,153,26,165,60,24,0,84,85,66,118,124,51,90,191,197,168,14,187,101,81,36,33,100,111,122,98,139,105,180,107,158,30,64,96,76,134,74,173,116,10,42,27,169,142,39,95,1,125,145,127,128,129,18,181,148,133,103,92,136,137,43,194,146,9,31,147,144,121,162,171,141,193,78,151,152,130,113,155,17,21,108,159,109,135,140,106,65,94,166,80,93,178,170,75,172,79,117,102,110,177,40,179,37,161,182,22,195,83,186,54,119,72,71,56,5,149,19,184,70,104,143,160,];False
7115;8081;15196;[46,174,190,25,189,118,6,61,38,199,163,49,12,185,80,15,16,156,82,196,192,138,20,23,176,3,26,183,37,54,126,115,32,99,34,35,132,28,8,154,13,198,188,55,44,45,131,47,68,123,50,86,52,91,69,88,53,59,11,57,97,7,175,62,120,2,89,67,48,63,29,65,4,73,41,114,112,77,153,157,165,60,24,0,84,85,66,87,124,51,90,191,197,168,14,187,101,81,36,33,100,111,122,98,139,105,180,107,158,30,64,96,76,134,74,173,116,10,42,22,169,142,39,95,1,125,145,127,128,129,18,181,148,133,103,92,136,137,43,194,146,9,31,147,144,121,162,171,141,193,78,151,152,130,113,155,17,21,108,159,109,135,140,106,164,94,166,167,93,178,170,75,172,79,117,102,110,177,40,179,58,161,182,27,195,83,186,150,119,72,71,56,5,149,19,184,70,104,143,160,];False
7177;8017;15194;[46,174,190,25,189,118,6,61,38,199,163,49,12,185,80,15,16,156,82,196,192,138,20,23,176,3,26,183,37,150,126,115,32,99,34,35,132,28,8,154,13,198,188,55,44,45,131,47,68,123,50,86,52,91,69,88,53,59,11,57,97,7,175,62,120,2,89,67,48,63,29,65,4,73,41,114,112,77,153,157,165,60,24,0,84,85,66,87,124,51,90,191,197,168,14,187,101,81,36,33,100,111,122,98,139,105,180,107,158,30,64,96,76,134,74,173,116,148,42,22,169,142,39,95,1,125,145,127,128,129,18,181,10,133,103,92,136,137,43,194,146,9,31,147,144,121,162,171,141,193,78,151,152,130,113,155,17,21,108,159,109,135,140,106,164,94,166,167,93,178,170,75,172,79,117,102,110,177,40,179,58,161,182,27,195,83,186,54,119,72,71,56,5,149,19,184,70,104,143,160,];False
7206;7987;15193;[198,174,190,25,189,118,6,61,38,199,163,49,12,185,80,15,16,156,82,196,192,138,20,23,176,3,26,183,37,150,126,115,32,99,34,35,132,28,8,154,13,46,188,55,44,45,131,47,68,123,50,86,52,91,69,88,53,59,11,57,97,7,175,62,191,2,89,67,48,63,29,65,4,73,41,114,112,77,153,157,165,60,24,0,84,85,66,87,124,51,90,120,197,168,14,187,101,81,36,33,100,111,122,98,139,105,180,107,158,30,64,96,76,134,74,173,116,10,42,22,169,142,39,95,1,125,145,127,128,129,18,181,148,133,103,92,136,137,43,194,146,9,31,147,144,121,162,171,141,193,78,151,152,130,113,155,17,21,108,159,109,135,140,106,164,94,166,167,93,178,170,75,172,79,117,102,110,177,40,179,58,161,182,27,195,83,186,54,119,72,71,56,5,149,19,184,70,104,143,160,];False
7194;7998;15192;[198,174,190,25,189,118,6,61,38,199,167,49,12,185,80,15,16,156,82,196,192,138,20,23,176,3,26,183,37,150,126,115,32,99,34,35,132,28,8,154,13,46,188,55,44,45,131,47,68,123,50,86,52,91,69,88,53,59,11,57,97,7,175,62,120,2,89,67,48,63,29,65,4,73,41,114,112,77,153,157,165,60,24,0,84,85,66,87,124,51,90,191,197,168,14,187,101,81,36,33,100,111,122,98,139,105,180,107,158,30,64,96,76,134,74,173,116,10,42,22,169,142,39,95,1,125,145,127,128,129,18,181,148,133,103,92,136,137,43,194,146,9,31,147,144,121,162,171,141,193,78,151,152,130,113,155,17,21,108,159,109,135,140,106,164,94,166,163,93,178,170,75,172,79,117,102,110,177,40,179,58,161,182,27,195,83,186,54,119,72,71,56,5,149,19,184,70,104,143,160,];False
7147;8043;15190;[198,174,190,25,189,118,6,61,38,199,163,49,12,185,167,15,16,156,82,196,192,138,20,23,176,3,157,183,37,150,126,115,32,99,34,35,132,28,8,154,13,46,188,55,44,45,131,47,68,123,50,86,52,91,69,88,53,59,11,57,97,7,175,62,120,2,89,67,48,63,29,164,4,73,41,114,112,77,153,26,165,60,24,0,84,85,66,87,124,51,76,191,197,168,14,187,101,81,36,33,100,111,122,98,139,105,180,107,158,30,64,96,90,134,74,173,116,10,42,27,169,142,39,95,1,125,145,127,128,129,18,181,148,133,103,92,136,137,43,194,146,9,31,147,144,121,162,171,141,193,78,151,152,130,113,155,17,21,108,159,109,135,140,106,65,94,166,80,93,178,170,75,172,79,117,102,110,177,40,179,58,161,182,22,195,83,186,54,119,72,71,56,5,149,19,184,70,104,143,160,];False
7190;7999;15189;[198,174,190,25,189,118,6,61,38,199,163,49,12,185,167,15,16,156,82,196,192,138,20,23,176,3,157,183,37,150,126,115,32,99,34,35,132,28,8,154,13,46,188,55,44,45,131,47,68,123,50,86,52,91,69,88,53,59,11,57,97,7,175,62,120,2,89,67,48,63,29,164,4,73,41,114,112,77,153,26,165,60,24,0,84,85,66,87,124,51,90,191,197,168,14,187,101,81,36,33,100,111,122,98,42,105,180,107,158,30,64,96,76,134,74,173,116,10,139,27,169,142,39,95,1,125,145,127,128,129,18,181,148,133,103,92,136,137,43,194,146,9,31,147,144,121,162,171,141,193,78,151,152,130,113,155,17,21,108,159,109,135,140,106,65,94,166,80,93,178,170,75,172,79,117,102,110,177,40,179,58,161,182,22,195,83,186,54,119,72,71,56,5,149,19,184,70,104,143,160,];False
7127;8057;15184;[198,174,190,25,189,118,6,61,38,199,163,49,12,185,80,15,16,156,82,196,192,138,20,23,176,3,157,183,37,150,126,115,32,99,34,35,132,28,8,154,13,46,188,55,44,45,131,47,68,123,50,86,52,91,69,88,53,59,11,57,97,7,175,62,120,2,89,67,48,63,29,65,4,73,41,114,112,77,153,26,165,60,24,0,84,85,66,87,124,51,90,191,197,168,14,187,101,81,36,33,100,111,122,98,139,105,180,107,158,30,64,144,76,134,74,173,116,10,42,27,169,142,39,95,1,125,145,127,128,129,18,181,148,133,103,92,136,137,43,194,146,9,31,147,96,121,162,171,141,193,78,151,152,130,113,155,17,21,108,159,109,135,140,106,164,94,166,167,93,178,170,75,172,79,117,102,110,177,40,179,58,161,182,22,195,83,186,54,119,72,71,56,5,149,19,184,70,104,143,160,];False
7124;8057;15181;[46,174,190,25,189,118,6,61,38,199,163,49,12,185,80,15,16,156,82,196,192,138,20,23,176,3,26,183,37,150,126,115,32,99,34,35,132,28,8,154,13,198,188,55,44,45,131,47,68,123,50,86,52,91,69,88,53,59,11,57,97,7,175,62,120,2,89,67,48,63,29,65,4,73,41,114,112,77,153,157,165,60,24,0,84,85,66,87,124,51,90,191,197,168,14,187,101,81,36,33,100,111,122,98,139,105,180,107,158,30,64,96,76,134,74,173,116,10,42,22,169,142,39,95,1,125,145,127,128,129,18,181,148,133,103,92,136,137,43,194,146,9,31,147,144,121,162,171,141,193,78,151,152,130,113,155,27,21,108,159,109,135,140,106,164,94,166,167,93,178,170,75,172,79,117,102,110,177,40,179,58,161,182,17,195,83,186,54,119,72,71,56,5,149,19,184,70,104,143,160,];False
7145;8031;15176;[46,174,190,147,189,118,6,61,38,199,163,49,12,185,80,15,16,156,82,196,192,138,20,23,176,3,26,183,37,150,126,115,32,99,34,35,132,28,8,154,13,198,188,55,44,45,131,47,68,123,50,86,52,91,69,88,53,59,11,57,97,7,175,62,120,2,89,67,48,63,29,65,4,73,41,114,112,77,153,157,165,60,24,0,84,85,66,87,124,51,90,191,197,168,14,187,101,81,36,33,100,111,122,98,139,105,180,107,158,30,64,96,76,134,74,173,116,10,42,22,169,142,39,95,1,125,145,127,128,129,18,181,148,133,103,92,136,137,43,194,146,9,31,25,144,121,162,171,141,193,78,151,152,130,113,155,17,21,108,159,109,135,140,106,164,94,166,167,93,178,170,75,172,79,117,102,110,177,40,179,58,161,182,27,195,83,186,54,119,72,71,56,5,149,19,184,70,104,143,160,];False
7167;7995;15162;[198,174,190,25,189,118,6,61,38,199,163,49,12,185,80,15,166,156,82,196,192,138,20,23,176,3,26,183,37,150,126,115,32,99,34,35,132,28,8,154,13,46,188,55,44,45,131,47,68,123,50,86,52,91,69,88,53,59,11,57,97,7,175,62,120,2,89,67,48,63,29,65,4,73,41,114,112,77,153,157,165,60,24,0,84,85,66,87,124,51,90,191,197,168,14,187,101,81,36,33,100,111,122,98,139,105,180,107,158,30,64,96,76,134,74,173,116,10,42,22,169,142,39,95,1,125,145,127,128,129,18,181,148,133,103,92,136,137,43,194,146,9,31,147,144,121,162,171,141,193,78,151,152,130,113,155,17,21,108,159,109,135,140,106,164,94,16,167,93,178,170,75,172,79,117,102,110,177,40,179,58,161,182,27,195,83,186,54,119,72,71,56,5,149,19,184,70,104,143,160,];False
7165;7990;15155;[198,174,33,25,189,118,6,61,38,199,163,49,12,185,80,15,16,156,82,196,192,138,20,23,176,3,26,183,37,150,126,115,32,99,34,35,132,28,8,154,13,46,188,55,44,45,131,47,68,123,50,86,52,91,69,88,53,59,11,57,97,7,175,62,120,2,89,67,48,63,29,65,4,73,41,114,112,77,153,157,165,60,24,0,84,85,66,87,124,51,90,191,197,168,14,187,101,81,36,190,100,111,122,98,139,105,180,107,158,30,64,96,76,134,74,173,116,10,42,22,169,142,39,95,1,125,145,127,128,129,18,181,148,133,103,92,136,137,43,194,146,9,31,147,144,121,162,171,141,193,78,151,152,130,113,155,17,21,108,159,109,135,140,106,164,94,166,167,93,178,170,75,172,79,117,102,110,177,40,179,58,161,182,27,195,83,186,54,119,72,71,56,5,149,19,184,70,104,143,160,];False
7112;8039;15151;[198,174,190,25,189,118,6,61,38,199,163,49,12,185,167,15,16,156,82,196,192,150,20,23,176,3,157,183,37,138,126,115,32,99,34,35,132,28,8,154,13,46,188,55,44,45,131,47,68,123,50,86,52,91,69,88,53,59,11,57,97,7,175,62,120,2,89,67,48,63,29,164,4,73,41,114,112,77,153,26,165,60,24,0,84,85,66,87,124,51,90,191,197,168,14,187,101,81,36,33,100,111,122,98,139,105,180,107,158,30,64,96,76,134,74,173,116,10,42,27,169,142,39,95,1,125,145,127,128,129,18,181,148,133,103,92,136,121,43,194,146,9,31,147,144,137,162,171,141,193,78,151,152,130,113,155,17,21,108,159,109,135,140,106,65,94,166,80,93,178,170,75,172,79,117,102,110,177,40,179,58,161,182,22,195,83,186,54,119,72,71,56,5,149,19,184,70,104,143,160,];False
7154;7994;15148;[198,174,190,25,189,118,6,61,38,199,163,49,12,185,167,15,16,156,82,196,192,138,20,23,176,3,171,183,37,150,126,115,32,99,34,35,132,28,8,154,13,46,188,55,44,45,131,47,68,123,50,86,52,91,69,88,53,59,11,57,97,7,175,62,120,2,89,67,48,63,29,164,4,73,41,114,112,77,153,26,165,60,24,0,84,85,66,87,124,51,90,191,197,168,14,187,101,81,36,33,100,111,122,98,139,105,180,107,158,30,64,96,76,134,74,173,116,10,42,27,169,142,39,95,1,125,145,127,128,129,18,181,148,133,103,92,136,137,43,194,146,9,31,147,144,121,162,157,141,193,78,151,152,130,113,155,17,21,108,159,109,135,140,106,65,94,166,80,93,178,170,75,172,79,117,102,110,177,40,179,58,161,182,22,195,83,186,54,119,72,71,56,5,149,19,184,70,104,143,160,];False
7190;7956;15146;[198,174,190,25,189,87,6,61,38,163,199,49,12,185,167,15,16,156,82,196,192,150,20,23,176,3,157,183,37,138,126,115,32,99,34,35,97,28,8,154,13,46,188,55,44,45,131,47,68,123,50,86,52,91,69,88,53,59,11,57,132,7,175,62,120,2,89,67,48,63,29,164,4,73,41,114,112,26,153,77,165,60,24,0,84,85,66,118,124,51,90,191,197,168,14,187,101,81,36,33,100,111,122,98,139,105,180,107,158,30,64,96,76,134,74,173,116,10,42,27,169,142,39,95,1,125,145,127,128,129,18,181,148,133,103,92,136,137,43,194,146,9,31,147,144,121,162,171,141,193,78,151,152,130,113,155,17,21,108,159,109,135,140,106,65,94,166,80,93,178,170,75,172,79,117,102,110,177,40,179,58,161,182,22,195,83,186,54,119,72,71,56,5,149,19,184,70,104,143,160,];False
7171;7974;15145;[198,174,190,25,189,118,6,61,38,199,163,49,12,185,80,15,16,156,82,196,192,138,20,23,176,3,26,183,37,150,126,115,32,99,34,35,132,28,8,154,13,46,188,55,44,45,131,47,68,123,50,86,52,91,69,88,53,59,11,57,97,7,175,62,120,2,89,67,48,63,29,65,4,73,41,114,112,77,153,157,165,60,24,0,84,85,66,87,124,51,90,191,197,168,14,187,101,81,36,33,100,111,122,98,139,105,180,107,158,30,64,96,76,134,74,173,116,10,42,22,169,142,39,95,1,125,145,127,128,129,18,181,148,133,103,92,136,137,43,194,146,9,31,147,144,121,162,171,141,193,78,151,152,130,113,155,17,21,108,159,109,135,140,106,164,94,166,167,93,178,170,75,172,79,117,102,110,177,40,179,58,161,182,27,195,83,186,54,119,72,71,56,5,149,19,184,70,104,143,160,];False
7186;7959;15145;[198,174,190,25,189,118,6,61,38,199,163,49,12,185,80,15,16,156,82,196,192,138,20,23,176,3,157,183,37,150,126,115,32,99,34,35,132,28,8,154,13,46,188,55,44,45,131,47,68,123,50,86,52,91,69,88,53,59,11,57,97,7,175,62,120,2,89,67,48,63,29,65,4,73,41,114,112,77,153,26,165,60,24,0,84,85,66,87,124,51,90,191,197,168,14,187,101,81,36,33,100,111,122,98,139,105,180,107,158,30,64,96,76,134,74,173,1,10,42,27,169,142,39,95,116,125,145,127,128,129,18,181,148,133,103,92,136,137,43,194,146,9,31,147,144,121,162,171,141,193,78,151,152,130,113,155,17,21,108,159,109,135,140,106,164,94,166,167,93,178,170,75,172,79,117,102,110,177,40,179,58,161,182,22,195,83,186,54,119,72,71,56,5,149,19,184,70,104,143,160,];False
7176;7969;15145;[198,174,190,25,189,118,6,61,38,199,163,49,12,185,167,15,16,156,82,196,192,138,20,23,176,3,157,183,37,150,126,115,32,99,34,35,132,28,8,154,13,46,188,55,44,45,131,47,68,123,50,86,52,91,69,88,53,59,11,57,97,7,175,62,120,2,89,67,48,63,29,164,4,73,41,114,112,77,153,26,165,60,24,0,84,85,66,87,70,51,90,191,197,168,14,187,101,81,36,33,100,111,122,98,139,105,180,107,158,30,64,96,76,134,74,173,116,10,42,27,169,142,39,95,1,125,145,127,128,129,18,181,148,133,103,92,136,137,43,194,146,9,31,147,144,121,162,171,141,193,78,151,152,130,113,155,17,21,108,159,109,135,140,106,65,94,166,80,93,178,170,75,172,79,117,102,110,177,40,179,58,161,182,22,195,83,186,54,119,72,71,56,5,149,19,184,124,104,143,160,];False
7162;7982;15144;[198,174,190,25,189,118,6,61,38,199,76,49,12,185,167,15,16,156,82,196,192,138,20,23,176,3,157,183,37,150,126,115,32,99,34,35,132,28,8,154,13,46,188,55,44,45,131,47,68,123,50,86,52,91,69,88,53,59,11,57,97,7,175,62,120,2,89,67,48,63,29,164,4,73,41,114,112,77,153,26,165,60,24,0,84,85,66,87,124,51,90,191,197,168,14,187,101,81,36,33,100,111,122,98,139,105,180,107,158,30,64,96,163,134,74,173,116,10,42,27,169,142,39,95,1,125,145,127,128,129,18,181,148,133,103,92,136,137,43,194,146,9,31,147,144,121,162,171,141,193,78,151,152,130,113,155,17,21,108,159,109,135,140,106,65,94,166,80,93,178,170,75,172,79,117,102,110,177,40,179,58,161,182,22,195,83,186,54,119,72,71,56,5,149,19,184,70,104,143,160,];False
7158;7983;15141;[198,174,190,25,189,118,6,61,38,199,163,49,12,185,80,15,16,156,82,196,192,138,20,23,176,3,157,183,37,150,126,115,32,99,34,35,132,28,8,154,13,46,188,55,44,45,131,47,68,123,50,86,52,91,69,88,53,59,11,57,97,7,175,114,120,2,89,67,48,63,29,65,4,73,41,62,112,77,153,26,165,60,24,0,84,85,66,87,124,51,90,191,197,168,14,187,101,81,36,33,100,111,122,98,139,105,180,107,158,30,64,96,76,134,74,173,116,10,42,27,169,142,39,95,1,125,145,127,128,129,18,181,148,133,103,92,136,137,43,194,146,9,31,147,144,121,162,171,141,193,78,151,152,130,113,155,17,21,108,159,109,135,140,106,164,94,166,167,93,178,170,75,172,79,117,102,110,177,40,179,58,161,182,22,195,83,186,54,119,72,71,56,5,149,19,184,70,104,143,160,];False
7171;7970;15141;[198,174,190,25,189,87,6,61,38,199,163,49,12,185,167,15,16,156,82,196,192,150,20,23,176,3,157,183,37,138,126,115,32,99,34,35,132,28,8,154,13,46,188,55,44,45,131,47,68,123,50,86,52,130,69,88,53,59,11,57,97,7,175,62,120,2,89,67,48,63,29,164,4,73,41,114,112,77,153,26,165,60,24,0,84,85,66,118,124,51,90,191,197,168,14,187,101,81,36,33,100,111,122,98,139,105,180,107,158,30,64,96,76,134,74,173,116,10,42,27,169,142,39,95,1,125,145,127,128,129,18,181,148,133,103,92,136,137,43,194,146,9,31,147,144,121,162,171,141,193,78,151,152,91,113,155,17,21,108,159,109,135,140,106,65,94,166,80,93,178,170,75,172,79,117,102,110,177,40,179,58,161,182,22,195,83,186,54,119,72,71,56,5,149,19,184,70,104,143,160,];False
7170;7970;15140;[198,174,190,25,189,118,6,61,38,199,163,49,12,185,80,15,16,156,82,196,192,138,20,23,176,3,157,183,37,150,126,115,32,99,34,35,132,28,8,154,13,46,188,55,44,45,131,47,68,123,124,86,52,91,69,88,53,59,11,57,97,7,175,62,120,2,89,67,48,63,29,65,4,73,41,114,112,77,153,26,165,60,24,0,84,85,66,87,50,51,90,191,197,168,14,187,101,81,36,33,100,111,122,98,139,105,180,107,158,30,64,96,76,134,74,173,116,10,42,27,169,142,39,95,1,125,145,127,128,129,18,181,148,133,103,92,136,137,43,194,146,9,31,147,144,121,162,171,141,193,78,151,152,130,113,155,17,21,108,159,109,135,140,106,164,94,166,167,93,178,170,75,172,79,117,102,110,177,40,179,58,161,182,22,195,83,186,54,119,72,71,56,5,149,19,184,70,104,143,160,];False
7123;8004;15127;[198,174,190,25,189,118,6,61,38,199,163,49,12,185,167,15,16,156,82,196,192,138,20,23,176,3,157,183,37,150,126,115,32,99,34,35,132,28,8,154,62,46,188,55,44,45,131,47,68,123,50,86,52,91,69,88,53,59,11,57,97,7,175,13,120,2,89,67,48,63,29,164,4,73,41,114,112,77,153,26,165,60,24,0,84,85,66,87,124,51,90,191,197,168,14,187,101,81,36,33,100,111,122,98,139,105,180,107,158,30,64,96,76,134,74,173,116,10,42,27,169,142,39,95,1,125,145,127,128,129,18,181,148,133,103,92,136,137,43,194,146,9,31,147,144,121,162,171,141,193,78,151,152,130,113,155,17,21,108,159,109,135,140,106,65,94,166,80,93,178,170,75,172,79,117,102,110,177,40,179,58,161,182,22,195,83,186,54,119,72,71,56,5,149,19,184,70,104,143,160,];False
7202;7924;15126;[198,174,190,25,189,87,6,61,38,163,199,49,12,185,167,15,16,156,82,196,192,150,20,23,176,3,157,183,37,146,126,115,32,99,34,35,152,28,8,154,13,46,188,55,44,45,131,47,68,123,50,86,52,91,69,88,53,59,11,57,132,7,175,62,120,2,89,67,48,63,29,164,4,73,41,114,112,165,153,26,77,60,24,0,84,85,66,118,124,51,90,191,197,168,14,187,101,81,36,33,100,111,122,98,139,105,180,107,158,30,64,96,76,134,74,173,116,10,42,27,169,142,39,95,1,125,145,127,128,129,18,181,148,133,103,92,136,137,43,194,138,9,31,147,144,121,162,171,141,193,78,151,97,130,113,155,17,21,108,159,109,135,140,106,65,94,166,80,93,178,170,75,172,79,117,102,110,177,40,179,58,161,182,22,195,83,186,54,119,72,71,56,5,149,19,184,70,104,143,160,];False
7130;7994;15124;[198,174,190,25,189,118,6,61,38,199,163,49,12,185,80,15,16,156,82,196,192,138,20,23,176,3,26,183,37,150,126,115,32,99,34,35,132,28,8,154,13,46,188,55,44,45,131,47,68,123,50,86,52,119,69,88,53,59,11,57,97,7,175,62,120,2,89,67,48,63,29,65,4,73,41,114,112,77,153,157,165,60,24,0,84,85,66,87,124,51,90,191,197,168,14,187,101,81,36,33,100,111,122,98,139,105,180,107,158,30,64,96,76,134,74,173,116,10,42,22,169,142,39,95,1,125,145,127,128,129,18,181,148,133,103,92,136,137,43,194,146,9,31,147,144,121,162,171,141,193,78,151,152,130,113,155,17,21,108,159,109,135,140,106,164,94,166,167,93,178,170,75,172,79,117,102,110,177,40,179,58,161,182,27,195,83,186,54,91,72,71,56,5,149,19,184,70,104,143,160,];False
7128;7990;15118;[198,174,190,25,189,118,6,61,38,199,163,49,12,185,80,15,16,156,82,196,192,138,20,23,176,3,157,183,37,150,126,115,32,99,34,35,132,28,8,154,13,46,188,55,44,45,131,47,68,123,50,86,52,91,69,88,53,59,11,57,97,7,175,62,120,2,89,67,48,63,29,65,4,73,41,114,112,77,153,26,165,60,24,0,84,85,66,87,124,51,90,191,197,168,14,187,101,81,36,33,100,111,122,98,139,105,180,107,158,30,64,96,76,134,74,144,116,10,42,27,169,142,39,95,1,125,145,127,128,129,18,181,148,133,103,92,136,137,43,194,146,9,31,147,173,121,162,171,141,193,78,151,152,130,113,155,17,21,108,159,109,135,140,106,164,94,166,167,93,178,170,75,172,79,117,102,110,177,40,179,58,161,182,22,195,83,186,54,119,72,71,56,5,149,19,184,70,104,143,160,];False
7154;7963;15117;[198,174,190,25,189,118,6,61,38,199,163,49,12,185,80,15,16,156,82,196,192,138,20,23,176,3,157,183,37,150,126,115,32,99,34,35,132,28,8,154,13,46,188,55,44,45,131,47,68,123,50,86,52,125,69,88,53,59,11,57,97,7,175,62,120,2,89,67,48,63,29,65,4,73,41,114,112,77,153,26,165,60,24,0,84,85,66,87,124,51,90,191,197,168,14,187,101,81,36,33,100,111,122,98,139,105,180,107,158,30,64,96,76,134,74,173,116,10,42,27,169,142,39,95,1,91,145,127,128,129,18,181,148,133,103,92,136,137,43,194,146,9,31,147,144,121,162,171,141,193,78,151,152,130,113,155,17,21,108,159,109,135,140,106,164,94,166,167,93,178,170,75,172,79,117,102,110,177,40,179,58,161,182,22,195,83,186,54,119,72,71,56,5,149,19,184,70,104,143,160,];False
7125;7990;15115;[198,174,190,25,189,118,6,61,38,199,163,49,12,185,80,15,16,156,82,196,192,138,20,23,43,3,157,183,37,150,126,115,32,99,34,35,132,28,8,154,13,46,188,55,44,45,131,47,68,123,50,86,52,91,69,88,53,59,11,57,97,7,175,62,120,2,89,67,48,63,29,164,4,73,41,114,112,77,153,26,165,60,24,0,84,85,66,87,124,51,90,191,197,168,14,187,101,81,36,33,100,111,122,98,139,105,180,107,158,30,64,96,76,134,74,173,116,10,42,27,169,142,39,95,1,125,145,127,128,129,18,181,148,133,103,92,136,137,176,194,146,9,31,147,144,121,162,171,141,193,78,151,152,130,113,155,17,21,108,159,109,135,140,106,65,94,166,167,93,178,170,75,172,79,117,102,110,177,40,179,58,161,182,22,195,83,186,54,119,72,71,56,5,149,19,184,70,104,143,160,];False
7157;7957;15114;[198,174,190,25,189,87,6,61,38,163,199,49,12,185,167,15,16,156,82,196,192,150,20,23,176,3,157,183,37,138,126,115,32,99,34,35,97,28,8,154,13,46,188,55,44,45,131,47,68,123,50,86,67,91,69,88,53,59,11,57,132,7,175,62,120,2,89,52,48,63,29,164,4,73,41,114,112,165,153,26,77,60,24,0,84,85,66,118,124,51,90,191,197,168,14,187,101,81,36,33,100,111,122,98,139,105,180,107,158,30,64,96,76,134,74,173,116,10,42,27,169,142,39,95,1,125,145,127,128,129,18,181,148,133,103,92,136,137,43,194,146,9,31,147,144,121,162,171,141,193,78,151,152,130,113,155,17,21,108,159,109,135,140,106,65,94,166,80,93,178,170,75,172,79,117,102,110,177,40,179,58,161,182,22,195,83,186,54,119,72,71,56,5,149,19,184,70,104,143,160,];False
7095;8019;15114;[198,174,190,25,189,87,6,61,38,163,199,49,12,185,167,15,16,156,82,196,192,150,20,23,176,3,157,183,37,138,126,115,32,99,34,35,97,28,8,154,13,46,188,151,44,45,131,47,68,123,50,86,52,91,69,88,53,59,11,57,132,7,175,62,120,2,89,67,48,63,29,164,4,73,41,114,112,165,153,26,77,60,24,0,84,85,66,118,124,51,90,191,197,168,14,187,101,81,36,33,100,111,122,98,139,105,180,107,158,30,64,96,76,134,74,173,116,10,42,27,169,142,39,95,1,125,145,127,128,129,18,181,148,133,103,92,136,137,43,194,146,9,31,147,144,121,162,171,141,193,78,55,152,130,113,155,17,21,108,159,109,135,140,106,65,94,166,80,93,178,170,75,172,79,117,102,110,177,40,179,58,161,182,22,195,83,186,54,119,72,71,56,5,149,19,184,70,104,143,160,];False
7119;7995;15114;[198,174,190,142,189,118,6,61,38,199,163,49,12,185,80,15,16,156,82,196,192,138,20,23,176,3,26,183,37,150,126,115,32,99,34,35,132,28,8,154,13,46,188,55,44,45,131,47,68,123,50,86,52,91,69,88,53,59,11,57,97,7,175,62,120,2,89,67,48,63,29,65,4,73,41,114,112,77,153,157,165,60,24,0,84,85,66,87,124,51,90,191,197,168,14,187,101,81,36,33,100,111,122,98,139,105,180,107,158,30,64,96,76,134,74,173,116,10,42,22,169,25,39,95,1,125,145,127,128,129,18,181,148,133,103,92,136,137,43,194,146,9,31,147,144,121,162,171,141,193,78,151,152,130,113,155,17,21,108,159,109,135,140,106,164,94,166,167,93,178,170,75,172,79,117,102,110,177,40,179,58,161,182,27,195,83,186,54,119,72,71,56,5,149,19,184,70,104,143,160,];False
7163;7951;15114;[198,174,190,25,189,118,6,61,38,199,163,49,12,185,80,15,16,156,82,196,192,138,20,23,176,3,157,183,37,150,126,115,32,99,34,35,132,28,8,154,13,46,188,55,44,45,131,47,68,123,50,86,52,91,69,88,53,59,11,57,97,7,175,62,120,2,89,67,48,63,29,164,4,73,41,114,112,77,153,26,165,60,24,0,84,85,66,87,124,51,90,191,197,168,14,187,101,81,36,33,100,111,122,98,139,105,180,107,158,30,64,96,76,134,74,173,116,10,42,27,169,142,39,95,1,125,145,127,128,129,18,181,148,133,103,92,136,137,43,194,146,9,31,147,144,121,162,171,141,193,78,151,152,130,113,155,17,21,108,159,109,135,140,106,65,94,166,167,93,178,170,75,172,79,117,102,110,177,40,179,58,161,182,22,195,83,186,54,119,72,71,56,5,149,19,184,70,104,143,160,];False
7126;7986;15112;[198,174,190,32,189,87,6,61,38,163,199,49,12,185,167,15,16,156,147,196,192,150,20,23,176,3,157,183,37,138,126,115,25,99,34,35,152,28,8,154,13,46,188,55,76,45,131,47,68,123,50,86,52,91,69,88,53,59,11,57,132,7,175,62,120,2,89,67,48,63,29,164,4,73,41,114,112,165,153,26,77,60,24,0,84,85,66,118,124,51,90,191,197,168,14,187,101,81,36,33,100,111,122,98,139,105,180,107,158,30,64,96,44,134,74,173,116,10,42,27,169,142,39,95,1,125,145,127,128,129,18,181,148,133,103,92,136,137,43,194,146,9,31,82,144,121,162,171,149,193,78,151,97,130,113,155,17,21,108,159,109,135,140,106,65,94,166,80,93,178,170,75,172,79,117,102,110,177,40,179,58,161,182,22,195,83,186,54,119,72,71,56,5,141,19,184,70,104,143,160,];False
7139;7972;15111;[198,174,190,25,189,87,6,61,38,163,199,49,12,185,167,15,16,156,82,196,192,63,20,23,176,3,157,183,37,138,126,115,32,99,34,35,97,28,8,154,13,46,188,55,44,45,131,47,68,123,50,86,52,91,69,88,53,59,11,57,132,7,175,62,120,2,89,67,48,150,29,164,4,73,41,114,112,165,153,26,77,60,24,0,84,85,66,118,124,51,90,191,197,168,14,187,101,81,36,33,100,111,122,98,139,105,180,107,158,30,64,96,76,134,74,173,116,10,42,27,169,142,39,95,1,125,145,127,128,129,18,181,148,133,103,92,136,137,43,194,146,9,31,147,144,121,162,171,141,193,78,151,152,130,113,155,17,21,108,159,109,135,140,106,65,94,166,80,93,178,170,75,172,79,117,102,110,177,40,179,58,161,182,22,195,83,186,54,119,72,71,56,5,149,19,184,70,104,143,160,];False
7142;7969;15111;[198,174,190,25,189,87,6,61,38,163,199,49,12,185,167,15,16,156,82,196,192,150,20,23,176,3,157,183,37,138,126,115,32,99,34,35,97,28,8,154,13,46,188,55,44,45,131,47,91,123,50,86,52,68,69,88,53,59,11,57,132,7,175,62,120,2,89,67,48,63,29,164,4,73,41,114,112,77,153,26,165,60,24,0,84,85,66,118,124,51,90,191,197,168,14,187,101,81,36,33,100,111,122,98,139,105,180,107,158,30,64,96,76,134,74,173,116,10,42,27,169,142,39,95,1,125,145,127,128,129,18,181,148,133,103,92,136,137,43,194,146,9,31,147,144,121,162,171,141,193,78,151,152,130,113,155,17,21,108,159,109,135,140,106,65,94,166,80,93,178,170,75,172,79,117,102,110,177,40,179,58,161,182,22,195,83,186,54,119,72,71,56,5,149,19,184,70,104,143,160,];False
7105;8002;15107;[198,174,190,25,189,118,6,61,38,199,163,49,12,185,167,15,16,156,82,196,192,150,20,23,176,3,157,183,37,138,126,115,32,99,34,35,132,28,8,154,13,46,188,55,44,45,131,47,68,123,50,86,52,91,69,88,53,59,11,57,97,7,175,62,76,2,89,67,48,63,29,164,4,73,41,114,112,77,153,26,165,60,24,0,84,85,66,87,124,51,90,191,197,168,14,187,101,81,36,33,100,111,122,98,139,105,180,107,158,30,64,96,120,134,74,173,116,10,42,27,169,142,39,95,1,125,145,127,128,129,18,181,148,133,103,92,136,137,43,194,146,9,31,147,144,121,162,171,141,193,78,151,152,130,113,155,17,21,108,159,109,135,140,106,65,94,166,80,93,178,170,75,172,79,117,102,110,177,40,179,58,161,182,22,195,83,186,54,119,72,71,56,5,149,19,184,70,104,143,160,];False
7098;8008;15106;[198,174,190,25,189,96,6,61,38,199,163,49,12,185,167,15,16,156,82,196,192,150,20,23,176,3,157,183,37,138,126,115,32,99,34,35,97,28,8,154,13,46,188,55,44,45,131,47,68,123,50,86,52,91,69,88,53,59,11,57,132,7,175,62,120,2,89,67,48,63,29,164,4,73,41,114,112,77,153,26,165,60,24,0,84,85,66,118,124,51,90,191,197,168,14,187,101,81,36,33,100,111,122,98,139,105,180,107,158,30,64,87,76,134,74,173,116,10,42,27,169,142,39,95,1,125,145,127,128,129,18,181,148,133,103,92,136,137,43,194,146,9,31,147,144,121,162,171,141,193,78,151,152,130,113,155,17,21,108,159,109,135,140,106,65,94,166,80,93,178,170,75,172,79,117,102,110,177,40,179,58,161,182,22,195,83,186,54,119,72,71,56,5,149,19,184,70,104,143,160,];False
7148;7958;15106;[198,174,190,25,189,87,6,61,38,173,199,49,12,185,167,15,16,156,82,196,192,150,20,23,176,3,157,183,37,138,126,115,32,99,34,35,97,28,8,154,13,46,188,55,44,45,131,47,68,123,50,86,52,91,69,88,53,59,11,57,132,7,175,62,120,2,89,67,48,63,29,164,4,73,41,114,112,77,153,26,165,60,24,0,84,85,66,118,124,51,90,191,197,168,14,187,101,81,36,33,100,111,122,98,139,105,180,107,158,30,64,96,76,134,74,163,116,10,42,27,169,142,39,95,1,125,145,127,128,129,18,181,148,133,103,92,136,137,43,194,146,9,31,147,144,121,162,171,141,193,78,151,152,130,113,155,17,21,108,159,109,135,140,106,65,94,166,80,93,178,170,75,172,79,117,102,110,177,40,179,58,161,182,22,195,83,186,54,119,72,71,56,5,149,19,184,70,104,143,160,];False
7051;8052;15103;[176,174,190,25,189,118,6,61,38,199,163,49,12,185,167,15,16,156,82,196,192,138,20,23,198,3,157,183,37,150,126,115,32,99,34,35,132,28,8,154,13,46,188,55,44,45,131,47,68,123,50,86,52,91,69,88,53,59,11,57,97,7,175,62,120,2,89,67,48,63,29,164,4,73,41,114,112,77,153,26,165,60,24,0,84,85,66,87,124,51,90,191,197,168,14,187,101,81,36,33,100,111,122,98,139,105,180,107,158,30,64,96,76,134,74,173,116,10,42,27,169,142,39,95,1,125,145,127,128,129,18,181,148,133,103,92,136,137,43,194,146,9,31,147,144,121,162,171,141,193,78,151,152,130,113,155,17,21,108,159,109,135,140,106,65,94,166,80,93,178,170,75,172,79,117,102,110,177,40,179,58,161,182,22,195,83,186,54,119,72,71,56,5,149,19,184,70,104,143,160,];False
7082;8017;15099;[198,174,190,25,189,87,6,61,38,199,163,49,12,185,167,15,16,156,82,196,192,150,20,23,176,3,157,183,37,138,126,115,32,99,34,35,97,28,8,154,13,46,188,55,44,45,131,47,68,123,50,86,52,91,69,88,53,59,11,57,132,7,175,62,120,2,89,67,48,63,29,164,4,73,41,114,112,77,153,26,165,60,24,0,84,85,66,118,124,98,90,191,197,168,14,187,101,81,36,33,100,111,122,51,139,105,180,107,158,30,64,96,76,134,74,173,116,10,42,27,169,142,39,95,1,125,145,127,128,129,18,181,148,133,103,92,136,137,43,194,146,9,31,147,144,121,162,171,141,193,78,151,152,130,113,155,17,21,108,159,109,135,140,106,65,94,166,80,93,178,170,75,172,79,117,102,110,177,40,179,58,161,182,22,195,83,186,54,119,72,71,56,5,149,19,184,70,104,143,160,];False
7132;7967;15099;[198,174,190,25,189,87,6,61,38,163,199,49,12,185,167,15,16,156,82,196,192,150,20,23,176,3,157,183,37,138,126,115,32,99,34,35,97,28,8,154,13,46,188,55,44,45,131,47,68,123,50,86,52,91,69,88,53,59,11,57,132,7,175,62,120,2,89,67,48,63,29,164,4,73,41,114,112,77,153,26,165,60,24,0,84,85,66,118,124,51,90,191,197,168,14,187,101,81,36,33,100,111,122,98,139,105,180,107,158,30,64,96,76,134,74,173,116,10,42,27,169,142,39,95,1,125,145,127,128,129,18,181,148,133,103,92,136,137,43,194,146,9,31,40,144,121,162,171,141,193,78,151,152,130,113,155,17,21,108,159,109,135,140,106,65,94,166,80,93,178,170,75,172,79,117,102,110,177,147,179,58,161,182,22,195,83,186,54,119,72,71,56,5,149,19,184,70,104,143,160,];False
7134;7962;15096;[198,174,190,25,189,118,6,61,38,199,163,49,12,185,167,15,16,156,82,196,192,138,20,23,176,3,157,183,37,150,126,115,32,99,34,35,132,28,8,75,13,46,188,55,44,45,131,47,68,123,50,86,52,91,69,88,53,59,11,57,97,7,175,62,120,2,89,67,48,63,29,164,4,73,41,114,112,77,153,26,165,60,24,0,84,85,66,87,124,51,90,191,197,168,14,187,101,81,36,33,100,111,122,98,139,105,180,107,158,30,64,96,76,134,74,173,116,10,42,27,169,142,39,95,1,125,145,127,128,129,18,181,148,133,103,92,136,137,43,194,146,9,31,147,144,121,162,171,141,193,78,151,152,130,113,155,17,21,108,159,109,135,140,106,65,94,166,80,93,178,170,154,172,79,117,102,110,177,40,179,58,161,182,22,195,83,186,54,119,72,71,56,5,149,19,184,70,104,143,160,];False
7139;7956;15095;[198,174,190,25,189,118,6,61,38,199,163,49,12,185,80,15,16,156,82,196,192,138,20,23,176,3,157,183,37,150,126,115,32,99,34,35,132,28,8,154,13,46,188,55,44,45,131,47,68,123,50,86,52,91,69,88,53,59,11,57,97,7,175,62,120,2,89,67,48,63,29,65,4,73,41,114,112,77,153,26,165,60,24,0,84,85,66,87,124,51,90,191,197,168,14,187,101,81,36,33,100,111,122,98,139,105,180,107,158,30,64,96,76,134,74,173,116,10,42,27,169,142,39,95,1,125,145,127,128,129,18,181,148,133,103,92,136,137,43,194,146,9,31,147,144,121,162,171,141,193,78,151,152,130,113,155,17,21,108,159,109,135,140,106,164,94,166,167,93,178,170,75,172,79,117,102,110,177,40,179,58,161,182,22,195,83,186,54,119,72,71,56,5,149,19,184,70,104,143,160,];False
7106;7989;15095;[198,174,190,25,189,118,6,61,38,199,116,49,12,185,167,15,16,156,82,196,192,138,20,23,176,3,157,183,37,150,126,115,32,99,34,35,132,28,8,154,13,46,188,55,44,45,131,47,68,123,50,86,52,91,69,88,53,59,11,57,97,7,175,62,120,2,89,67,48,63,29,164,4,73,41,114,112,77,153,26,165,60,24,0,84,85,66,87,124,51,90,191,197,168,14,187,101,81,36,33,100,111,122,98,139,105,180,107,158,30,64,96,76,134,74,173,163,10,42,27,169,142,39,95,1,125,145,127,128,129,18,181,148,133,103,92,136,137,43,194,146,9,31,147,144,121,162,171,141,193,78,151,152,130,113,155,17,21,108,159,109,135,140,106,65,94,166,80,93,178,170,75,172,79,117,102,110,177,40,179,58,161,182,22,195,83,186,54,119,72,71,56,5,149,19,184,70,104,143,160,];False
7044;8045;15089;[198,174,190,25,189,118,6,61,38,199,163,49,12,185,80,15,16,156,82,196,192,138,20,23,176,3,26,183,37,150,126,115,32,99,34,35,132,28,8,154,13,46,188,55,44,45,131,47,68,123,50,86,52,91,69,88,53,59,11,57,97,7,175,62,120,2,89,67,48,63,29,65,43,73,41,114,112,77,153,157,165,60,24,0,84,85,66,87,124,51,90,191,197,168,14,187,101,81,36,33,100,111,122,98,139,105,180,107,158,30,64,96,76,134,74,173,116,10,42,22,169,142,39,95,1,125,145,127,128,129,18,181,148,133,103,92,136,137,4,194,146,9,31,147,144,121,162,171,141,193,78,151,152,130,113,155,17,21,108,159,109,135,140,106,164,94,166,167,93,178,170,75,172,79,117,102,110,177,40,179,58,161,182,27,195,83,186,54,119,72,71,56,5,149,19,184,70,104,143,160,];False
7147;7942;15089;[198,149,190,32,189,87,6,61,38,163,199,49,12,185,167,15,16,156,147,196,192,150,20,23,176,3,157,183,37,138,126,115,25,99,34,35,152,28,8,154,13,46,188,55,44,45,131,47,68,123,50,86,52,91,69,88,53,59,11,57,132,7,175,62,120,2,89,67,48,63,29,164,4,73,41,114,112,165,153,26,77,60,24,0,84,85,66,118,124,51,90,191,197,168,14,187,101,81,36,33,100,111,122,98,139,105,180,107,158,30,64,96,76,134,74,173,116,10,42,27,169,142,39,95,1,125,145,127,128,129,18,181,148,133,103,92,136,137,43,194,146,9,31,82,144,121,162,171,174,193,78,151,97,130,113,155,17,21,108,159,109,135,140,106,65,94,166,80,93,178,170,75,172,79,117,102,110,177,40,179,58,161,182,22,195,83,186,54,119,72,71,56,5,141,19,184,70,104,143,160,];False
7114;7973;15087;[198,174,190,25,189,87,6,61,38,163,199,49,12,185,167,15,16,156,82,196,192,150,20,23,176,3,157,183,37,138,126,115,32,99,34,35,97,28,8,154,13,46,188,55,44,45,131,47,68,123,50,86,52,91,69,88,53,59,11,57,132,7,175,62,120,2,89,67,48,63,29,164,4,73,41,114,112,165,153,26,77,60,24,0,84,85,66,118,124,51,90,191,197,168,14,187,101,81,36,33,100,111,122,98,139,105,180,107,158,30,64,96,76,134,74,173,116,10,42,27,169,142,39,95,1,125,145,127,128,129,18,181,148,133,103,92,136,137,43,194,146,9,31,147,144,121,162,171,141,193,78,151,152,130,113,155,17,21,182,159,109,135,140,106,65,94,166,80,93,178,170,75,172,79,117,102,110,177,40,179,58,161,108,22,195,83,186,54,119,72,71,56,5,149,19,184,70,104,143,160,];False
7135;7952;15087;[198,174,190,25,189,87,6,61,38,163,199,49,12,185,167,15,16,156,82,196,192,150,20,23,176,3,157,183,37,138,126,115,32,99,34,35,97,28,8,154,13,46,188,55,44,45,131,47,68,123,50,86,52,91,69,88,53,59,11,57,132,7,175,62,120,2,89,67,48,63,29,164,4,73,41,114,112,77,153,26,165,60,24,0,84,85,66,118,124,51,90,191,197,168,14,187,101,81,36,33,100,111,122,98,139,105,180,107,158,30,64,96,76,134,74,173,116,10,42,27,169,142,39,95,1,125,145,127,128,129,18,181,148,133,103,92,136,137,43,194,146,9,31,147,144,121,58,171,141,193,78,151,152,130,113,155,17,21,108,159,109,135,140,106,65,94,166,80,93,178,170,75,172,79,117,102,110,177,40,179,162,161,182,22,195,83,186,54,119,72,71,56,5,149,19,184,70,104,143,160,];False
7163;7921;15084;[198,174,190,25,189,87,6,61,38,163,199,49,12,185,167,15,16,156,82,196,192,150,20,23,176,3,157,183,37,138,126,115,32,99,34,35,97,28,8,154,13,46,188,55,44,45,131,47,68,123,50,86,52,91,69,88,53,59,11,57,132,7,175,62,120,2,89,67,48,63,29,164,4,73,41,114,112,165,153,26,77,60,24,0,84,85,66,118,124,51,90,191,197,168,14,187,101,81,36,33,100,111,122,98,139,105,180,107,158,30,64,96,76,134,74,173,116,10,42,27,169,142,39,95,1,125,145,127,128,129,18,181,148,130,103,92,136,137,43,194,146,9,31,147,144,121,162,171,141,193,78,151,152,133,113,155,17,21,108,159,109,135,140,106,65,94,166,80,93,178,170,75,172,79,117,102,110,177,40,179,58,161,182,22,195,83,186,54,119,72,71,56,5,149,19,184,70,104,143,160,];False
7115;7969;15084;[198,174,190,25,189,118,6,61,38,199,163,49,12,185,167,15,16,156,82,196,192,138,20,23,176,3,157,183,37,150,126,115,32,99,34,35,132,28,8,154,13,46,188,55,44,45,131,47,68,123,50,86,52,91,69,165,53,59,11,57,97,7,175,62,120,2,89,67,48,63,29,164,4,73,41,114,112,77,153,26,88,60,24,0,84,85,66,87,124,51,90,191,197,168,14,187,101,81,36,33,100,111,122,98,139,105,180,107,158,30,64,96,76,134,74,173,116,10,42,27,169,142,39,95,1,125,145,127,128,129,18,181,148,133,103,92,136,137,43,194,146,9,31,147,144,121,162,171,141,193,78,151,152,130,113,155,17,21,108,159,109,135,140,106,65,94,166,80,93,178,170,75,172,79,117,102,110,177,40,179,58,161,182,22,195,83,186,54,119,72,71,56,5,149,19,184,70,104,143,160,];False
7083;8001;15084;[198,174,190,25,189,118,6,61,38,199,163,49,12,185,167,15,16,156,82,196,192,138,20,23,176,3,157,183,37,150,126,115,32,99,34,35,132,28,8,154,13,46,188,55,44,45,131,47,68,123,50,86,52,91,69,88,53,59,11,57,97,7,175,62,120,2,89,67,48,63,29,164,4,73,41,114,112,77,153,26,165,60,24,0,84,85,66,58,124,51,90,191,197,168,14,187,101,81,36,33,100,111,122,98,139,105,180,107,158,30,64,96,76,134,74,173,116,10,42,27,169,142,39,95,1,125,145,127,128,129,18,181,148,133,103,92,136,137,43,194,146,9,31,147,144,121,162,171,141,193,78,151,152,130,113,155,17,21,108,159,109,135,140,106,65,94,166,80,93,178,170,75,172,79,117,102,110,177,40,179,87,161,182,22,195,83,186,54,119,72,71,56,5,149,19,184,70,104,143,160,];False
7103;7980;15083;[198,174,190,25,189,118,6,61,38,199,163,49,12,185,167,15,16,156,82,196,192,138,20,23,176,153,157,183,37,150,126,115,32,99,34,35,132,28,8,154,13,46,188,55,44,45,131,47,68,123,50,86,52,91,69,88,53,59,11,57,97,7,175,62,120,2,89,67,48,63,29,164,4,73,41,114,112,77,3,26,165,60,24,0,84,85,66,87,124,51,90,191,197,168,14,187,101,81,36,33,100,111,122,98,139,105,180,107,158,30,64,96,76,134,74,173,116,10,42,27,169,142,39,95,1,125,145,127,128,129,18,181,148,133,103,92,136,137,43,194,146,9,31,147,144,121,162,171,141,193,78,151,152,130,113,155,17,21,108,159,109,135,140,106,65,94,166,80,93,178,170,75,172,79,117,102,110,177,40,179,58,161,182,22,195,83,186,54,119,72,71,56,5,149,19,184,70,104,143,160,];False
7132;7950;15082;[198,174,190,25,189,87,6,61,38,163,199,49,12,185,167,15,16,156,82,196,192,150,20,23,176,3,157,183,37,138,126,115,32,99,34,35,97,28,8,154,13,46,188,55,44,45,131,47,68,123,50,86,52,91,69,88,53,59,11,57,132,7,175,62,120,2,89,67,48,63,29,164,4,73,41,114,112,165,153,26,77,60,24,0,84,85,66,118,124,51,90,191,197,168,14,187,101,81,36,33,100,111,122,98,139,105,180,107,158,30,64,96,76,134,74,173,116,10,42,27,169,142,39,95,1,125,145,127,128,129,18,181,148,133,103,92,136,137,43,194,146,9,31,147,144,121,58,171,141,193,78,151,152,130,113,155,17,21,108,159,109,135,140,106,65,94,166,80,93,178,170,75,172,79,117,102,110,177,40,179,162,161,182,22,195,83,186,54,119,72,71,56,5,149,19,184,70,104,143,160,];False
7051;8030;15081;[198,174,190,25,189,87,6,61,38,163,199,49,12,185,167,15,16,156,82,196,192,150,20,23,176,3,157,183,37,138,126,115,32,99,34,35,97,28,8,154,13,46,188,55,44,45,131,47,68,123,50,86,52,91,69,88,53,59,11,57,132,7,175,62,120,2,89,67,48,63,29,164,4,73,41,114,112,77,153,26,165,60,24,0,84,85,66,118,124,51,90,191,197,168,14,187,101,81,36,33,100,111,122,98,139,105,180,107,158,30,64,96,76,134,74,173,116,10,42,27,169,142,39,95,1,125,145,127,128,129,18,181,148,133,103,92,136,137,43,194,146,9,31,147,144,121,162,171,141,193,78,155,152,130,113,151,17,21,108,159,109,135,140,106,65,94,166,80,93,178,170,75,172,79,117,102,110,177,40,179,58,161,182,22,195,83,186,54,119,72,71,56,5,149,19,184,70,104,143,160,];False
7094;7984;15078;[198,174,190,25,189,118,6,61,38,199,163,49,12,185,80,15,16,156,82,196,192,138,20,23,176,3,157,183,37,150,126,115,32,99,34,35,132,28,8,154,13,46,188,55,44,45,131,47,68,123,50,86,52,91,69,88,53,59,11,57,97,7,175,62,120,2,89,67,48,63,29,164,4,73,41,128,112,77,153,26,165,60,24,0,84,85,66,87,124,51,90,191,197,168,14,187,101,81,36,33,100,111,122,98,139,105,180,107,158,30,64,96,76,134,74,173,116,10,42,27,169,142,39,95,1,125,145,127,114,129,18,181,148,133,103,92,136,137,43,194,146,9,31,147,144,121,162,171,141,193,78,151,152,130,113,155,17,21,108,159,109,135,140,106,65,94,166,167,93,178,170,75,172,79,117,102,110,177,40,179,58,161,182,22,195,83,186,54,119,72,71,56,5,149,19,184,70,104,143,160,];False
7106;7960;15066;[198,174,190,25,189,87,6,61,162,163,199,49,12,185,167,15,16,156,82,196,192,150,20,23,176,3,157,183,37,138,126,115,32,99,34,35,97,28,8,154,13,46,188,55,44,45,131,47,68,123,50,86,52,91,69,88,53,59,11,57,132,7,175,62,120,2,89,67,48,63,29,164,4,73,41,114,112,77,153,26,165,60,24,0,84,85,66,118,124,51,90,191,197,168,14,187,101,81,36,33,100,111,122,98,139,105,180,107,158,30,64,96,76,134,74,173,116,10,42,27,169,142,39,95,1,125,145,127,128,129,18,181,148,133,103,92,136,137,43,194,146,9,31,147,144,121,38,171,141,193,78,151,152,130,113,155,17,21,108,159,109,135,140,106,65,94,166,80,93,178,170,75,172,79,117,102,110,177,40,179,58,161,182,22,195,83,186,54,119,72,71,56,5,149,19,184,70,104,143,160,];False
7132;7932;15064;[198,174,190,32,189,87,6,61,38,163,199,49,12,185,167,15,16,156,147,196,192,150,20,23,176,3,157,183,37,138,126,115,25,99,34,35,152,28,8,154,13,46,188,55,44,45,131,47,68,123,50,86,52,91,69,88,53,59,193,57,132,7,175,62,120,2,89,67,48,63,29,164,4,73,41,114,112,165,153,26,77,60,24,0,84,85,66,118,124,51,90,191,197,168,14,187,101,81,36,33,100,111,122,98,139,105,180,107,158,30,64,96,76,134,74,173,116,10,42,27,169,142,39,95,1,125,145,127,128,129,18,181,148,133,103,92,136,137,43,194,146,9,31,82,144,121,162,171,149,11,78,151,97,130,113,155,17,21,108,159,109,135,140,106,65,94,166,80,93,178,170,75,172,79,117,102,110,177,40,179,58,161,182,22,195,83,186,54,119,72,71,56,5,141,19,184,70,104,143,160,];False
7072;7990;15062;[198,174,190,25,189,87,6,61,38,163,199,49,12,185,167,15,16,156,82,196,192,150,20,23,176,3,157,183,37,138,126,115,32,99,34,35,97,28,8,154,13,46,188,55,44,45,131,47,68,123,50,86,52,91,69,88,53,59,11,57,132,7,175,62,120,2,89,67,48,63,29,164,4,73,17,114,112,165,153,26,77,60,24,0,84,85,66,118,124,51,90,191,197,168,14,187,101,81,36,33,100,111,122,98,139,105,180,107,158,30,64,96,76,134,74,173,116,10,42,27,169,142,39,95,1,125,145,127,128,129,18,181,148,133,103,92,136,137,43,194,146,9,31,147,144,121,162,171,141,193,78,151,152,130,113,155,41,21,108,159,109,135,140,106,65,94,166,80,93,178,170,75,172,79,117,102,110,177,40,179,58,161,182,22,195,83,186,54,119,72,71,56,5,149,19,184,70,104,143,160,];False
7096;7965;15061;[198,174,190,32,189,87,6,61,38,163,199,49,12,185,167,15,16,156,147,196,192,150,20,23,176,3,157,183,37,138,126,115,25,99,34,35,152,28,8,154,13,46,188,55,44,45,131,47,68,123,50,86,52,91,69,88,53,59,11,57,132,7,175,62,120,2,89,67,48,63,29,164,4,73,41,114,112,165,153,26,77,60,24,0,84,85,66,118,124,51,90,191,197,168,14,187,101,81,36,33,100,111,122,98,139,105,180,107,158,30,64,96,76,82,74,173,116,10,42,27,169,142,39,95,1,125,145,127,128,129,18,181,148,133,103,92,136,137,43,194,146,9,31,134,144,121,162,171,149,193,78,151,97,130,113,155,17,21,108,159,109,135,140,106,65,94,166,80,93,178,170,75,172,79,117,102,110,177,40,179,58,161,182,22,195,83,186,54,119,72,71,56,5,141,19,184,70,104,143,160,];False
7157;7901;15058;[198,174,190,32,189,87,6,61,38,163,199,49,12,185,191,15,16,156,147,196,192,150,20,23,176,3,157,183,37,138,126,115,25,99,34,35,152,28,8,154,13,46,188,55,44,45,131,47,68,123,50,86,52,91,69,88,53,59,11,57,132,7,175,62,120,2,89,67,48,63,29,164,4,73,41,114,112,165,153,26,77,60,24,0,84,85,66,118,124,51,90,167,197,168,14,187,101,81,36,33,100,111,122,98,139,105,180,107,158,30,64,96,76,134,74,173,116,10,42,27,169,142,39,95,1,125,145,127,128,129,18,181,148,133,103,92,136,137,43,194,146,9,31,82,144,121,162,171,149,193,78,151,97,130,113,155,17,21,108,159,109,135,140,106,65,94,166,80,93,178,170,75,172,79,117,102,110,177,40,179,58,161,182,22,195,83,186,54,119,72,71,56,5,141,19,184,70,104,143,160,];False
7036;8020;15056;[198,174,190,25,189,118,6,61,38,199,163,49,12,185,167,15,16,156,82,196,192,138,20,23,176,3,157,183,37,150,126,115,32,99,34,35,132,28,8,154,13,46,188,55,44,45,131,47,68,123,50,86,52,91,69,88,53,59,11,57,97,7,175,62,120,2,89,67,48,63,29,164,4,73,41,114,112,77,153,26,165,60,24,0,84,85,66,87,124,51,90,191,197,168,14,187,101,81,36,33,100,111,122,98,139,105,180,107,158,30,64,96,76,134,74,173,116,10,42,27,169,142,39,95,1,125,145,127,128,65,18,181,148,133,103,92,136,137,43,194,146,9,31,147,144,121,162,171,141,193,78,151,152,130,113,155,17,21,108,159,109,135,140,106,129,94,166,80,93,178,170,75,172,79,117,102,110,177,40,179,58,161,182,22,195,83,186,54,119,72,71,56,5,149,19,184,70,104,143,160,];False
7084;7971;15055;[198,174,190,25,189,87,6,61,38,163,199,49,12,185,167,15,16,156,82,196,192,150,20,23,176,3,157,183,37,138,126,115,32,99,34,35,97,28,8,154,13,46,188,55,44,45,131,47,68,123,50,86,52,91,69,88,53,59,11,57,132,7,175,62,120,2,89,67,48,63,29,164,4,73,41,114,112,77,153,26,165,60,24,0,84,104,66,118,124,51,90,191,197,168,14,187,101,81,36,33,100,111,122,98,139,105,180,107,158,30,64,96,76,134,74,173,116,10,42,27,169,142,39,95,1,125,145,127,128,129,18,181,148,133,103,92,136,137,43,194,146,9,31,147,144,121,162,171,141,193,78,151,152,130,113,155,17,21,108,159,109,135,140,106,65,94,166,80,93,178,170,75,172,79,117,102,110,177,40,179,58,161,182,22,195,83,186,54,119,72,71,56,5,149,19,184,70,85,143,160,];False
7093;7960;15053;[198,174,190,32,189,87,6,61,38,163,199,49,12,185,167,15,16,156,147,196,192,150,20,23,176,3,157,183,37,138,126,115,25,99,34,35,152,28,8,76,13,46,188,55,44,45,131,47,68,123,50,86,52,91,69,88,53,59,11,57,132,7,175,62,120,2,89,67,48,63,29,164,4,73,41,114,112,165,153,26,77,60,24,0,84,85,66,118,124,51,90,191,197,168,14,187,101,81,36,33,100,111,122,98,139,105,180,107,158,30,64,96,154,134,74,173,116,10,42,27,169,142,39,95,1,125,145,127,128,129,18,181,148,133,103,92,136,137,43,194,146,9,31,82,144,121,162,171,149,193,78,151,97,130,113,155,17,21,108,159,109,135,140,106,65,94,166,80,93,178,170,75,172,79,117,102,110,177,40,179,58,161,182,22,195,83,186,54,119,72,71,56,5,141,19,184,70,104,143,160,];False
7141;7906;15047;[198,174,190,32,189,87,6,61,38,163,199,49,12,185,167,15,16,156,147,196,192,150,20,23,176,3,157,183,37,138,126,115,25,99,34,35,152,28,8,154,13,46,188,55,44,45,131,47,68,123,50,86,52,91,69,88,149,59,11,57,132,7,175,62,120,2,89,67,48,63,29,164,4,73,41,114,112,165,153,26,77,60,24,0,84,85,66,118,124,51,90,191,197,168,14,187,101,81,36,33,100,111,122,98,139,105,180,107,158,30,64,96,76,134,74,173,116,10,42,27,169,142,39,95,1,125,145,127,128,129,18,181,148,133,103,92,136,137,43,194,146,9,31,82,144,121,162,171,141,193,78,151,97,130,113,155,17,21,108,159,109,135,140,106,65,94,166,80,93,178,170,75,172,79,117,102,110,177,40,179,58,161,182,22,195,83,186,54,119,72,71,56,5,53,19,184,70,104,143,160,];False
7032;8014;15046;[198,174,190,25,189,87,6,61,38,199,163,49,12,185,167,15,16,156,82,196,192,150,20,23,176,3,157,183,37,83,126,115,32,99,34,35,97,28,8,154,13,46,188,55,44,45,131,47,68,123,50,86,52,91,69,88,53,59,11,57,132,7,175,62,120,2,89,67,48,63,29,164,4,73,41,114,112,77,153,26,165,60,24,0,84,85,66,118,124,51,90,191,197,168,14,187,101,81,36,33,100,111,122,98,139,105,180,107,158,30,64,96,76,134,74,173,116,10,42,27,169,142,39,95,1,125,145,127,128,129,18,181,148,133,103,92,136,137,43,194,146,9,31,147,144,121,162,171,141,193,78,151,152,130,113,155,17,21,108,159,109,135,140,106,65,94,166,80,93,178,170,75,172,79,117,102,110,177,40,179,58,161,182,22,195,138,186,54,119,72,71,56,5,149,19,184,70,104,143,160,];False
7131;7912;15043;[198,174,190,32,189,87,6,61,38,163,199,49,12,185,167,15,16,156,147,196,192,150,20,23,1,3,157,183,37,138,126,115,25,99,34,35,152,28,8,154,13,46,188,55,44,45,131,47,68,123,50,86,52,91,69,88,53,59,11,57,132,7,175,62,120,2,89,67,48,63,29,164,4,73,41,114,112,165,153,26,77,60,24,0,84,85,66,118,124,51,90,191,197,168,14,187,101,81,36,33,100,111,122,98,139,105,180,107,158,30,64,96,76,134,74,173,116,10,42,27,169,142,39,95,176,125,145,127,128,129,18,181,148,133,103,92,136,137,43,194,146,9,31,82,144,121,162,171,149,193,78,151,97,130,113,155,17,21,108,159,109,135,140,106,65,94,166,80,93,178,170,75,172,79,117,102,110,177,40,179,58,161,182,22,195,83,186,54,119,72,71,56,5,141,19,184,70,104,143,160,];False
7042;8001;15043;[198,174,190,32,189,87,6,61,38,163,199,49,12,185,167,15,16,156,147,196,192,150,20,23,30,3,157,183,37,138,126,115,25,99,34,35,152,28,8,154,13,46,188,55,44,45,131,47,68,123,50,86,52,91,69,88,53,59,11,57,132,7,175,62,120,2,89,67,48,63,29,164,4,73,41,114,112,165,153,26,77,60,24,0,84,85,66,118,124,51,90,191,197,168,14,187,101,81,36,33,100,111,122,98,139,105,180,107,158,176,64,96,76,134,74,173,116,10,42,27,169,142,39,95,1,125,145,127,128,129,18,181,148,133,103,92,136,137,43,194,146,9,31,82,144,121,162,171,141,193,78,151,97,130,113,155,17,21,108,159,109,135,140,106,65,94,166,80,93,178,170,75,172,79,117,102,110,177,40,179,58,161,182,22,195,83,186,54,119,72,71,56,5,149,19,184,70,104,143,160,];False
7071;7969;15040;[198,174,190,25,189,118,6,61,38,199,163,49,12,185,167,15,16,156,82,196,192,138,20,23,176,3,157,183,37,150,126,115,32,99,34,35,132,28,8,154,13,46,188,55,44,45,131,47,68,123,50,86,52,91,69,88,53,59,11,57,97,7,175,62,120,2,89,67,48,63,29,164,4,73,41,114,112,77,101,26,165,60,24,0,84,85,66,87,124,51,90,191,197,168,14,187,153,81,36,33,100,111,122,98,139,105,180,107,158,30,64,96,76,134,74,173,116,10,42,27,169,142,39,95,1,125,145,127,128,129,18,181,148,133,103,92,136,137,43,194,146,9,31,147,144,121,162,171,141,193,78,151,152,130,113,155,17,21,108,159,109,135,140,106,65,94,166,80,93,178,170,75,172,79,117,102,110,177,40,179,58,161,182,22,195,83,186,54,119,72,71,56,5,149,19,184,70,104,143,160,];False
7095;7942;15037;[198,174,190,25,189,87,6,61,38,163,199,49,12,185,167,15,16,156,82,196,192,150,20,23,176,3,157,183,37,138,126,115,32,99,34,35,97,28,8,154,13,46,188,55,44,45,131,47,68,123,50,86,52,91,69,88,53,59,11,57,132,7,175,62,120,2,89,67,48,63,29,164,4,73,41,114,112,165,153,26,77,60,24,0,84,85,66,118,124,51,90,191,197,168,14,187,101,81,36,33,100,111,122,98,139,105,180,107,158,30,64,96,76,134,74,173,116,10,42,27,169,142,39,95,1,125,145,127,128,129,18,181,148,133,103,92,136,137,43,194,146,9,31,147,144,121,162,171,141,193,78,151,152,130,113,155,17,21,108,159,109,135,140,106,65,94,166,80,93,178,170,75,172,79,117,102,177,110,40,179,58,161,182,22,195,83,186,54,119,72,71,56,5,149,19,184,70,104,143,160,];False
7123;7914;15037;[198,174,147,32,189,87,6,61,38,163,199,49,12,185,167,15,16,156,190,196,192,150,20,23,176,3,157,183,37,138,126,115,25,99,34,35,152,28,8,154,13,46,188,55,44,45,131,47,68,123,50,86,52,91,69,88,53,59,11,57,132,7,175,62,120,2,89,67,48,63,29,164,4,73,41,114,112,165,153,26,77,60,24,0,84,85,66,118,124,51,90,191,197,168,14,187,101,81,36,33,100,111,122,98,139,105,180,107,158,30,64,96,76,134,74,173,116,10,42,27,169,142,39,95,1,125,145,127,128,129,18,181,148,133,103,92,136,137,43,194,146,9,31,82,144,121,162,171,149,193,78,151,97,130,113,155,17,21,108,159,109,135,140,106,65,94,166,80,93,178,170,75,172,79,117,102,110,177,40,179,58,161,182,22,195,83,186,54,119,72,71,56,5,141,19,184,70,104,143,160,];False
7056;7978;15034;[198,174,190,25,189,87,49,61,38,199,163,6,12,185,167,15,16,156,82,196,192,150,20,23,176,3,157,183,37,138,126,115,32,99,34,35,97,28,8,154,13,46,188,55,44,45,131,47,68,123,50,86,52,91,69,88,53,59,11,57,132,7,175,62,120,2,89,67,48,63,29,164,4,73,41,114,112,77,153,26,165,60,24,0,84,85,66,118,124,51,90,191,197,168,14,187,101,81,36,33,100,111,122,98,139,105,180,107,158,30,64,96,76,134,74,173,116,10,42,27,169,142,39,95,1,125,145,127,128,129,18,181,148,133,103,92,136,137,43,194,146,9,31,147,144,121,162,171,141,193,78,151,152,130,113,155,17,21,108,159,109,135,140,106,65,94,166,80,93,178,170,75,172,79,117,102,110,177,40,179,58,161,182,22,195,83,186,54,119,72,71,56,5,149,19,184,70,104,143,160,];False
7003;8031;15034;[198,174,96,25,189,118,6,61,38,199,163,49,12,185,167,15,16,156,82,196,192,138,20,23,176,3,157,183,37,150,126,115,32,99,34,35,132,28,8,154,13,46,188,55,44,45,131,47,68,123,50,86,52,91,69,88,53,59,11,57,97,7,175,62,120,2,89,67,48,63,29,164,4,73,41,114,112,77,153,26,165,60,24,0,84,85,66,87,124,51,90,191,197,168,14,187,101,81,36,33,100,111,122,98,139,105,180,107,158,30,64,190,76,134,74,173,116,10,42,27,169,142,39,95,1,125,145,127,128,129,18,181,148,133,103,92,136,137,43,194,146,9,31,147,144,121,162,171,141,193,78,151,152,130,113,155,17,21,108,159,109,135,140,106,65,94,166,80,93,178,170,75,172,79,117,102,110,177,40,179,58,161,182,22,195,83,186,54,119,72,71,56,5,149,19,184,70,104,143,160,];False
7064;7966;15030;[198,174,190,25,189,87,6,61,38,163,199,49,12,185,167,15,16,156,82,196,192,150,20,23,176,3,157,183,37,138,126,115,32,99,34,35,97,28,8,154,13,177,188,55,44,45,131,47,68,123,50,86,52,91,69,88,53,59,11,57,132,7,175,62,120,2,89,67,48,63,29,164,4,73,41,114,112,165,153,26,77,60,24,0,84,85,66,118,124,51,90,191,197,168,14,187,101,81,36,33,100,111,122,98,139,105,180,107,158,30,64,96,76,134,74,173,116,10,42,27,169,142,39,95,1,125,145,127,128,129,18,181,148,133,103,92,136,137,43,194,146,9,31,147,144,121,162,171,141,193,78,151,152,130,113,155,17,21,108,159,109,135,140,106,65,94,166,80,93,178,170,75,172,79,117,102,110,46,40,179,58,161,182,22,195,83,186,54,119,72,71,56,5,149,19,184,70,104,143,160,];False
7050;7980;15030;[198,174,190,25,189,87,6,61,38,163,199,49,12,185,167,15,16,156,82,196,192,150,20,23,176,3,157,183,37,138,126,115,32,99,34,35,97,28,8,154,13,46,188,55,44,45,131,47,68,123,50,86,52,91,69,88,53,59,11,57,132,7,175,62,120,2,89,67,48,63,85,164,4,73,41,114,112,77,153,26,165,60,24,0,84,29,66,118,124,51,90,191,197,168,14,187,101,81,36,33,100,111,122,98,139,105,180,107,158,30,64,96,76,134,74,173,116,10,42,27,169,142,39,95,1,125,145,127,128,129,18,181,148,133,103,92,136,137,43,194,146,9,31,147,144,121,162,171,141,193,78,151,152,130,113,155,17,21,108,159,109,135,140,106,65,94,166,80,93,178,170,75,172,79,117,102,110,177,40,179,58,161,182,22,195,83,186,54,119,72,71,56,5,149,19,184,70,104,143,160,];False
7055;7975;15030;[198,174,190,25,189,87,6,61,38,199,163,49,12,185,167,15,16,156,82,196,192,150,20,23,176,3,157,183,37,138,126,115,32,99,34,35,97,28,8,154,13,46,188,55,44,45,131,47,68,123,50,86,52,91,69,88,53,59,11,57,132,7,175,62,120,2,89,67,48,63,29,121,4,73,41,114,112,77,153,26,165,60,24,0,84,85,66,118,124,51,90,191,197,168,14,187,101,81,36,33,100,111,122,98,139,105,180,107,158,30,64,96,76,134,74,173,116,10,42,27,169,142,39,95,1,125,145,127,128,129,18,181,148,133,103,92,136,137,43,194,146,9,31,147,144,164,162,171,141,193,78,151,152,130,113,155,17,21,108,159,109,135,140,106,65,94,166,80,93,178,170,75,172,79,117,102,110,177,40,179,58,161,182,22,195,83,186,54,119,72,71,56,5,149,19,184,70,104,143,160,];False
7073;7955;15028;[198,174,190,32,189,87,6,61,38,163,199,49,12,185,167,15,16,156,147,196,192,150,20,23,176,3,157,183,37,138,126,115,25,99,34,35,152,28,8,154,13,46,188,55,44,45,131,47,68,123,50,86,52,91,69,88,53,59,11,57,132,7,175,62,120,2,89,67,48,63,29,164,4,73,41,114,112,165,153,26,77,60,24,0,84,85,66,118,124,51,90,191,197,168,113,187,101,81,36,33,100,111,122,98,139,105,180,107,158,30,64,96,76,134,74,173,116,10,42,27,169,142,39,95,1,125,145,127,128,129,18,181,148,133,103,92,136,137,43,194,146,9,31,82,144,121,162,171,149,193,78,151,97,130,14,155,17,21,108,159,109,135,140,106,65,94,166,80,93,178,170,75,172,79,117,102,110,177,40,179,58,161,182,22,195,83,186,54,119,72,71,56,5,141,19,184,70,104,143,160,];False
7055;7971;15026;[198,174,190,25,189,87,6,61,38,163,199,49,12,185,167,15,16,156,82,196,192,150,20,23,176,3,157,183,37,138,126,115,32,99,34,127,97,28,8,154,13,46,188,55,44,45,131,47,68,123,50,86,52,91,69,88,53,59,11,57,132,7,175,62,120,2,89,67,48,63,29,164,4,73,41,114,112,165,153,26,77,60,24,0,84,85,66,118,124,51,90,191,197,168,14,187,101,81,36,33,100,111,122,98,139,105,180,107,158,30,64,96,76,134,74,173,116,10,42,27,169,142,39,95,1,125,145,35,128,129,18,181,148,133,103,92,136,137,43,194,146,9,31,147,144,121,162,171,141,193,78,151,152,130,113,155,17,21,108,159,109,135,140,106,65,94,166,80,93,178,170,75,172,79,117,102,110,177,40,179,58,161,182,22,195,83,186,54,119,72,71,56,5,149,19,184,70,104,143,160,];False
7033;7993;15026;[198,174,190,25,189,87,6,61,38,199,163,49,12,185,167,15,16,156,82,196,192,150,20,23,176,3,157,183,37,138,126,115,32,99,34,35,97,28,8,154,13,46,188,55,44,45,131,47,68,123,50,86,52,91,69,88,53,59,11,57,132,7,175,62,120,2,89,67,48,63,29,164,4,172,41,114,112,77,153,26,165,60,24,0,84,85,66,118,124,51,90,191,197,168,14,187,101,81,36,33,100,111,122,98,139,105,180,107,158,30,64,96,76,134,74,173,116,10,42,27,169,142,39,95,1,125,145,127,128,129,18,181,148,133,103,92,136,137,43,194,146,9,31,147,144,121,162,171,141,193,78,151,152,130,113,155,17,21,108,159,109,135,140,106,65,94,166,80,93,178,170,75,73,79,117,102,110,177,40,179,58,161,182,22,195,83,186,54,119,72,71,56,5,149,19,184,70,104,143,160,];False
7038;7988;15026;[198,174,190,25,189,118,6,61,38,199,163,49,12,185,167,15,16,156,82,196,192,138,20,23,176,3,157,183,37,150,126,115,32,99,33,35,132,28,8,154,13,46,188,55,44,45,131,47,68,123,50,86,52,91,69,88,53,59,11,57,97,7,175,62,120,2,89,67,48,63,29,164,4,73,41,114,112,77,153,26,165,60,24,0,84,85,66,87,124,51,90,191,197,168,14,187,101,81,36,34,100,111,122,98,139,105,180,107,158,30,64,96,76,134,74,173,116,10,42,27,169,142,39,95,1,125,145,127,128,129,18,181,148,133,103,92,136,137,43,194,146,9,31,147,144,121,162,171,141,193,78,151,152,130,113,155,17,21,108,159,109,135,140,106,65,94,166,80,93,178,170,75,172,79,117,102,110,177,40,179,58,161,182,22,195,83,186,54,119,72,71,56,5,149,19,184,70,104,143,160,];False
7105;7920;15025;[198,174,190,25,189,87,6,61,38,163,199,49,12,185,167,15,16,156,82,196,192,150,20,23,176,3,157,183,37,138,126,115,32,99,34,35,152,28,8,154,13,46,188,55,44,45,131,47,68,123,50,86,52,91,69,88,53,59,11,57,132,7,175,62,120,2,89,67,48,63,29,164,4,73,41,114,112,165,153,26,77,60,24,0,84,85,66,118,124,51,90,191,197,168,14,187,101,81,36,33,100,111,122,98,139,105,180,107,158,30,64,96,76,134,74,173,116,10,42,27,169,142,39,95,1,125,145,127,128,129,18,181,148,133,103,92,136,137,43,194,146,9,31,147,144,121,162,171,141,193,78,151,97,130,113,155,17,21,108,159,109,135,140,106,65,94,166,80,93,178,170,75,172,79,117,102,110,177,40,179,58,161,182,22,195,83,186,54,119,72,71,56,5,149,19,184,70,104,143,160,];False
7057;7967;15024;[198,196,190,32,189,87,6,61,38,163,199,49,12,185,167,15,16,156,147,174,192,150,20,23,176,3,157,183,37,138,126,115,25,99,34,35,152,28,8,154,13,46,188,55,44,45,131,47,68,123,50,86,52,91,69,88,53,59,11,57,132,7,175,62,120,2,89,67,48,63,29,164,4,73,41,114,112,165,153,26,77,60,24,0,84,85,66,118,124,51,90,191,197,168,14,187,101,27,36,33,100,111,122,98,139,105,180,107,158,30,64,96,76,134,74,173,116,10,42,81,169,142,39,95,1,125,145,127,128,129,18,181,148,133,103,92,136,137,43,194,146,9,31,82,144,121,162,171,149,193,78,151,97,130,113,155,17,21,108,159,109,135,140,106,65,94,166,80,93,178,170,75,172,79,117,102,110,177,40,179,58,161,182,22,195,83,186,54,119,72,71,56,5,141,19,184,70,104,143,160,];False
7051;7972;15023;[198,174,190,25,189,87,6,61,38,199,163,49,12,185,167,15,16,156,82,196,192,150,20,23,176,3,157,183,37,138,126,115,32,99,34,35,97,28,8,154,13,46,188,55,44,45,131,47,68,123,50,86,52,91,69,88,53,59,11,57,132,7,175,62,120,2,89,67,48,63,29,164,4,73,41,114,112,77,153,26,165,60,117,0,84,85,66,118,124,51,90,191,197,168,14,187,101,81,36,33,100,111,122,98,139,105,180,107,158,30,64,96,76,134,74,173,116,10,42,27,169,142,39,95,1,125,145,127,128,129,18,181,148,133,103,92,136,137,43,194,146,9,31,147,144,121,162,171,141,193,78,151,152,130,113,155,17,21,108,159,109,135,140,106,65,94,166,80,93,178,170,75,172,79,24,102,110,177,40,179,58,161,182,22,195,83,186,54,119,72,71,56,5,149,19,184,70,104,143,160,];False
7036;7986;15022;[198,174,190,25,189,118,6,61,38,199,163,49,12,185,167,15,16,156,82,196,192,138,20,23,176,3,157,183,37,150,126,115,32,99,34,35,132,28,8,154,13,46,188,55,44,45,131,47,68,123,50,86,52,91,69,88,53,59,11,57,97,7,175,62,120,58,89,67,48,63,29,164,4,73,41,114,112,77,153,26,165,60,24,0,84,85,66,87,124,51,90,191,197,168,14,187,101,81,36,33,100,111,122,98,139,105,180,107,158,30,64,96,76,134,74,173,116,10,42,27,169,142,39,95,1,125,145,127,128,129,18,181,148,133,103,92,136,137,43,194,146,9,31,147,144,121,162,171,141,193,78,151,152,130,113,155,17,21,108,159,109,135,140,106,65,94,166,80,93,178,170,75,172,79,117,102,110,177,40,179,2,161,182,22,195,83,186,54,119,72,71,56,5,149,19,184,70,104,143,160,];False
7087;7934;15021;[198,174,52,32,189,87,6,61,38,163,199,49,12,185,167,15,16,156,147,196,192,150,20,23,176,3,157,183,37,138,126,115,25,99,34,35,152,28,8,154,13,46,188,55,44,45,131,47,68,123,50,86,190,91,69,88,53,59,11,57,132,7,175,62,120,2,89,67,48,63,29,164,4,73,41,114,112,165,153,26,77,60,24,0,84,85,66,118,124,51,90,191,197,168,14,187,101,27,36,33,100,111,122,98,139,105,180,107,158,30,64,96,76,134,74,173,116,10,42,81,169,142,39,95,1,125,145,127,128,129,18,181,148,133,103,92,136,137,43,194,146,9,31,82,144,121,162,171,149,193,78,151,97,130,113,155,17,21,108,159,109,135,140,106,65,94,166,80,93,178,170,75,172,79,117,102,110,177,40,179,58,161,182,22,195,83,186,54,119,72,71,56,5,141,19,184,70,104,143,160,];False
7036;7984;15020;[198,174,190,25,189,87,6,61,38,199,163,49,12,185,167,15,16,156,82,196,192,150,20,23,176,3,157,183,37,138,126,115,32,99,34,35,132,28,8,154,13,46,188,55,44,45,131,47,68,123,50,86,52,91,69,88,53,59,11,57,97,7,175,62,120,2,89,67,48,63,29,164,4,73,41,114,112,77,153,26,165,60,24,0,84,85,66,118,124,51,90,191,197,168,14,187,101,81,36,33,100,111,122,98,139,105,180,107,158,30,64,96,76,134,74,173,116,10,42,27,169,142,39,95,1,125,135,127,128,129,18,181,148,133,103,92,136,137,43,194,146,9,31,147,144,121,162,171,141,193,78,151,152,130,113,155,17,21,108,159,109,145,140,106,65,94,166,80,93,178,170,75,172,79,117,102,110,177,40,179,58,161,182,22,195,83,186,54,119,72,71,56,5,149,19,184,70,104,143,160,];False
7000;8019;15019;[198,174,190,25,189,87,6,61,38,163,199,49,12,185,167,15,16,156,82,196,192,150,20,23,176,3,157,183,37,138,126,115,32,99,34,35,97,28,8,154,13,46,188,55,44,45,131,47,68,123,50,86,52,91,69,88,53,59,11,57,132,7,175,62,120,2,89,67,48,63,29,164,4,73,41,114,112,77,153,26,165,60,24,0,84,85,66,118,124,51,90,191,197,168,14,187,101,81,36,33,100,111,122,98,139,105,180,107,158,30,64,96,76,134,74,173,116,10,42,27,169,142,39,95,1,125,145,127,128,129,18,181,148,133,103,92,136,137,43,194,146,9,31,147,144,121,162,171,141,193,78,151,152,130,113,155,17,195,108,159,109,135,140,106,65,94,166,80,93,178,170,75,172,79,117,102,110,177,40,179,58,161,182,22,21,83,186,54,119,72,71,56,5,149,19,184,70,104,143,160,];False
7055;7963;15018;[198,174,190,25,189,87,6,61,38,163,199,49,12,185,167,15,16,156,82,196,192,150,20,23,176,3,157,183,37,138,126,115,32,99,34,35,97,28,8,154,13,46,188,55,44,45,131,47,68,123,50,86,52,91,69,88,53,59,11,57,132,7,175,62,120,2,89,67,48,63,29,164,4,73,41,114,112,77,153,26,165,60,24,0,84,85,66,118,124,51,90,191,197,168,14,187,101,81,36,33,100,111,122,98,139,105,180,177,158,30,64,96,76,134,74,173,116,10,42,27,169,142,39,95,1,125,145,127,128,129,18,181,148,133,103,92,136,137,43,194,146,9,31,147,144,121,162,171,141,193,78,151,152,130,113,155,17,21,108,159,109,135,140,106,65,94,166,80,93,178,170,75,172,79,117,102,110,107,40,179,58,161,182,22,195,83,186,54,119,72,71,56,5,149,19,184,70,104,143,160,];False
7039;7978;15017;[198,174,190,25,189,87,6,61,38,163,199,49,12,185,167,15,16,156,82,196,192,150,20,23,176,3,157,183,22,138,126,115,32,99,34,35,97,28,8,154,13,46,188,55,44,45,131,47,68,123,50,86,52,91,69,88,53,59,11,57,132,7,175,62,120,2,89,67,48,63,29,164,4,73,41,114,112,77,153,26,165,60,24,0,84,85,66,118,124,51,90,191,197,168,14,187,101,81,36,33,100,111,122,98,139,105,180,107,158,30,64,96,76,134,74,173,116,10,42,27,169,142,39,95,1,125,145,127,128,129,18,181,148,133,103,92,136,137,43,194,146,9,31,147,144,121,162,171,141,193,78,151,152,130,113,155,17,21,108,159,109,135,140,106,65,94,166,80,93,178,170,75,172,79,117,102,110,177,40,179,58,161,182,37,195,83,186,54,119,72,71,56,5,149,19,184,70,104,143,160,];False
7053;7962;15015;[198,174,190,32,189,87,6,61,38,163,199,49,12,185,167,15,16,156,147,196,192,150,20,23,176,3,157,183,37,138,126,115,25,99,34,35,152,28,8,154,13,46,188,55,44,45,131,47,68,123,50,86,52,91,69,88,53,59,11,57,132,7,175,62,120,2,89,67,48,63,29,95,4,73,41,114,112,165,153,26,77,60,24,0,84,85,66,118,124,51,90,191,197,168,14,187,101,81,36,33,100,111,122,98,139,105,180,107,158,30,64,96,76,134,74,173,116,10,42,27,169,142,39,164,1,125,145,127,128,129,18,181,148,133,103,92,136,137,43,194,146,9,31,82,144,121,162,171,149,193,78,151,97,130,113,155,17,21,108,159,109,135,140,106,65,94,166,80,93,178,170,75,172,79,117,102,110,177,40,179,58,161,182,22,195,83,186,54,119,72,71,56,5,141,19,184,70,104,143,160,];False
7000;8014;15014;[198,174,190,25,189,118,6,61,38,199,163,49,12,185,167,15,16,156,82,196,128,138,20,23,176,3,157,183,37,150,126,115,32,99,34,35,132,28,8,154,13,46,188,55,44,45,131,47,68,123,50,86,52,91,69,88,53,59,11,57,97,7,175,62,120,2,89,67,48,63,29,164,4,73,41,114,112,77,153,26,165,60,24,0,84,85,66,87,124,51,90,191,197,168,14,187,101,81,36,33,100,111,122,98,139,105,180,107,158,30,64,96,76,134,74,173,116,10,42,27,169,142,39,95,1,125,145,127,192,129,18,181,148,133,103,92,136,137,43,194,146,9,31,147,144,121,162,171,141,193,78,151,152,130,113,155,17,21,108,159,109,135,140,106,65,94,166,80,93,178,170,75,172,79,117,102,110,177,40,179,58,161,182,22,195,83,186,54,119,72,71,56,5,149,19,184,70,104,143,160,];False
7093;7915;15008;[198,174,190,32,189,87,6,61,38,163,199,49,12,185,167,15,16,156,147,196,192,150,20,23,176,3,157,183,37,138,126,115,25,99,34,35,152,28,8,154,13,46,188,55,44,45,131,47,68,123,50,86,52,91,69,88,178,59,11,57,132,7,175,62,120,2,89,67,48,63,29,164,4,73,41,114,112,165,153,26,77,60,24,0,84,85,66,118,124,51,90,191,197,168,14,187,101,81,36,33,100,111,122,98,139,105,180,107,158,30,64,96,76,134,74,173,116,10,42,27,169,142,39,95,1,125,145,127,128,129,18,181,148,133,103,92,136,137,43,194,146,9,31,82,144,121,162,171,149,193,78,151,97,130,113,155,17,21,108,159,109,135,140,106,65,94,166,80,93,53,170,75,172,79,117,102,110,177,40,179,58,161,182,22,195,83,186,54,119,72,71,56,5,141,19,184,70,104,143,160,];False
7053;7955;15008;[198,70,190,25,189,87,6,61,38,199,163,49,12,185,167,15,16,156,82,196,192,150,20,23,176,3,157,183,37,138,126,115,32,99,34,35,97,28,8,154,13,46,188,55,44,45,131,47,68,123,50,86,52,91,69,88,53,59,11,57,132,7,175,62,120,2,89,67,48,63,29,164,4,73,41,114,112,77,153,26,165,60,24,0,84,85,66,118,124,51,90,191,197,168,14,187,101,81,36,33,100,111,122,98,139,105,180,107,158,30,64,96,76,134,74,173,116,10,42,27,169,142,39,95,1,125,145,127,128,129,18,181,148,133,103,92,136,137,43,194,146,9,31,147,144,121,162,171,141,193,78,151,152,130,113,155,17,21,108,159,109,135,140,106,65,94,166,80,93,178,170,75,172,79,117,102,110,177,40,179,58,161,182,22,195,83,186,54,119,72,71,56,5,149,19,184,174,104,143,160,];False
7036;7968;15004;[198,174,190,25,189,87,6,61,38,199,163,49,12,185,167,15,16,156,82,196,192,150,20,23,176,3,157,183,37,138,126,115,32,99,34,35,97,28,8,154,13,46,188,55,44,45,131,47,68,123,50,86,52,91,69,88,53,59,11,57,132,7,175,62,120,2,89,67,48,63,29,164,4,73,41,114,112,77,153,26,165,60,24,0,84,85,66,118,124,51,90,191,197,168,14,187,101,81,36,33,100,111,122,98,139,105,5,107,158,30,64,96,76,134,74,173,116,10,42,27,169,142,39,95,1,125,145,127,128,129,18,181,148,133,103,92,136,137,43,194,146,9,31,147,144,121,162,171,141,193,78,151,152,130,113,155,17,21,108,159,109,135,140,106,65,94,166,80,93,178,170,75,172,79,117,102,110,177,40,179,58,161,182,22,195,83,186,54,119,72,71,56,180,149,19,184,70,104,143,160,];False
7035;7968;15003;[198,174,190,25,189,87,6,61,38,199,163,49,12,185,167,15,16,156,82,196,192,150,20,23,176,3,157,183,37,138,126,115,32,99,34,35,97,28,8,154,13,46,188,55,44,45,131,47,68,123,50,86,52,91,69,88,53,59,11,57,132,7,175,62,120,2,89,67,48,63,29,164,4,73,41,114,112,77,153,26,165,60,24,0,84,85,66,118,124,51,90,191,197,168,14,187,101,81,36,33,100,111,122,98,139,105,180,107,158,30,64,96,76,134,74,173,116,10,42,27,169,142,39,95,1,125,145,127,128,129,18,181,148,133,103,92,136,137,43,194,146,9,31,147,144,121,162,171,141,193,78,151,110,130,113,155,17,21,108,159,109,135,140,106,65,94,166,80,93,178,170,75,172,79,117,102,152,177,40,179,58,161,182,22,195,83,186,54,119,72,71,56,5,149,19,184,70,104,143,160,];False
7045;7955;15000;[198,174,190,25,189,87,6,61,38,199,163,49,12,185,167,15,16,156,82,196,192,150,20,23,176,3,157,183,37,138,126,115,32,99,34,35,97,28,8,154,13,46,188,55,44,45,131,47,68,123,50,86,52,91,69,88,53,59,11,57,132,7,175,62,120,2,89,67,48,63,29,164,4,73,41,114,112,77,153,26,165,60,24,0,84,85,66,118,124,51,90,191,197,168,14,187,101,81,36,33,100,111,122,98,139,105,180,107,158,30,64,96,76,134,74,173,116,10,42,27,169,142,39,95,1,125,145,127,128,129,18,181,148,133,103,92,136,137,43,194,146,9,31,147,144,121,162,171,141,193,78,151,152,130,166,155,17,21,108,159,109,135,140,106,65,94,113,80,93,178,170,75,172,79,117,102,110,177,40,179,58,161,182,22,195,83,186,54,119,72,71,56,5,149,19,184,70,104,143,160,];False
6997;7998;14995;[198,174,190,25,189,87,6,61,38,199,163,49,12,185,64,15,16,156,82,196,192,150,20,23,176,3,157,183,37,138,126,115,32,99,34,35,132,28,8,154,13,46,188,55,44,45,131,47,68,123,50,86,52,91,69,88,53,59,11,57,97,7,175,62,120,2,89,67,48,63,29,164,4,73,41,114,112,77,153,26,165,60,24,0,84,85,66,118,124,51,90,191,197,168,14,187,101,81,36,33,100,111,122,98,139,105,180,107,158,30,167,96,76,134,74,173,116,10,42,27,169,142,39,95,1,125,145,127,128,129,18,181,148,133,103,92,136,137,43,194,146,9,31,147,144,121,162,171,141,193,78,151,152,130,113,155,17,21,108,159,109,135,140,106,65,94,166,80,93,178,170,75,172,79,117,102,110,177,40,179,58,161,182,22,195,83,186,54,119,72,71,56,5,149,19,184,70,104,143,160,];False
7050;7943;14993;[198,174,190,32,189,87,6,33,38,163,199,49,12,185,167,15,16,156,147,196,192,150,20,23,176,3,157,183,37,138,126,115,25,99,34,35,152,28,8,154,13,46,188,55,44,45,131,47,68,123,50,86,52,91,69,88,53,59,11,57,132,7,175,62,120,2,89,67,48,63,29,164,4,73,41,114,112,165,153,26,77,60,24,0,84,85,66,118,124,51,90,191,197,168,14,187,101,81,36,61,100,111,122,98,139,105,180,107,158,30,64,96,76,134,74,173,116,10,42,27,169,142,39,95,1,125,145,127,128,129,18,181,148,133,103,92,136,137,43,194,146,9,31,82,144,121,162,171,141,193,78,151,97,130,113,155,17,21,108,159,109,135,140,106,65,94,166,80,93,178,170,75,172,79,117,102,110,177,40,179,58,161,182,22,195,83,186,54,119,72,71,56,5,149,19,184,70,104,143,160,];False
7044;7949;14993;[198,174,190,25,189,87,6,61,38,199,163,49,12,185,167,15,16,156,82,196,192,150,20,23,176,3,157,183,37,138,126,115,32,99,34,35,132,28,8,154,41,46,188,55,44,45,131,47,68,123,50,86,52,91,69,88,53,59,11,57,97,7,175,62,120,2,89,67,48,63,29,164,4,73,13,114,112,77,153,26,165,60,24,0,84,85,66,118,124,51,90,191,197,168,14,187,101,81,36,33,100,111,122,98,139,105,180,107,158,30,64,96,76,134,74,173,116,10,42,27,169,142,39,95,1,125,145,127,128,129,18,181,148,133,103,92,136,137,43,194,146,9,31,147,144,121,162,171,141,193,78,151,152,130,113,155,17,21,108,159,109,135,140,106,65,94,166,80,93,178,170,75,172,79,117,102,110,177,40,179,58,161,182,22,195,83,186,54,119,72,71,56,5,149,19,184,70,104,143,160,];False
7084;7907;14991;[198,174,190,32,189,87,6,61,38,163,199,49,12,185,167,15,16,156,147,196,192,150,20,23,176,3,157,183,37,138,126,115,25,99,34,35,152,28,8,154,13,46,188,55,44,45,131,47,68,123,50,86,52,91,69,178,53,59,11,57,132,7,175,62,120,2,89,67,48,63,29,164,4,73,41,114,112,165,153,26,77,60,24,0,84,85,66,118,124,51,90,191,197,168,14,187,101,81,36,33,100,111,122,98,139,105,180,107,158,30,64,96,76,134,74,173,116,10,42,27,169,142,39,95,1,125,145,127,128,129,18,181,148,133,103,92,136,137,43,194,146,9,31,82,144,121,162,171,149,193,78,151,97,130,113,155,17,21,108,159,109,135,140,106,65,94,166,80,93,88,170,75,172,79,117,102,110,177,40,179,58,161,182,22,195,83,186,54,119,72,71,56,5,141,19,184,70,104,143,160,];False
7074;7917;14991;[198,174,190,32,189,87,6,61,38,163,199,49,12,185,167,15,16,156,147,196,192,150,20,23,176,3,157,183,37,138,126,115,25,99,34,35,152,28,8,154,13,46,188,55,44,45,131,47,68,123,50,86,52,91,69,153,53,59,11,57,132,7,175,62,120,2,89,67,48,63,29,164,4,73,41,114,112,165,88,26,77,60,24,0,84,85,66,118,124,51,90,191,197,168,14,187,101,81,36,33,100,111,122,98,139,105,180,107,158,30,64,96,76,134,74,173,116,10,42,27,169,142,39,95,1,125,145,127,128,129,18,181,148,133,103,92,136,137,43,194,146,9,31,82,144,121,162,171,141,193,78,151,97,130,113,155,17,21,108,159,109,135,140,106,65,94,166,80,93,178,170,75,172,79,117,102,110,177,40,179,58,161,182,22,195,83,186,54,119,72,71,56,5,149,19,184,70,104,143,160,];False
7054;7936;14990;[198,174,190,32,189,87,6,61,38,163,199,49,12,185,167,15,16,156,147,196,192,150,20,23,176,3,157,183,37,138,126,115,25,99,34,35,152,28,8,154,13,46,188,55,44,45,131,47,68,123,50,86,52,91,69,88,53,59,11,57,132,7,175,62,120,2,89,67,48,63,29,164,4,73,41,114,112,165,153,26,77,60,24,0,84,85,66,118,124,51,90,191,197,168,14,187,101,81,36,33,100,111,122,98,139,105,180,107,158,30,64,96,76,134,74,173,116,10,42,27,65,142,39,95,1,125,145,127,128,129,18,181,148,133,103,92,136,137,43,194,146,9,31,82,144,121,162,171,149,193,78,151,97,130,113,155,17,21,108,159,109,135,140,106,169,94,166,80,93,178,170,75,172,79,117,102,110,177,40,179,58,161,182,22,195,83,186,54,119,72,71,56,5,141,19,184,70,104,143,160,];False
7048;7942;14990;[198,174,119,32,189,87,6,61,38,163,199,49,12,185,167,15,16,156,147,196,192,150,20,23,176,3,157,183,37,138,126,115,25,99,34,35,152,28,8,154,13,46,188,55,44,45,131,47,68,123,50,86,52,91,69,88,53,59,11,57,132,7,175,62,120,2,89,67,48,63,29,164,4,73,41,114,112,165,153,26,77,60,24,0,84,85,66,118,124,51,90,191,197,168,14,187,101,81,36,33,100,111,122,98,139,105,180,107,158,30,64,96,76,134,74,173,116,10,42,27,169,142,39,95,1,125,145,127,128,129,18,181,148,133,103,92,136,137,43,194,146,9,31,82,144,121,162,171,149,193,78,151,97,130,113,155,17,21,108,159,109,135,140,106,65,94,166,80,93,178,170,75,172,79,117,102,110,177,40,179,58,161,182,22,195,83,186,54,190,72,71,56,5,141,19,184,70,104,143,160,];False
6992;7997;14989;[198,174,190,25,189,118,6,61,38,199,163,49,12,185,167,15,16,156,82,196,192,138,20,23,176,3,157,183,37,150,126,115,114,99,34,35,132,28,8,154,13,46,188,55,44,45,131,47,68,123,50,86,52,91,69,88,53,59,11,57,97,7,175,62,120,2,89,67,48,63,29,164,4,73,41,32,112,77,153,26,165,60,24,0,84,85,66,87,124,51,90,191,197,168,14,187,101,81,36,33,100,111,122,98,139,105,180,107,158,30,64,96,76,134,74,173,116,10,42,27,169,142,39,95,1,125,145,127,128,129,18,181,148,133,103,92,136,137,43,194,146,9,31,147,144,121,162,171,141,193,78,151,152,130,113,155,17,21,108,159,109,135,140,106,65,94,166,80,93,178,170,75,172,79,117,102,110,177,40,179,58,161,182,22,195,83,186,54,119,72,71,56,5,149,19,184,70,104,143,160,];False
7068;7919;14987;[198,174,190,32,189,87,6,61,38,163,199,49,12,185,167,15,16,156,147,196,192,150,20,23,176,3,157,183,37,138,126,115,25,99,34,35,152,28,8,154,13,46,188,55,44,45,131,47,68,123,50,86,52,91,10,88,53,59,11,57,132,7,175,62,120,2,89,67,48,63,29,164,4,73,41,114,112,165,153,26,77,60,24,0,84,85,66,118,124,51,90,191,197,168,14,187,101,81,36,33,100,111,122,98,139,105,180,107,158,30,64,96,76,134,74,173,116,69,42,27,169,142,39,95,1,125,145,127,128,129,18,181,148,133,103,92,136,137,43,194,146,9,31,82,144,121,162,171,149,193,78,151,97,130,113,155,17,21,108,159,109,135,140,106,65,94,166,80,93,178,170,75,172,79,117,102,110,177,40,179,58,161,182,22,195,83,186,54,119,72,71,56,5,141,19,184,70,104,143,160,];False
7043;7937;14980;[198,174,190,25,189,87,6,61,38,163,199,49,12,185,167,15,16,156,82,196,192,150,20,23,176,3,157,183,37,138,126,115,32,99,34,35,97,28,8,154,13,46,188,55,44,45,131,47,68,123,50,86,52,91,69,88,53,59,11,57,132,7,175,62,120,2,89,67,48,63,29,164,4,73,41,114,112,77,153,26,165,60,24,0,84,85,66,118,124,51,90,191,197,168,14,187,101,81,36,33,100,111,122,98,139,105,180,107,158,30,64,96,76,134,74,173,116,10,42,27,169,142,39,95,1,125,145,127,128,129,18,181,148,133,103,92,136,137,43,194,146,9,31,147,144,121,162,171,141,193,78,151,152,130,113,155,17,21,108,159,109,135,140,106,65,94,166,80,93,178,170,75,172,79,117,102,110,177,40,179,58,161,182,22,195,83,186,54,119,72,71,56,5,149,19,184,70,104,143,160,];False
7065;7914;14979;[198,174,190,32,189,87,80,61,38,163,199,49,12,185,167,15,16,156,147,196,192,150,20,23,176,3,157,183,37,138,126,115,25,99,34,35,152,28,8,154,13,46,188,55,44,45,131,47,68,123,50,86,52,91,69,88,53,59,11,57,132,7,175,62,120,2,89,67,48,63,29,164,4,73,41,114,112,165,153,26,77,60,24,0,84,85,66,118,124,51,90,191,197,168,14,187,101,81,36,33,100,111,122,98,139,105,180,107,158,30,64,96,76,134,74,173,116,10,42,27,169,142,39,95,1,125,145,127,128,129,18,181,148,133,103,92,136,137,43,194,146,9,31,82,144,121,162,171,149,193,78,151,97,130,113,155,17,21,108,159,109,135,140,106,65,94,166,6,93,178,170,75,172,79,117,102,110,177,40,179,58,161,182,22,195,83,186,54,119,72,71,56,5,141,19,184,70,104,143,160,];False
7027;7951;14978;[198,174,190,25,189,87,6,61,38,163,199,49,12,185,167,15,16,156,82,196,192,150,20,23,176,3,157,183,37,138,126,115,32,99,34,35,97,28,8,154,13,46,188,55,44,45,131,47,68,123,50,86,52,91,69,88,53,59,11,57,132,7,175,62,120,2,89,67,48,63,29,164,4,73,41,114,112,165,153,26,77,60,24,0,84,85,66,118,160,51,90,191,197,168,14,187,101,81,36,33,100,111,122,98,139,105,180,107,158,30,64,96,76,134,74,173,116,10,42,27,169,142,39,95,1,125,145,127,128,129,18,181,148,133,103,92,136,137,43,194,146,9,31,147,144,121,162,171,141,193,78,151,152,130,113,155,17,21,108,159,109,135,140,106,65,94,166,80,93,178,170,75,172,79,117,102,110,177,40,179,58,161,182,22,195,83,186,54,119,72,71,56,5,149,19,184,70,104,143,124,];False
7031;7945;14976;[198,174,190,32,189,87,6,61,38,163,199,49,12,185,167,15,16,156,147,196,192,150,20,23,176,3,157,183,37,138,126,115,25,99,34,35,152,28,8,154,13,46,188,55,44,45,131,47,68,123,50,86,48,91,69,88,53,59,11,57,132,7,175,62,120,2,89,67,52,63,29,164,4,73,41,114,112,165,153,26,77,60,24,0,84,85,66,118,124,51,90,191,197,168,14,187,101,81,36,33,100,111,122,98,139,105,180,107,158,30,64,96,76,134,74,173,116,10,42,27,169,142,39,95,1,125,145,127,128,129,18,181,148,133,103,92,136,137,43,194,146,9,31,82,144,121,162,171,149,193,78,151,97,130,113,155,17,21,108,159,109,135,140,106,65,94,166,80,93,178,170,75,172,79,117,102,110,177,40,179,58,161,182,22,195,83,186,54,119,72,71,56,5,141,19,184,70,104,143,160,];False
7040;7935;14975;[198,174,190,25,189,87,6,61,38,163,199,49,12,185,167,15,16,156,82,196,192,150,20,23,176,3,157,183,37,138,126,115,32,99,34,35,97,28,8,154,13,46,188,55,44,45,131,47,68,123,50,86,52,91,69,88,53,59,11,57,132,7,175,62,120,2,89,67,48,63,29,164,4,73,41,114,112,165,153,26,77,60,24,0,84,85,66,118,124,51,90,191,197,168,14,187,101,81,36,33,100,111,122,98,139,105,180,107,158,30,64,96,76,134,74,173,116,10,42,27,169,142,39,95,1,125,145,127,128,129,18,181,148,133,103,92,136,137,43,194,146,9,31,147,144,121,162,171,141,193,78,151,152,130,113,155,17,21,108,159,109,135,140,106,65,94,166,80,93,178,170,75,172,79,117,102,110,177,40,179,58,161,182,22,195,83,186,54,119,72,71,56,5,149,19,184,70,104,143,160,];False
7006;7966;14972;[198,174,190,25,189,118,6,61,38,199,163,49,12,185,167,15,16,156,82,196,192,150,20,23,176,3,157,183,37,138,126,115,32,99,34,35,132,28,8,154,13,46,188,55,44,45,131,47,68,123,50,86,52,91,69,88,53,59,11,57,97,7,175,62,120,2,89,67,48,63,29,164,4,73,41,114,112,77,153,26,165,60,24,0,84,85,66,87,124,51,90,191,197,168,14,187,101,81,36,33,100,111,122,98,139,105,180,107,158,30,64,96,76,134,74,173,19,10,42,27,169,142,39,95,1,125,145,127,128,129,18,181,148,133,103,92,136,137,43,194,146,9,31,147,144,121,162,171,141,193,78,151,152,130,113,155,17,21,108,159,109,135,140,106,65,94,166,80,93,178,170,75,172,79,117,102,110,177,40,179,58,161,182,22,195,83,186,54,119,72,71,56,5,149,116,184,70,104,143,160,];False
7016;7955;14971;[198,174,190,25,189,87,6,61,38,163,199,49,12,185,167,15,16,156,82,196,192,150,20,23,176,3,157,183,37,138,126,115,32,99,34,35,97,28,8,154,13,46,188,55,44,45,131,47,68,123,50,86,52,91,69,88,53,59,11,57,132,7,175,62,120,2,89,67,48,63,29,164,4,73,41,114,112,77,153,26,165,60,24,0,84,85,66,118,124,51,90,191,197,168,14,187,101,81,36,33,100,111,122,98,139,105,180,107,158,30,64,96,76,134,74,173,116,10,42,27,169,142,39,95,1,125,145,127,128,129,18,181,148,133,103,92,136,137,43,194,146,9,31,147,144,121,104,171,141,193,78,151,152,130,113,155,17,21,108,159,109,135,140,106,65,94,166,80,93,178,170,75,172,79,117,102,110,177,40,179,58,161,182,22,195,83,186,54,119,72,71,56,5,149,19,184,70,162,143,160,];False
7055;7915;14970;[198,174,190,32,189,87,6,61,38,163,199,49,12,185,167,15,16,156,147,196,192,150,20,23,176,3,157,183,37,138,126,115,25,99,34,35,152,28,8,154,13,46,188,55,44,45,131,47,68,123,50,86,52,91,69,88,53,59,11,57,132,7,175,62,120,2,89,67,48,63,29,164,4,73,41,114,112,165,153,26,77,60,24,0,84,134,66,118,124,51,90,191,197,168,14,187,101,81,36,33,100,111,122,98,139,105,180,107,158,30,64,96,76,85,74,173,116,10,42,27,169,142,39,95,1,125,145,127,128,129,18,181,148,133,103,92,136,137,43,194,146,9,31,82,144,121,162,171,149,193,78,151,97,130,113,155,17,21,108,159,109,135,140,106,65,94,166,80,93,178,170,75,172,79,117,102,110,177,40,179,58,161,182,22,195,83,186,54,119,72,71,56,5,141,19,184,70,104,143,160,];False
7013;7956;14969;[198,174,190,25,189,118,6,61,38,199,163,49,12,185,167,15,16,156,82,196,192,138,20,23,176,3,157,183,37,150,126,115,32,99,34,35,132,28,8,154,13,46,188,55,44,45,131,47,68,123,50,86,52,91,69,88,53,59,11,57,97,7,175,62,120,2,89,67,48,63,29,164,4,73,41,114,112,77,153,26,165,60,24,0,84,85,66,87,124,51,90,191,197,168,14,187,101,81,36,33,100,111,122,98,139,105,180,107,158,30,64,96,76,134,74,173,116,10,42,27,169,142,117,95,1,125,145,127,128,129,18,181,148,133,103,92,136,137,43,194,146,9,31,147,144,121,162,171,141,193,78,151,152,130,113,155,17,21,108,159,109,135,140,106,65,94,166,80,93,178,170,75,172,79,39,102,110,177,40,179,58,161,182,22,195,83,186,54,119,72,71,56,5,149,19,184,70,104,143,160,];False
7054;7914;14968;[198,174,190,32,189,87,6,61,38,163,199,49,12,185,167,15,16,156,147,196,192,150,20,23,176,3,157,183,37,138,126,115,25,99,34,35,152,28,8,154,13,46,188,55,44,45,131,47,68,123,50,86,52,91,69,88,53,59,11,57,132,7,175,62,120,2,89,67,48,63,29,164,4,73,41,114,112,165,153,26,77,60,24,0,84,85,66,118,124,51,90,191,197,168,14,187,101,81,36,33,100,111,122,98,139,105,180,107,158,30,64,96,76,134,74,173,116,10,42,27,169,142,39,95,1,125,145,127,128,129,18,181,148,133,103,92,136,137,43,194,146,9,31,82,144,121,162,130,141,193,78,151,97,171,113,155,17,21,108,159,109,135,140,106,65,94,166,80,93,178,170,75,172,79,117,102,110,177,40,179,58,161,182,22,195,83,186,54,119,72,71,56,5,149,19,184,70,104,143,160,];False
6986;7976;14962;[198,174,190,32,189,87,6,61,38,163,199,49,12,185,167,15,16,156,147,196,192,150,20,23,176,3,157,183,37,138,126,115,25,99,34,35,152,28,8,154,13,46,188,55,44,45,131,47,68,123,50,86,52,91,69,88,53,59,11,57,132,7,175,62,120,2,89,67,48,63,29,164,4,73,41,114,112,165,153,26,77,60,24,0,84,85,66,118,124,51,90,191,197,168,14,187,101,81,36,33,100,111,122,98,139,105,180,107,158,30,64,96,76,134,74,173,116,10,70,27,169,142,39,95,1,125,145,127,128,129,18,181,148,133,103,92,136,137,43,194,146,9,31,82,144,121,162,171,149,193,78,151,97,130,113,155,17,21,108,159,109,135,140,106,65,94,166,80,93,178,170,75,172,79,117,102,110,177,40,179,58,161,182,22,195,83,186,54,119,72,71,56,5,141,19,184,42,104,143,160,];False
6927;8035;14962;[198,174,190,25,189,87,6,61,38,199,163,49,12,185,167,15,16,156,181,196,192,150,20,23,176,3,157,183,37,138,126,115,32,99,34,35,97,28,8,154,13,46,188,55,44,45,131,47,68,123,50,86,52,91,69,88,53,59,11,57,132,7,175,62,120,2,89,67,48,63,29,164,4,73,41,114,112,77,153,26,165,60,24,0,84,85,66,118,124,51,90,191,197,168,14,187,101,81,36,33,100,111,122,98,139,105,180,107,158,30,64,96,76,134,74,173,116,10,42,27,169,142,39,95,1,125,145,127,128,129,18,82,148,133,103,92,136,137,43,194,146,9,31,147,144,121,162,171,141,193,78,151,152,130,113,155,17,21,108,159,109,135,140,106,65,94,166,80,93,178,170,75,172,79,117,102,110,177,40,179,58,161,182,22,195,83,186,54,119,72,71,56,5,149,19,184,70,104,143,160,];False
7057;7903;14960;[198,174,190,32,189,87,6,61,38,163,199,49,12,185,167,15,16,156,147,196,192,150,20,23,176,3,157,183,37,138,126,115,25,99,34,35,152,28,8,154,13,46,188,55,44,45,131,47,68,123,50,86,52,91,69,88,53,59,11,57,132,7,175,62,120,2,89,67,48,63,29,164,4,73,41,114,112,165,153,26,77,60,24,0,84,85,66,145,124,51,90,191,197,168,14,187,101,81,36,33,100,111,122,98,139,105,180,107,158,30,64,96,76,134,74,173,116,10,42,27,169,142,39,95,1,125,118,127,128,129,18,181,148,133,103,92,136,137,43,194,146,9,31,82,144,121,162,171,149,193,78,151,97,130,113,155,17,21,108,159,109,135,140,106,65,94,166,80,93,178,170,75,172,79,117,102,110,177,40,179,58,161,182,22,195,83,186,54,119,72,71,56,5,141,19,184,70,104,143,160,];False
7013;7945;14958;[198,174,190,25,189,87,6,61,38,199,163,49,12,185,167,15,16,156,82,196,192,150,20,23,176,3,157,183,37,138,126,115,32,99,34,35,132,28,8,154,13,46,188,55,44,45,131,47,68,123,50,86,52,91,69,88,53,59,11,57,97,7,175,62,120,2,89,67,48,63,29,164,4,73,41,114,112,77,153,26,165,60,24,0,84,85,66,118,124,51,90,191,197,168,14,187,101,81,36,33,100,111,122,98,139,105,180,107,158,30,64,96,76,134,74,173,116,10,42,27,169,142,39,95,1,125,145,127,128,129,18,181,148,133,103,92,136,137,43,194,146,9,31,147,144,121,162,171,141,193,78,151,152,130,113,155,17,21,108,159,109,135,140,106,65,94,166,80,93,178,170,75,172,79,117,102,110,177,40,179,58,161,182,22,195,83,186,54,119,72,71,56,5,149,19,184,70,104,143,160,];False
7003;7955;14958;[198,174,190,25,189,118,6,61,38,199,163,49,12,185,167,15,16,156,82,196,192,138,20,23,176,3,157,183,37,150,126,115,32,99,34,35,132,28,8,154,13,46,188,55,44,45,131,47,68,123,50,86,52,91,69,88,53,59,11,57,97,7,175,62,120,2,89,67,48,63,29,164,4,73,41,114,112,77,153,26,165,60,24,0,84,85,66,87,124,51,90,191,197,168,14,187,101,81,36,33,100,111,122,98,139,105,180,107,158,30,64,96,76,134,74,173,116,10,42,27,169,142,39,95,1,125,145,127,128,129,18,181,148,133,103,92,136,137,43,194,146,9,31,147,144,121,162,171,141,193,78,151,152,130,113,155,17,21,108,159,109,135,140,106,65,94,166,80,93,178,170,75,172,79,117,102,110,177,40,179,58,161,182,22,195,83,186,54,119,72,71,56,5,149,19,184,70,104,143,160,];False
7025;7931;14956;[198,174,190,32,189,87,6,61,38,163,199,49,12,185,167,15,16,156,147,196,192,150,20,23,176,3,157,183,37,138,126,115,25,99,34,35,152,28,8,154,13,46,188,55,44,45,131,47,68,123,50,86,52,91,69,88,53,59,11,57,132,7,175,62,120,2,89,67,48,63,29,164,4,73,41,114,112,165,153,26,77,60,24,0,84,85,66,118,124,51,90,191,197,168,14,187,101,81,36,80,100,111,122,98,139,105,180,107,158,30,64,96,76,134,74,173,116,10,42,27,169,142,39,95,1,125,145,127,128,129,18,181,148,133,103,92,136,137,43,194,146,9,31,82,144,121,162,171,141,193,78,151,97,130,113,155,17,21,108,159,109,135,140,106,65,94,166,33,93,178,170,75,172,79,117,102,110,177,40,179,58,161,182,22,195,83,186,54,119,72,71,56,5,149,19,184,70,104,143,160,];False
7045;7910;14955;[198,174,190,32,189,87,6,61,38,163,199,49,12,185,167,15,16,156,147,196,192,150,20,23,176,3,157,183,37,138,126,115,25,99,34,35,152,28,8,154,13,46,188,55,44,45,131,47,68,123,50,86,52,91,69,88,53,59,11,57,132,7,175,62,120,2,89,67,48,63,29,164,4,73,41,114,112,165,153,26,77,60,24,0,84,85,66,118,124,51,90,191,197,168,82,187,101,81,36,33,100,111,122,98,139,105,180,107,158,30,64,96,76,134,74,173,116,10,42,27,169,142,39,95,1,125,145,127,128,129,18,181,148,133,103,92,136,137,43,194,146,9,31,14,144,121,162,171,141,193,78,151,97,130,113,155,17,21,108,159,109,135,140,106,65,94,166,80,93,178,170,75,172,79,117,102,110,177,40,179,58,161,182,22,195,83,186,54,119,72,71,56,5,149,19,184,70,104,143,160,];False
7020;7934;14954;[198,174,190,32,189,87,6,61,38,163,199,49,12,185,167,15,16,156,147,196,192,150,0,23,176,3,157,183,37,138,126,115,25,99,34,35,152,28,8,154,13,46,188,55,44,45,131,47,68,123,50,86,52,91,69,88,53,59,11,57,132,7,175,62,120,2,89,67,48,63,29,164,4,73,41,114,112,165,153,26,77,60,24,20,84,85,66,118,124,51,90,191,197,168,14,187,101,81,36,33,100,111,122,98,139,105,180,107,158,30,64,96,76,134,74,173,116,10,42,27,169,142,39,95,1,125,145,127,128,129,18,181,148,133,103,92,136,137,43,194,146,9,31,82,144,121,162,171,149,193,78,151,97,130,113,155,17,21,108,159,109,135,140,106,65,94,166,80,93,178,170,75,172,79,117,102,110,177,40,179,58,161,182,22,195,83,186,54,119,72,71,56,5,141,19,184,70,104,143,160,];False
7005;7949;14954;[198,174,190,25,189,87,6,61,38,163,199,49,12,185,167,15,16,156,82,196,192,150,20,23,176,3,157,183,37,138,126,115,32,99,34,35,97,28,8,154,13,46,188,55,44,45,131,47,68,123,50,86,52,91,69,88,53,59,11,57,132,7,175,62,120,2,89,67,48,63,29,164,4,73,41,114,112,77,153,26,165,60,24,0,84,85,66,118,124,51,90,191,197,168,14,187,101,81,36,33,100,111,122,98,139,105,180,107,158,30,64,96,76,134,74,173,116,10,42,27,169,142,39,95,1,125,145,75,128,129,18,181,148,133,103,92,136,137,43,194,146,9,31,147,144,121,162,171,141,193,78,151,152,130,113,155,17,21,108,159,109,135,140,106,65,94,166,80,93,178,170,127,172,79,117,102,110,177,40,179,58,161,182,22,195,83,186,54,119,72,71,56,5,149,19,184,70,104,143,160,];False
7038;7915;14953;[198,174,190,32,189,87,6,61,38,163,199,49,12,185,167,15,16,156,147,196,192,150,20,23,176,3,157,183,37,138,126,115,25,99,34,35,152,28,8,154,13,46,188,55,44,45,131,47,68,123,50,86,52,91,69,88,53,59,11,57,132,7,175,62,120,2,89,67,48,63,29,164,4,73,41,114,112,165,153,26,77,60,24,0,84,85,66,118,124,51,90,191,197,168,14,187,101,81,36,33,100,111,122,98,139,105,180,107,158,30,64,96,76,134,74,173,116,10,42,27,169,142,39,95,113,125,145,127,128,129,18,181,148,133,103,92,136,137,43,194,146,9,31,82,144,121,162,171,149,193,78,151,97,130,1,155,17,21,108,159,109,135,140,106,65,94,166,80,93,178,170,75,172,79,117,102,110,177,40,179,58,161,182,22,195,83,186,54,119,72,71,56,5,141,19,184,70,104,143,160,];False
6996;7954;14950;[198,174,190,32,189,87,6,61,38,163,199,49,12,185,167,15,16,156,147,196,192,150,20,23,176,3,157,183,37,138,126,115,25,89,34,35,152,28,8,154,13,46,188,55,44,45,131,47,68,123,50,86,52,91,69,88,53,59,11,57,132,7,175,62,120,2,99,67,48,63,29,164,4,73,41,114,112,165,153,26,77,60,24,0,84,85,66,118,124,51,90,191,197,168,14,187,101,81,36,33,100,111,122,98,139,105,180,107,158,30,64,96,76,134,74,173,116,10,42,27,169,142,39,95,1,125,145,127,128,129,18,181,148,133,103,92,136,137,43,194,146,9,31,82,144,121,162,171,141,193,78,151,97,130,113,155,17,21,108,159,109,135,140,106,65,94,166,80,93,178,170,75,172,79,117,102,110,177,40,179,58,161,182,22,195,83,186,54,119,72,71,56,5,149,19,184,70,104,143,160,];False
6925;8025;14950;[198,174,190,25,189,118,6,61,38,199,163,49,12,185,167,15,16,156,82,196,192,150,20,23,176,3,157,183,37,138,126,115,32,99,34,35,132,28,8,154,13,46,188,55,44,45,131,47,68,123,50,86,52,91,69,88,53,59,11,57,97,7,175,62,120,2,89,67,48,63,29,164,4,73,41,114,112,77,153,26,165,60,24,0,84,85,66,87,124,51,90,191,197,168,14,187,101,81,36,33,100,111,121,98,139,105,180,107,158,30,64,96,76,134,74,173,116,10,42,27,169,142,39,95,1,125,145,127,128,129,18,181,148,133,103,92,136,137,43,194,146,9,31,147,144,122,162,171,141,193,78,151,152,130,113,155,17,21,108,159,109,135,140,106,65,94,166,80,93,178,170,75,172,79,117,102,110,177,40,179,58,161,182,22,195,83,186,54,119,72,71,56,5,149,19,184,70,104,143,160,];False
7001;7948;14949;[198,174,190,32,189,87,6,61,38,163,199,49,12,185,167,15,16,156,147,196,192,150,20,23,176,3,157,183,37,138,126,115,25,99,34,35,152,28,8,154,13,46,188,55,44,45,131,47,68,123,50,86,52,91,69,88,53,59,11,57,132,7,175,62,120,2,89,67,48,63,29,164,4,73,41,114,112,165,153,26,77,60,24,0,84,85,179,118,124,51,90,191,197,168,14,187,101,81,36,33,100,111,122,98,139,105,180,107,158,30,64,96,76,134,74,173,116,10,42,27,169,142,39,95,1,125,145,127,128,129,18,181,148,133,103,92,136,137,43,194,146,9,31,82,144,121,162,171,149,193,78,151,97,130,113,155,17,21,108,159,109,135,140,106,65,94,166,80,93,178,170,75,172,79,117,102,110,177,40,66,58,161,182,22,195,83,186,54,119,72,71,56,5,141,19,184,70,104,143,160,];False
7011;7937;14948;[198,174,190,25,189,26,6,61,38,163,199,49,12,185,167,15,16,156,82,196,192,150,20,23,176,3,157,183,37,138,126,115,32,99,34,35,97,28,8,154,13,46,188,55,44,45,131,47,68,123,50,86,52,91,69,88,53,59,11,57,132,7,175,62,120,2,89,67,48,63,29,164,4,73,41,114,112,165,153,87,77,60,24,0,84,85,66,118,124,51,90,191,197,168,14,187,101,81,36,33,100,111,122,98,139,105,180,107,158,30,64,96,76,134,74,173,116,10,42,27,169,142,39,95,1,125,145,127,128,129,18,181,148,133,103,92,136,137,43,194,146,9,31,147,144,121,162,171,141,193,78,151,152,130,113,155,17,21,108,159,109,135,140,106,65,94,166,80,93,178,170,75,172,79,117,102,110,177,40,179,58,161,182,22,195,83,186,54,119,72,71,56,5,149,19,184,70,104,143,160,];False
6997;7949;14946;[198,174,190,25,189,87,6,61,38,163,199,49,12,185,167,15,16,156,82,196,192,150,20,23,176,3,157,183,37,138,126,115,32,99,34,35,97,28,8,154,13,46,188,55,44,45,131,47,68,123,50,86,52,91,69,88,53,59,11,57,132,7,175,62,120,2,89,67,48,63,29,164,4,73,41,114,112,77,153,26,165,60,24,0,84,85,66,118,124,51,90,191,197,168,14,187,101,81,36,33,100,111,122,98,139,105,180,107,158,30,64,96,76,134,74,173,116,10,42,27,169,142,128,95,1,125,145,127,39,129,18,181,148,133,103,92,136,137,43,194,146,9,31,147,144,121,162,171,141,193,78,151,152,130,113,155,17,21,108,159,109,135,140,106,65,94,166,80,93,178,170,75,172,79,117,102,110,177,40,179,58,161,182,22,195,83,186,54,119,72,71,56,5,149,19,184,70,104,143,160,];False
6980;7962;14942;[198,174,190,25,189,87,6,61,38,163,199,49,12,185,167,15,16,156,82,196,192,150,20,23,176,3,157,183,37,138,126,115,32,99,34,35,97,28,8,154,13,46,188,55,44,45,131,47,68,123,50,86,52,91,69,88,53,59,11,57,132,7,175,62,120,2,89,67,48,63,29,164,4,73,41,114,112,77,153,26,165,60,24,0,84,85,66,118,124,51,90,191,197,168,14,187,101,81,36,33,100,111,122,98,139,105,180,162,158,30,64,96,76,134,74,173,116,10,42,27,169,142,39,95,1,125,145,127,128,129,18,181,148,133,103,92,136,137,43,194,146,9,31,147,144,121,107,171,141,193,78,151,152,130,113,155,17,21,108,159,109,135,140,106,65,94,166,80,93,178,170,75,172,79,117,102,110,177,40,179,58,161,182,22,195,83,186,54,119,72,71,56,5,149,19,184,70,104,143,160,];False
6982;7958;14940;[198,174,190,32,189,87,6,61,38,163,199,49,12,185,167,15,16,156,147,196,192,150,20,23,176,3,157,183,37,138,126,115,25,99,34,35,152,28,8,154,13,46,188,55,44,45,131,47,68,123,50,86,52,91,69,88,53,59,11,57,132,7,175,62,120,2,89,67,48,63,29,164,4,73,41,114,112,165,153,26,77,60,24,0,84,85,66,118,124,51,90,191,197,168,14,187,101,81,36,33,100,111,122,98,139,105,180,107,158,30,64,96,76,134,74,173,116,10,1,27,169,142,39,95,42,125,145,127,128,129,18,181,148,133,103,92,136,137,43,194,146,9,31,82,144,121,162,171,149,193,78,151,97,130,113,155,17,21,108,159,109,135,140,106,65,94,166,80,93,178,170,75,172,79,117,102,110,177,40,179,58,161,182,22,195,83,186,54,119,72,71,56,5,141,19,184,70,104,143,160,];False
7030;7908;14938;[198,174,190,32,189,87,6,61,38,163,199,49,12,185,167,15,16,156,147,196,192,1,20,23,176,3,157,183,37,138,126,115,25,99,34,35,152,28,8,154,13,46,188,55,44,45,131,47,68,123,50,86,52,91,69,88,53,59,11,57,132,7,175,62,120,2,89,67,48,63,29,164,4,73,41,114,112,165,153,26,77,60,24,0,84,85,66,118,124,51,90,191,197,168,14,187,101,81,36,33,100,111,122,98,139,105,180,107,158,30,64,96,76,134,74,173,116,10,42,27,169,142,39,95,150,125,145,127,128,129,18,181,148,133,103,92,136,137,43,194,146,9,31,82,144,121,162,171,149,193,78,151,97,130,113,155,17,21,108,159,109,135,140,106,65,94,166,80,93,178,170,75,172,79,117,102,110,177,40,179,58,161,182,22,195,83,186,54,119,72,71,56,5,141,19,184,70,104,143,160,];False
6995;7942;14937;[198,174,190,32,189,87,6,61,38,163,199,49,12,185,167,15,16,156,147,196,192,150,20,23,176,3,157,183,37,138,126,115,25,99,34,35,152,28,8,154,13,46,188,55,44,45,131,47,68,123,50,86,52,91,69,88,53,59,11,57,132,7,175,62,120,2,89,67,48,63,29,164,193,73,41,114,112,165,153,26,77,60,24,0,84,85,66,118,124,51,90,191,197,168,14,187,101,81,36,33,100,111,122,98,139,105,180,107,158,30,64,96,76,134,74,173,116,10,42,27,169,142,39,95,1,125,145,127,128,129,18,181,148,133,103,92,136,137,43,194,146,9,31,82,144,121,162,171,149,4,78,151,97,130,113,155,17,21,108,159,109,135,140,106,65,94,166,80,93,178,170,75,172,79,117,102,110,177,40,179,58,161,182,22,195,83,186,54,119,72,71,56,5,141,19,184,70,104,143,160,];False
6973;7962;14935;[198,174,190,32,189,87,6,61,38,163,199,188,12,185,167,15,16,156,147,196,192,150,20,23,176,3,157,183,37,138,126,115,25,99,34,35,152,28,8,154,13,46,49,55,44,45,131,47,68,123,50,86,52,91,69,88,53,59,11,57,132,7,175,62,120,2,89,67,48,63,29,164,4,73,41,114,112,165,153,26,77,60,24,0,84,85,66,118,124,51,90,191,197,168,14,187,101,81,36,33,100,111,122,98,139,105,180,107,158,30,64,96,76,134,74,173,116,10,42,27,169,142,39,95,1,125,145,127,128,129,18,181,148,133,103,92,136,137,43,194,146,9,31,82,144,121,162,171,149,193,78,151,97,130,113,155,17,21,108,159,109,135,140,106,65,94,166,80,93,178,170,75,172,79,117,102,110,177,40,179,58,161,182,22,195,83,186,54,119,72,71,56,5,141,19,184,70,104,143,160,];False
7031;7902;14933;[198,174,190,32,189,87,6,61,38,163,199,49,12,185,167,15,16,156,147,196,192,150,20,23,176,3,157,183,37,138,126,115,25,99,34,35,152,28,8,154,13,46,188,55,44,45,131,47,68,123,50,86,52,91,69,88,53,59,11,57,132,7,175,62,120,2,89,67,48,63,29,164,4,73,41,114,112,165,153,26,77,60,24,0,84,85,66,118,124,51,90,191,197,168,14,187,101,81,36,33,100,111,122,98,139,105,180,107,158,30,64,96,76,134,74,173,116,10,42,27,169,142,39,95,1,125,145,127,128,129,18,181,148,133,103,92,136,137,43,194,146,9,31,82,144,121,162,141,171,193,78,151,97,130,113,155,17,21,108,159,109,135,140,106,65,94,166,80,93,178,170,75,172,79,117,102,110,177,40,179,58,161,182,22,195,83,186,54,119,72,71,56,5,149,19,184,70,104,143,160,];False
7020;7912;14932;[198,174,190,32,189,87,6,61,38,163,199,49,12,185,167,15,16,156,147,196,192,150,20,23,176,3,157,183,37,138,126,115,25,99,34,35,152,28,8,154,13,46,188,55,44,45,131,47,68,123,50,86,52,7,69,88,53,59,11,57,132,91,175,62,120,2,89,67,48,63,29,164,4,73,41,114,112,165,153,26,77,60,24,0,84,85,66,118,124,51,90,191,197,168,14,187,101,81,36,33,100,111,122,98,139,105,180,107,158,30,64,96,76,134,74,173,116,10,42,27,169,142,39,95,1,125,145,127,128,129,18,181,148,133,103,92,136,137,43,194,146,9,31,82,144,121,162,171,141,193,78,151,97,130,113,155,17,21,108,159,109,135,140,106,65,94,166,80,93,178,170,75,172,79,117,102,110,177,40,179,58,161,182,22,195,83,186,54,119,72,71,56,5,149,19,184,70,104,143,160,];False
6938;7992;14930;[198,174,190,25,189,87,6,61,38,199,163,49,12,185,167,15,16,156,82,196,192,150,20,23,176,3,157,183,37,138,126,115,32,145,34,35,97,28,8,154,13,46,188,55,44,45,131,47,68,123,50,86,52,91,69,88,53,59,11,57,132,7,175,62,120,2,89,67,48,63,29,164,4,73,41,114,112,77,153,26,165,60,24,0,84,85,66,118,124,51,90,191,197,168,14,187,101,81,36,33,100,111,122,98,139,105,180,107,158,30,64,96,76,134,74,173,116,10,42,27,169,142,39,95,1,125,99,127,128,129,18,181,148,133,103,92,136,137,43,194,146,9,31,147,144,121,162,171,141,193,78,151,152,130,113,155,17,21,108,159,109,135,140,106,65,94,166,80,93,178,170,75,172,79,117,102,110,177,40,179,58,161,182,22,195,83,186,54,119,72,71,56,5,149,19,184,70,104,143,160,];False
6957;7973;14930;[198,174,190,32,189,87,6,61,38,163,199,49,12,185,167,15,16,156,147,196,192,150,20,23,176,3,157,183,37,138,126,115,25,99,34,35,152,28,8,154,13,46,188,55,44,45,131,47,68,123,50,86,52,91,69,88,53,59,11,57,132,7,175,62,120,2,89,67,48,63,29,164,4,73,41,114,112,165,153,17,77,60,24,0,84,85,66,118,124,51,90,191,197,168,14,187,101,81,36,33,100,111,122,98,139,105,180,107,158,30,64,96,76,134,74,173,116,10,42,27,169,142,39,95,1,125,145,127,128,129,18,181,148,133,103,92,136,137,43,194,146,9,31,82,144,121,162,171,149,193,78,151,97,130,113,155,26,21,108,159,109,135,140,106,65,94,166,80,93,178,170,75,172,79,117,102,110,177,40,179,58,161,182,22,195,83,186,54,119,72,71,56,5,141,19,184,70,104,143,160,];False
6955;7975;14930;[198,174,190,25,189,118,6,61,38,199,163,49,12,185,167,15,16,156,82,196,192,138,20,23,176,3,157,183,37,150,126,115,32,99,34,90,132,28,8,154,13,46,188,55,44,45,131,47,68,123,50,86,52,91,69,88,53,59,11,57,97,7,175,62,120,2,89,67,48,63,29,164,4,73,41,114,112,77,153,26,165,60,24,0,84,85,66,87,124,51,35,191,197,168,14,187,101,81,36,33,100,111,122,98,139,105,180,107,158,30,64,96,76,134,74,173,116,10,42,27,169,142,39,95,1,125,145,127,128,129,18,181,148,133,103,92,136,137,43,194,146,9,31,147,144,121,162,171,141,193,78,151,152,130,113,155,17,21,108,159,109,135,140,106,65,94,166,80,93,178,170,75,172,79,117,102,110,177,40,179,58,161,182,22,195,83,186,54,119,72,71,56,5,149,19,184,70,104,143,160,];False
7007;7921;14928;[198,174,190,81,189,87,6,61,38,163,199,49,12,185,167,15,16,156,147,196,192,150,20,23,176,3,157,183,37,138,126,115,25,99,34,35,152,28,8,154,13,46,188,55,44,45,131,47,68,123,50,86,52,91,69,88,53,59,11,57,132,7,175,62,120,2,89,67,48,63,29,164,4,73,41,114,112,165,153,26,77,60,24,0,84,85,66,118,124,51,90,191,197,168,14,187,101,32,36,33,100,111,122,98,139,105,180,107,158,30,64,96,76,134,74,173,116,10,42,27,169,142,39,95,1,125,145,127,128,129,18,181,148,133,103,92,136,137,43,194,146,9,31,82,144,121,162,171,149,193,78,151,97,130,113,155,17,21,108,159,109,135,140,106,65,94,166,80,93,178,170,75,172,79,117,102,110,177,40,179,58,161,182,22,195,83,186,54,119,72,71,56,5,141,19,184,70,104,143,160,];False
6983;7944;14927;[198,174,190,32,189,87,6,61,38,163,199,49,12,185,167,15,16,156,147,196,192,150,20,23,176,3,157,183,37,138,126,115,25,99,34,35,152,28,8,154,13,46,188,55,44,45,131,47,68,123,50,86,52,91,69,88,53,59,11,57,132,7,175,62,120,2,89,67,48,63,29,164,4,73,41,114,112,165,153,26,77,60,24,0,84,85,66,118,124,51,90,191,197,168,14,187,101,81,36,33,100,111,122,98,139,105,180,107,158,30,64,96,76,134,74,173,116,10,42,27,169,142,39,95,1,125,145,127,128,129,18,181,148,133,103,92,136,137,43,194,146,9,31,82,144,121,162,171,141,193,78,151,97,130,113,155,17,21,108,159,109,135,140,106,65,94,79,80,93,178,170,75,172,166,117,102,110,177,40,179,58,161,182,22,195,83,186,54,119,72,71,56,5,149,19,184,70,104,143,160,];False
6995;7930;14925;[198,174,190,32,189,87,183,61,38,163,199,49,12,185,167,15,16,156,147,196,192,150,20,23,176,3,157,6,37,138,126,115,25,99,34,35,152,28,8,154,13,46,188,55,44,45,131,47,68,123,50,86,52,91,69,88,53,59,11,57,132,7,175,62,120,2,89,67,48,63,29,164,4,73,41,114,112,165,153,26,77,60,24,0,84,85,66,118,124,51,90,191,197,168,14,187,101,81,36,33,100,111,122,98,139,105,180,107,158,30,64,96,76,134,74,173,116,10,42,27,169,142,39,95,1,125,145,127,128,129,18,181,148,133,103,92,136,137,43,194,146,9,31,82,144,121,162,171,149,193,78,151,97,130,113,155,17,21,108,159,109,135,140,106,65,94,166,80,93,178,170,75,172,79,117,102,110,177,40,179,58,161,182,22,195,83,186,54,119,72,71,56,5,141,19,184,70,104,143,160,];False
7013;7912;14925;[198,174,190,32,189,87,6,61,38,163,199,49,12,185,132,15,16,156,147,196,192,150,20,23,176,3,157,183,37,138,126,115,25,99,34,35,152,28,8,154,13,46,188,55,44,45,131,47,68,123,50,86,52,91,69,88,53,59,11,57,167,7,175,62,120,2,89,67,48,63,29,164,4,73,41,114,112,165,153,26,77,60,24,0,84,85,66,118,124,51,90,191,197,168,14,187,101,81,36,33,100,111,122,98,139,105,180,107,158,30,64,96,76,134,74,173,116,10,42,27,169,142,39,95,1,125,145,127,128,129,18,181,148,133,103,92,136,137,43,194,146,9,31,82,144,121,162,171,149,193,78,151,97,130,113,155,17,21,108,159,109,135,140,106,65,94,166,80,93,178,170,75,172,79,117,102,110,177,40,179,58,161,182,22,195,83,186,54,119,72,71,56,5,141,19,184,70,104,143,160,];False
7004;7920;14924;[198,174,190,32,189,87,6,61,38,163,199,49,12,185,167,15,16,156,147,196,192,150,20,23,176,3,157,183,37,138,126,115,25,99,34,35,152,28,8,154,13,46,188,55,44,45,131,47,68,123,50,86,52,91,69,88,53,59,11,57,132,7,175,62,120,2,89,67,48,63,29,164,4,73,41,114,112,165,193,26,77,60,24,0,84,85,66,118,124,51,90,191,197,168,14,187,101,81,36,33,100,111,122,98,139,105,180,107,158,30,64,96,76,134,74,173,116,10,42,27,169,142,39,95,1,125,145,127,128,129,18,181,148,133,103,92,136,137,43,194,146,9,31,82,144,121,162,171,149,153,78,151,97,130,113,155,17,21,108,159,109,135,140,106,65,94,166,80,93,178,170,75,172,79,117,102,110,177,40,179,58,161,182,22,195,83,186,54,119,72,71,56,5,141,19,184,70,104,143,160,];False
6999;7925;14924;[198,174,190,32,189,87,6,61,38,163,199,49,12,185,167,15,16,156,147,196,192,150,20,23,176,3,157,183,37,138,126,115,25,99,34,35,152,28,8,154,13,46,188,55,44,45,131,47,67,123,50,86,52,91,69,88,53,59,11,57,132,7,175,62,120,2,89,68,48,63,29,164,4,73,41,114,112,165,153,26,77,60,24,0,84,85,66,118,124,51,90,191,197,168,14,187,101,81,36,33,100,111,122,98,139,105,180,107,158,30,64,96,76,134,74,173,116,10,42,27,169,142,39,95,1,125,145,127,128,129,18,181,148,133,103,92,136,137,43,194,146,9,31,82,144,121,162,171,149,193,78,151,97,130,113,155,17,21,108,159,109,135,140,106,65,94,166,80,93,178,170,75,172,79,117,102,110,177,40,179,58,161,182,22,195,83,186,54,119,72,71,56,5,141,19,184,70,104,143,160,];False
6928;7994;14922;[198,174,190,32,189,87,6,61,38,163,199,49,12,185,167,15,16,156,147,196,192,150,20,23,176,3,157,183,37,138,126,115,25,99,34,35,152,28,8,154,13,46,188,55,44,45,131,47,68,123,50,86,52,91,69,88,53,59,11,57,132,7,175,62,120,2,89,67,48,63,29,164,4,73,41,114,112,165,153,26,77,60,24,0,84,85,66,118,83,51,90,191,197,168,14,187,101,81,36,33,100,111,122,98,139,105,180,107,158,30,64,96,76,134,74,173,116,10,42,27,169,142,39,95,1,125,145,127,128,129,18,181,148,133,103,92,136,137,43,194,146,9,31,82,144,121,162,171,141,193,78,151,97,130,113,155,17,21,108,159,109,135,140,106,65,94,166,80,93,178,170,75,172,79,117,102,110,177,40,179,58,161,182,22,195,124,186,54,119,72,71,56,5,149,19,184,70,104,143,160,];False
6953;7967;14920;[198,174,190,32,189,87,6,61,38,163,199,49,12,185,167,15,16,156,147,196,192,150,20,23,176,3,157,183,37,138,126,115,25,99,34,35,152,28,8,154,13,46,188,55,44,45,131,47,68,123,50,86,52,91,69,88,53,59,11,57,132,7,175,62,120,2,89,67,48,63,29,164,4,73,41,114,112,165,153,26,77,60,24,0,84,85,66,118,124,51,90,191,197,168,14,187,101,81,36,33,100,111,122,98,139,105,180,107,158,30,64,96,76,134,74,173,116,10,42,27,169,142,39,95,1,125,145,127,128,129,18,181,148,133,103,92,136,137,43,194,146,9,31,130,144,121,162,171,149,193,78,151,97,82,113,155,17,21,108,159,109,135,140,106,65,94,166,80,93,178,170,75,172,79,117,102,110,177,40,179,58,161,182,22,195,83,186,54,119,72,71,56,5,141,19,184,70,104,143,160,];False
6974;7946;14920;[198,174,190,25,189,87,6,61,38,199,163,49,12,185,167,15,16,156,82,196,192,150,20,23,176,3,157,183,37,138,126,115,32,99,34,35,97,28,8,154,13,46,188,55,44,45,131,47,68,123,50,86,52,91,69,88,53,59,11,57,132,7,175,62,120,2,89,67,48,63,29,164,4,73,41,114,112,77,153,26,165,60,24,0,84,85,66,118,124,51,90,191,197,168,14,187,101,81,36,33,100,111,122,98,139,105,180,107,158,30,64,96,76,134,74,173,116,10,42,27,169,142,39,95,1,125,145,127,128,129,18,181,148,133,103,92,136,137,43,194,146,9,31,147,144,121,162,171,141,193,78,151,152,130,113,155,17,21,108,159,109,135,140,106,65,94,166,80,93,178,170,75,172,79,117,102,110,177,40,179,58,161,182,22,195,83,186,54,119,72,71,56,5,149,19,184,70,104,143,160,];False
6961;7958;14919;[198,174,190,25,189,87,6,61,38,199,163,49,12,185,167,15,16,156,82,196,192,150,20,23,176,3,157,183,37,138,126,115,32,99,34,35,97,28,8,154,13,46,188,55,44,45,131,47,68,123,50,86,52,91,69,88,53,59,11,57,132,7,175,62,120,2,89,67,48,63,29,164,4,73,41,114,112,77,153,26,165,60,24,0,84,85,66,118,124,51,90,191,197,168,14,187,101,81,36,33,100,111,122,98,139,105,180,107,158,30,64,96,76,134,74,173,116,10,42,27,169,142,39,95,1,125,145,127,128,129,152,181,148,133,103,92,136,137,43,194,146,9,31,147,144,121,162,171,141,193,78,151,18,130,113,155,17,21,108,159,109,135,140,106,65,94,166,80,93,178,170,75,172,79,117,102,110,177,40,179,58,161,182,22,195,83,186,54,119,72,71,56,5,149,19,184,70,104,143,160,];False
6953;7966;14919;[198,174,190,32,189,87,6,61,38,163,199,49,12,185,167,15,16,156,147,196,192,150,20,23,176,3,157,183,37,138,126,115,25,99,34,35,152,28,8,154,13,46,188,55,44,45,131,47,68,123,50,86,52,91,69,88,53,59,11,57,132,7,175,62,120,2,89,67,48,63,29,164,4,73,41,114,112,165,153,26,77,60,24,0,84,85,66,118,124,51,90,191,197,168,14,187,101,81,36,33,100,111,122,98,78,105,180,107,158,30,64,96,76,134,74,173,116,10,42,27,169,142,39,95,1,125,145,127,128,129,18,181,148,133,103,92,136,137,43,194,146,9,31,82,144,121,162,171,149,193,139,151,97,130,113,155,17,21,108,159,109,135,140,106,65,94,166,80,93,178,170,75,172,79,117,102,110,177,40,179,58,161,182,22,195,83,186,54,119,72,71,56,5,141,19,184,70,104,143,160,];False
7016;7900;14916;[198,174,190,32,189,87,6,61,38,163,199,49,12,185,167,15,16,156,147,196,192,150,20,23,176,3,157,183,37,138,126,115,25,99,34,35,152,28,8,154,13,46,188,55,44,125,131,47,68,123,50,86,52,91,69,88,53,59,11,57,132,7,175,62,120,2,89,67,48,63,29,164,4,73,41,114,112,165,153,26,77,60,24,0,84,85,66,118,124,51,90,191,197,168,14,187,101,81,36,33,100,111,122,98,139,105,180,107,158,30,64,96,76,134,74,173,116,10,42,27,169,142,39,95,1,45,145,127,128,129,18,181,148,133,103,92,136,137,43,194,146,9,31,82,144,121,162,171,149,193,78,151,97,130,113,155,17,21,108,159,109,135,140,106,65,94,166,80,93,178,170,75,172,79,117,102,110,177,40,179,58,161,182,22,195,83,186,54,119,72,71,56,5,141,19,184,70,104,143,160,];False
6942;7973;14915;[198,174,190,25,189,118,6,61,38,199,163,49,12,185,167,15,16,156,82,196,192,138,20,23,176,3,157,183,37,150,126,115,32,99,34,35,132,28,8,154,13,46,188,55,44,45,131,47,68,123,50,86,52,91,69,88,53,59,11,57,97,7,175,62,120,2,89,67,48,63,29,164,4,73,41,114,112,77,153,26,165,60,24,0,84,85,66,87,124,51,90,191,197,168,14,187,101,81,36,33,100,111,122,98,139,105,180,107,158,30,64,96,76,134,74,173,116,10,42,27,169,142,39,95,1,125,83,127,128,129,18,181,148,133,103,92,136,137,43,194,146,9,31,147,144,121,162,171,141,193,78,151,152,130,113,155,17,21,108,159,109,135,140,106,65,94,166,80,93,178,170,75,172,79,117,102,110,177,40,179,58,161,182,22,195,145,186,54,119,72,71,56,5,149,19,184,70,104,143,160,];False
6971;7944;14915;[198,174,190,32,189,87,114,61,38,163,199,49,12,185,167,15,16,156,147,196,192,150,20,23,176,3,157,183,37,138,126,115,25,99,34,35,152,28,8,154,13,46,188,55,44,45,131,47,68,123,50,86,52,91,69,88,53,59,11,57,132,7,175,62,120,2,89,67,48,63,29,164,4,73,41,6,112,165,153,26,77,60,24,0,84,85,66,118,124,51,90,191,197,168,14,187,101,81,36,33,100,111,122,98,139,105,180,107,158,30,64,96,76,134,74,173,116,10,42,27,169,142,39,95,1,125,145,127,128,129,18,181,148,133,103,92,136,137,43,194,146,9,31,82,144,121,162,171,149,193,78,151,97,130,113,155,17,21,108,159,109,135,140,106,65,94,166,80,93,178,170,75,172,79,117,102,110,177,40,179,58,161,182,22,195,83,186,54,119,72,71,56,5,141,19,184,70,104,143,160,];False
6963;7952;14915;[198,174,190,25,189,118,6,61,38,199,163,49,12,185,167,15,16,156,82,196,192,150,20,23,176,3,157,183,37,138,126,115,32,99,34,35,132,28,8,154,13,46,188,55,44,45,131,47,68,123,50,86,52,91,69,88,53,59,11,57,97,7,175,62,120,2,89,67,48,63,29,164,4,73,41,114,112,77,153,26,165,60,24,0,84,85,66,87,124,51,90,191,197,168,14,187,101,81,36,33,100,111,122,98,139,105,180,107,158,30,64,96,76,134,74,173,116,10,42,27,169,142,39,95,1,125,145,127,128,129,18,181,148,133,103,92,136,137,43,194,146,9,31,147,144,121,162,171,141,193,78,151,152,130,113,155,17,21,108,159,109,135,140,106,65,94,166,80,93,178,170,75,172,79,117,102,110,177,40,179,58,161,182,22,195,83,186,54,119,72,71,56,5,149,19,184,70,104,143,160,];False
7021;7893;14914;[198,174,190,32,189,87,6,61,38,163,199,49,12,185,167,15,16,156,147,196,192,150,20,23,176,3,157,183,37,138,126,115,25,99,34,35,152,28,8,154,13,46,188,55,44,45,131,47,68,123,50,86,52,91,69,88,53,59,11,57,132,7,175,62,120,2,89,67,48,63,29,164,4,73,41,114,112,165,153,26,77,60,24,0,84,85,66,118,124,51,90,9,197,168,14,187,101,81,36,33,100,111,122,98,139,105,180,107,158,30,64,96,76,134,74,173,116,10,42,27,169,142,39,95,1,125,145,127,128,129,18,181,148,133,103,92,136,137,43,194,146,191,31,82,144,121,162,171,149,193,78,151,97,130,113,155,17,21,108,159,109,135,140,106,65,94,166,80,93,178,170,75,172,79,117,102,110,177,40,179,58,161,182,22,195,83,186,54,119,72,71,56,5,141,19,184,70,104,143,160,];True
6990;7923;14913;[198,174,190,32,189,87,6,61,38,163,199,49,12,185,167,15,16,156,147,196,192,150,20,23,176,3,157,183,37,138,126,115,25,99,34,35,152,28,8,154,13,46,188,55,44,45,131,47,68,123,50,86,52,91,69,88,53,59,11,57,132,7,175,62,120,2,89,67,48,63,29,164,4,73,41,114,112,165,153,26,77,60,24,0,84,85,66,118,124,51,90,191,197,168,14,187,101,81,36,33,100,111,122,98,18,105,180,107,158,30,64,96,76,134,74,173,116,10,42,27,169,142,39,95,1,125,145,127,128,129,139,181,148,133,103,92,136,137,43,194,146,9,31,82,144,121,162,171,149,193,78,151,97,130,113,155,17,21,108,159,109,135,140,106,65,94,166,80,93,178,170,75,172,79,117,102,110,177,40,179,58,161,182,22,195,83,186,54,119,72,71,56,5,141,19,184,70,104,143,160,];False
7018;7894;14912;[198,174,190,32,189,87,6,61,38,163,199,49,12,185,167,15,16,156,147,196,192,150,20,23,176,3,157,183,37,138,126,115,25,99,34,35,152,28,8,154,13,46,188,55,44,45,131,47,68,123,50,86,52,91,69,88,53,59,11,57,132,7,175,62,120,2,89,67,48,63,29,164,4,73,41,114,112,165,153,26,77,60,24,0,84,85,66,118,124,51,90,191,197,168,14,187,101,58,36,33,100,111,122,98,139,105,180,107,158,30,64,96,76,134,74,173,116,10,42,27,169,142,39,95,1,125,145,127,128,129,18,181,148,133,103,92,136,137,43,194,146,9,31,82,144,121,162,171,149,193,78,151,97,130,113,155,17,21,108,159,109,135,140,106,65,94,166,80,93,178,170,75,172,79,117,102,110,177,40,179,81,161,182,22,195,83,186,54,119,72,71,56,5,141,19,184,70,104,143,160,];True
6996;7914;14910;[198,174,190,32,189,87,6,61,38,163,199,49,12,185,167,15,16,156,147,196,192,150,20,23,176,3,157,183,37,138,126,115,25,99,34,35,152,28,8,154,13,46,188,55,44,45,131,47,68,123,50,86,52,91,69,88,18,59,11,57,132,7,175,62,120,2,89,67,48,63,29,164,4,73,41,114,112,165,153,26,77,60,24,0,84,85,66,118,124,51,90,191,197,168,14,187,101,81,36,33,100,111,122,98,139,105,180,107,158,30,64,96,76,134,74,173,116,10,42,27,169,142,39,95,1,125,145,127,128,129,53,181,148,133,103,92,136,137,43,194,146,9,31,82,144,121,162,171,141,193,78,151,97,130,113,155,17,21,108,159,109,135,140,106,65,94,166,80,93,178,170,75,172,79,117,102,110,177,40,179,58,161,182,22,195,83,186,54,119,72,71,56,5,149,19,184,70,104,143,160,];False
6975;7934;14909;[198,174,190,32,189,87,6,61,38,163,199,49,12,185,167,15,16,156,147,196,192,150,20,23,176,3,157,183,37,138,126,115,25,99,34,35,152,28,8,154,13,46,188,55,44,45,131,47,68,123,50,86,52,91,69,88,53,59,11,57,132,7,175,62,120,2,89,67,48,63,29,164,4,73,41,114,112,165,153,26,77,60,24,0,84,85,66,118,145,51,90,191,197,168,14,187,101,81,36,33,100,111,122,98,139,105,180,107,158,30,64,96,76,134,74,173,116,10,42,27,169,142,39,95,1,125,124,127,128,129,18,181,148,133,103,92,136,137,43,194,146,9,31,82,144,121,162,171,149,193,78,151,97,130,113,155,17,21,108,159,109,135,140,106,65,94,166,80,93,178,170,75,172,79,117,102,110,177,40,179,58,161,182,22,195,83,186,54,119,72,71,56,5,141,19,184,70,104,143,160,];False
6952;7957;14909;[198,174,190,32,189,87,6,61,38,163,199,49,12,185,167,15,16,156,147,196,192,150,20,23,176,3,157,183,37,138,126,115,25,99,34,35,152,28,8,154,13,46,188,55,44,45,131,47,68,123,50,86,52,91,69,88,53,59,11,57,132,7,175,62,120,2,89,17,48,63,29,164,4,73,41,114,112,165,153,26,77,60,24,0,84,85,66,118,124,51,90,191,197,168,14,187,101,81,36,33,100,111,122,98,139,105,180,107,158,30,64,96,76,134,74,173,116,10,42,27,169,142,39,95,1,125,145,127,128,129,18,181,148,133,103,92,136,137,43,194,146,9,31,82,144,121,162,171,149,193,78,151,97,130,113,155,67,21,108,159,109,135,140,106,65,94,166,80,93,178,170,75,172,79,117,102,110,177,40,179,58,161,182,22,195,83,186,54,119,72,71,56,5,141,19,184,70,104,143,160,];False
6919;7990;14909;[198,174,190,25,189,118,6,61,38,199,163,49,12,185,167,15,16,156,82,196,192,151,20,23,176,3,157,183,37,138,126,115,32,99,34,35,132,28,8,154,13,46,188,55,44,45,131,47,68,123,50,86,52,91,69,88,53,59,11,57,97,7,175,62,120,2,89,67,48,63,29,164,4,73,41,114,112,77,153,26,165,60,24,0,84,85,66,87,124,51,90,191,197,168,14,187,101,81,36,33,100,111,122,98,139,105,180,107,158,30,64,96,76,134,74,173,116,10,42,27,169,142,39,95,1,125,145,127,128,129,18,181,148,133,103,92,136,137,43,194,146,9,31,147,144,121,162,171,141,193,78,150,152,130,113,155,17,21,108,159,109,135,140,106,65,94,166,80,93,178,170,75,172,79,117,102,110,177,40,179,58,161,182,22,195,83,186,54,119,72,71,56,5,149,19,184,70,104,143,160,];False
6911;7996;14907;[198,174,190,25,189,87,6,61,38,163,199,49,12,185,167,15,16,156,147,196,192,150,20,23,176,3,157,183,37,138,126,115,32,99,34,35,152,28,8,154,13,46,188,55,44,45,131,47,68,123,50,86,52,91,69,88,53,59,11,57,132,7,175,62,120,2,89,67,48,63,29,164,4,73,41,114,112,165,135,26,77,60,24,0,84,85,66,118,124,51,90,191,197,168,14,187,101,81,36,33,100,111,122,98,139,105,180,107,158,30,64,96,76,134,74,173,116,10,42,27,169,142,39,95,1,125,145,127,128,129,18,181,148,133,103,92,136,137,43,194,146,9,31,82,144,121,162,171,141,193,78,151,97,130,113,155,17,21,108,159,109,153,140,106,65,94,166,80,93,178,170,75,172,79,117,102,110,177,40,179,58,161,182,22,195,83,186,54,119,72,71,56,5,149,19,184,70,104,143,160,];False
6982;7923;14905;[198,174,190,32,189,87,6,61,38,163,199,49,12,185,167,15,16,156,147,196,192,150,20,23,176,3,157,183,37,138,126,115,25,99,34,35,152,28,8,154,13,46,188,55,44,45,131,47,68,123,50,86,52,91,69,88,53,59,11,57,132,7,175,62,120,2,89,67,48,63,29,164,4,73,41,114,112,165,153,26,77,60,24,0,84,85,66,118,124,51,90,191,197,168,14,187,101,27,56,33,100,111,122,98,139,105,180,107,158,30,64,96,76,134,74,173,116,10,42,81,169,142,39,95,1,125,145,127,128,129,18,181,148,133,103,92,136,137,43,194,146,9,31,82,144,121,162,171,149,193,78,151,97,130,113,155,17,21,108,159,109,135,140,106,65,94,166,80,93,178,170,75,172,79,117,102,110,177,40,179,58,161,182,22,195,83,186,54,119,72,71,36,5,141,19,184,70,104,143,160,];False
6936;7966;14902;[198,174,190,25,189,118,6,61,38,199,163,49,12,185,167,15,16,156,82,196,192,138,20,23,176,3,157,183,37,150,126,115,32,99,34,35,132,28,8,154,13,46,188,55,44,45,131,47,68,123,50,86,52,91,69,88,53,59,11,57,97,7,175,62,120,2,89,67,48,63,29,164,4,73,41,114,112,77,153,26,165,60,24,0,84,85,66,87,124,51,90,191,197,168,14,187,101,81,36,33,100,111,122,98,139,105,180,107,158,30,64,96,76,134,74,173,116,10,42,27,169,142,39,95,1,125,145,127,128,129,18,181,148,133,103,92,136,137,43,194,146,9,31,147,178,121,162,171,141,193,78,151,152,130,113,155,17,21,108,159,109,135,140,106,65,94,166,80,93,144,170,75,172,79,117,102,110,177,40,179,58,161,182,22,195,83,186,54,119,72,71,56,5,149,19,184,70,104,143,160,];False
6953;7948;14901;[198,174,190,32,189,87,6,61,38,163,199,49,12,185,167,15,16,156,147,196,192,150,20,23,176,3,157,183,37,138,126,115,25,99,34,35,152,28,8,154,13,46,188,55,44,45,131,47,68,123,50,86,52,91,69,88,53,59,11,57,132,7,175,62,120,2,89,67,48,63,29,164,4,73,41,114,112,165,153,26,77,60,24,0,84,85,66,118,124,51,90,191,197,168,14,187,101,81,36,33,100,111,122,98,139,105,180,107,158,30,64,96,76,134,74,173,116,10,42,27,169,142,39,95,1,125,103,127,128,129,18,181,148,133,145,92,136,137,43,194,146,9,31,82,144,121,162,171,141,193,78,151,97,130,113,155,17,21,108,159,109,135,140,106,65,94,166,80,93,178,170,75,172,79,117,102,110,177,40,179,58,161,182,22,195,83,186,54,119,72,71,56,5,149,19,184,70,104,143,160,];False
6983;7918;14901;[198,174,190,32,189,87,6,61,38,163,199,49,12,185,167,15,16,156,147,196,192,150,20,23,176,3,157,183,37,138,126,115,25,99,34,35,152,28,8,154,13,46,188,55,44,45,131,47,88,123,50,86,52,91,69,68,53,59,11,57,132,7,175,62,120,2,89,67,48,63,29,164,4,73,41,114,112,165,153,26,77,60,24,0,84,85,66,118,124,51,90,191,197,168,14,187,101,81,36,33,100,111,122,98,139,105,180,107,158,30,64,96,76,134,74,173,116,10,42,27,169,142,39,95,1,125,145,127,128,129,18,181,148,133,103,92,136,137,43,194,146,9,31,82,144,121,162,171,141,193,78,151,97,130,113,155,17,21,108,159,109,135,140,106,65,94,166,80,93,178,170,75,172,79,117,102,110,177,40,179,58,161,182,22,195,83,186,54,119,72,71,56,5,149,19,184,70,104,143,160,];False
6968;7932;14900;[198,174,190,32,189,87,6,61,38,163,199,49,12,185,167,15,16,156,147,196,192,150,20,23,176,3,157,183,37,138,126,115,25,99,34,35,152,28,8,154,13,46,188,55,44,45,131,47,68,123,50,26,52,91,69,88,53,59,11,57,132,7,175,62,120,2,89,67,48,63,29,164,4,73,41,114,112,165,153,86,77,60,24,0,84,85,66,118,124,51,90,191,197,168,14,187,101,81,36,33,100,111,122,98,139,105,180,107,158,30,64,96,76,134,74,173,116,10,42,27,169,142,39,95,1,125,145,127,128,129,18,181,148,133,103,92,136,137,43,194,146,9,31,82,144,121,162,171,149,193,78,151,97,130,113,155,17,21,108,159,109,135,140,106,65,94,166,80,93,178,170,75,172,79,117,102,110,177,40,179,58,161,182,22,195,83,186,54,119,72,71,56,5,141,19,184,70,104,143,160,];False
6926;7972;14898;[198,174,190,25,189,87,6,61,38,163,199,49,12,185,167,15,16,156,147,196,192,150,20,23,176,3,157,183,37,138,126,115,32,99,34,35,152,28,8,154,13,46,188,55,44,45,131,47,68,123,50,86,52,91,69,88,53,59,11,57,132,7,175,62,120,2,89,67,48,63,29,164,4,73,41,114,112,165,153,26,77,60,24,0,84,85,66,118,124,51,90,191,197,168,14,187,101,81,36,33,100,111,122,98,139,105,180,107,158,30,64,96,76,134,74,173,116,10,42,27,169,142,39,95,1,125,145,127,128,129,18,181,148,133,103,92,136,137,43,78,146,9,31,82,144,121,162,171,141,193,194,151,97,130,113,155,17,21,108,159,109,135,140,106,65,94,166,80,93,178,170,75,172,79,117,102,110,177,40,179,58,161,182,22,195,83,186,54,119,72,71,56,5,149,19,184,70,104,143,160,];False
6969;7927;14896;[198,174,190,112,189,87,6,61,38,163,199,49,12,185,167,15,16,156,147,196,192,150,20,23,176,3,157,183,37,138,126,115,25,99,34,35,152,28,8,154,13,46,188,55,44,45,131,47,68,123,50,86,52,91,69,88,53,59,11,57,132,7,175,62,120,2,89,67,48,63,29,164,4,73,41,114,32,165,153,26,77,60,24,0,84,85,66,118,124,51,90,191,197,168,14,187,101,81,36,33,100,111,122,98,139,105,180,107,158,30,64,96,76,134,74,173,116,10,42,27,169,142,39,95,1,125,145,127,128,129,18,181,148,133,103,92,136,137,43,194,146,9,31,82,144,121,162,171,149,193,78,151,97,130,113,155,17,21,108,159,109,135,140,106,65,94,166,80,93,178,170,75,172,79,117,102,110,177,40,179,58,161,182,22,195,83,186,54,119,72,71,56,5,141,19,184,70,104,143,160,];False
6995;7899;14894;[198,174,190,32,189,87,6,61,38,163,199,49,12,185,167,15,16,156,147,196,192,150,20,23,176,3,157,183,37,138,126,115,25,99,34,35,152,28,8,154,13,46,188,55,44,45,131,47,68,123,50,86,52,91,69,88,10,59,11,57,132,7,175,62,120,2,89,67,48,63,29,164,4,73,41,114,112,165,153,26,77,60,24,0,84,85,66,118,124,51,90,191,197,168,14,187,101,81,36,33,100,111,122,98,139,105,180,107,158,30,64,96,76,134,74,173,116,53,42,27,169,142,39,95,1,125,145,127,128,129,18,181,148,133,103,92,136,137,43,194,146,9,31,82,144,121,162,171,141,193,78,151,97,130,113,155,17,21,108,159,109,135,140,106,65,94,166,80,93,178,170,75,172,79,117,102,110,177,40,179,58,161,182,22,195,83,186,54,119,72,71,56,5,149,19,184,70,104,143,160,];True
6973;7920;14893;[198,174,190,25,189,87,6,61,38,163,199,49,12,185,167,15,16,156,147,196,192,150,20,23,176,3,157,183,37,138,126,115,32,99,34,35,152,28,8,154,13,46,188,55,44,45,131,47,68,123,50,86,52,91,69,88,53,59,11,57,132,7,175,62,120,2,89,67,48,63,29,164,4,73,41,114,112,165,153,26,77,60,24,0,84,85,66,118,124,51,90,191,197,168,14,187,101,81,36,33,100,111,122,98,139,105,180,107,158,30,64,96,76,134,74,173,116,10,42,27,169,142,39,95,1,125,145,127,128,129,18,181,148,133,103,92,136,137,43,194,146,9,31,82,144,121,162,171,141,193,78,151,97,130,113,155,17,21,108,159,109,135,140,106,65,94,166,80,93,178,170,75,172,79,117,102,110,177,40,179,58,161,182,22,195,83,186,54,119,72,71,56,5,149,19,184,70,104,143,160,];False
6987;7902;14889;[198,174,190,32,189,87,6,61,38,163,199,49,12,185,167,15,16,156,147,196,192,150,20,23,176,88,157,183,37,138,126,115,25,99,34,35,152,28,8,154,13,46,188,55,44,45,131,47,68,123,50,86,52,91,69,3,53,59,11,57,132,7,175,62,120,2,89,67,48,63,29,164,4,73,41,114,112,165,153,26,77,60,24,0,84,85,66,118,124,51,90,191,197,168,14,187,101,81,36,33,100,111,122,98,139,105,180,107,158,30,64,96,76,134,74,173,116,10,42,27,169,142,39,95,1,125,145,127,128,129,18,181,148,133,103,92,136,137,43,194,146,9,31,82,144,121,162,171,149,193,78,151,97,130,113,155,17,21,108,159,109,135,140,106,65,94,166,80,93,178,170,75,172,79,117,102,110,177,40,179,58,161,182,22,195,83,186,54,119,72,71,56,5,141,19,184,70,104,143,160,];False
6954;7933;14887;[198,174,190,32,189,87,6,61,38,163,199,49,12,185,167,15,16,156,147,196,192,150,20,23,176,3,157,183,37,138,126,115,25,99,34,35,152,28,8,154,13,46,188,55,44,45,131,47,68,123,50,86,52,91,69,88,53,59,11,57,132,7,175,62,120,2,89,67,48,63,29,164,4,73,41,114,112,165,153,26,77,60,24,0,84,85,66,118,124,51,90,191,197,168,14,187,101,81,36,33,100,111,122,98,139,105,180,107,158,30,64,96,76,134,74,173,116,10,42,27,169,142,178,95,1,125,145,127,128,129,18,181,148,133,103,92,136,137,43,194,146,9,31,82,144,121,162,171,141,193,78,151,97,130,113,155,17,21,108,159,109,135,140,106,65,94,166,80,93,39,170,75,172,79,117,102,110,177,40,179,58,161,182,22,195,83,186,54,119,72,71,56,5,149,19,184,70,104,143,160,];False
6979;7907;14886;[198,174,190,32,189,87,6,61,38,163,199,49,12,185,167,15,16,156,147,196,192,150,20,23,176,3,157,183,37,138,126,115,25,99,34,35,152,28,8,154,13,46,188,55,44,45,131,47,68,123,50,86,52,91,69,88,53,59,11,182,132,7,175,62,120,2,89,67,48,63,29,164,4,73,41,114,112,165,153,26,77,60,24,0,84,85,66,118,124,51,90,191,197,168,14,187,101,81,36,33,100,111,122,98,139,105,180,107,158,30,64,96,76,134,74,173,116,10,42,27,169,142,39,95,1,125,145,127,128,129,18,181,148,133,103,92,136,137,43,194,146,9,31,82,144,121,162,171,149,193,78,151,97,130,113,155,17,21,108,159,109,135,140,106,65,94,166,80,93,178,170,75,172,79,117,102,110,177,40,179,58,161,57,22,195,83,186,54,119,72,71,56,5,141,19,184,70,104,143,160,];False
6901;7983;14884;[198,174,190,25,189,21,6,61,38,199,163,49,12,185,167,15,16,156,82,196,192,150,20,23,176,3,157,183,37,138,126,115,32,99,34,35,97,28,8,154,13,46,188,55,44,45,131,47,68,123,50,86,52,91,69,88,53,59,11,57,132,7,175,62,120,2,89,67,48,63,29,164,4,73,41,114,112,77,153,26,165,60,24,0,84,85,66,118,124,51,90,191,197,168,14,187,101,81,36,33,100,111,122,98,139,105,180,107,158,30,64,96,76,134,74,173,116,10,42,27,169,142,39,95,1,125,145,127,128,129,18,181,148,133,103,92,136,137,43,194,146,9,31,147,144,121,162,171,141,193,78,151,152,130,113,155,17,87,108,159,109,135,140,106,65,94,166,80,93,178,170,75,172,79,117,102,110,177,40,179,58,161,182,22,195,83,186,54,119,72,71,56,5,149,19,184,70,104,143,160,];False
6943;7938;14881;[198,174,190,32,189,87,6,61,38,163,199,49,12,185,167,15,16,156,147,196,192,150,20,23,176,3,157,183,37,138,126,115,25,99,34,35,152,28,8,154,13,46,188,55,44,45,131,47,68,123,50,86,52,91,69,88,53,59,11,57,132,7,175,62,120,2,89,67,48,63,29,164,4,73,41,114,112,165,153,26,77,60,24,0,84,85,66,118,124,51,90,191,197,168,14,187,101,81,36,33,100,111,122,98,139,105,180,107,158,30,64,96,76,134,74,173,116,10,42,27,169,142,39,95,1,125,145,127,128,129,18,181,148,133,103,92,136,137,43,119,146,9,31,82,144,121,162,171,149,193,78,151,97,130,113,155,17,21,108,159,109,135,140,106,65,94,166,80,93,178,170,75,172,79,117,102,110,177,40,179,58,161,182,22,195,83,186,54,194,72,71,56,5,141,19,184,70,104,143,160,];False
6951;7927;14878;[198,174,190,32,189,87,6,61,38,163,199,49,12,185,167,15,16,156,147,196,192,150,20,23,176,3,157,183,37,138,126,115,25,99,34,35,152,28,8,154,13,46,188,55,44,45,131,47,68,123,50,86,52,91,69,88,53,59,11,57,132,7,175,62,120,2,89,67,48,63,29,164,4,73,41,114,112,165,153,26,144,60,24,0,84,85,66,118,124,51,90,191,197,168,14,187,101,27,36,33,100,111,122,98,139,105,180,107,158,30,64,96,76,134,74,173,116,10,42,81,169,142,39,95,1,125,145,127,128,129,18,181,148,133,103,92,136,137,43,194,146,9,31,82,77,121,162,171,149,193,78,151,97,130,113,155,17,21,108,159,109,135,140,106,65,94,166,80,93,178,170,75,172,79,117,102,110,177,40,179,58,161,182,22,195,83,186,54,119,72,71,56,5,141,19,184,70,104,143,160,];False
6960;7918;14878;[198,174,190,32,189,87,6,61,38,163,199,49,12,185,167,15,16,156,147,196,192,150,20,23,176,3,157,183,37,138,126,115,25,99,34,35,152,28,8,154,13,46,188,55,44,45,131,47,68,123,50,86,52,136,69,88,53,59,11,57,132,7,175,62,120,2,89,67,48,63,29,164,4,73,41,114,112,165,153,26,77,60,24,0,84,85,66,118,124,51,90,191,197,168,14,187,101,81,36,33,100,111,122,98,139,105,180,107,158,30,64,96,76,134,74,173,116,10,42,27,169,142,39,95,1,125,145,127,128,129,18,181,148,133,103,92,91,137,43,194,146,9,31,82,144,121,162,171,149,193,78,151,97,130,113,155,17,21,108,159,109,135,140,106,65,94,166,80,93,178,170,75,172,79,117,102,110,177,40,179,58,161,182,22,195,83,186,54,119,72,71,56,5,141,19,184,70,104,143,160,];False
6929;7946;14875;[198,174,190,32,189,111,6,61,38,163,199,49,12,185,167,15,16,156,147,196,192,150,20,23,176,3,157,183,37,138,126,115,25,99,34,35,152,28,8,154,13,46,188,55,44,45,131,47,68,123,50,86,52,91,69,88,53,59,11,57,132,7,175,62,120,2,89,67,48,63,29,164,4,73,41,114,112,165,153,26,77,60,24,0,84,85,66,118,124,51,90,191,197,168,14,187,101,27,36,33,100,87,122,98,139,105,180,107,158,30,64,96,76,134,74,173,116,10,42,81,169,142,39,95,1,125,145,127,128,129,18,181,148,133,103,92,136,137,43,194,146,9,31,82,144,121,162,171,149,193,78,151,97,130,113,155,17,21,108,159,109,135,140,106,65,94,166,80,93,178,170,75,172,79,117,102,110,177,40,179,58,161,182,22,195,83,186,54,119,72,71,56,5,141,19,184,70,104,143,160,];False
6899;7975;14874;[198,174,190,32,189,87,6,61,38,163,199,49,12,185,167,15,16,156,147,196,192,150,20,23,176,3,157,183,37,138,126,115,25,142,34,35,152,28,8,154,13,46,188,55,44,45,131,47,68,123,50,86,52,91,69,88,53,59,11,57,132,7,175,62,120,2,89,67,48,63,29,164,4,73,41,114,112,165,153,26,77,60,24,0,84,85,66,118,124,51,90,191,197,168,14,187,101,81,36,33,100,111,122,98,139,105,180,107,158,30,64,96,76,134,74,173,116,10,42,27,169,99,39,95,1,125,145,127,128,129,18,181,148,133,103,92,136,137,43,194,146,9,31,82,144,121,162,171,149,193,78,151,97,130,113,155,17,21,108,159,109,135,140,106,65,94,166,80,93,178,170,75,172,79,117,102,110,177,40,179,58,161,182,22,195,83,186,54,119,72,71,56,5,141,19,184,70,104,143,160,];False
6899;7973;14872;[198,174,190,25,189,118,157,61,38,199,163,49,12,185,167,15,16,156,82,196,192,138,20,23,176,3,6,183,37,150,126,115,32,99,34,35,132,28,8,154,13,46,188,55,44,45,131,47,68,123,50,86,52,91,69,88,53,59,11,57,97,7,175,62,120,2,89,67,48,63,29,164,4,73,41,114,112,77,153,26,165,60,24,0,84,85,66,87,124,51,90,191,197,168,14,187,101,81,36,33,100,111,122,98,139,105,180,107,158,30,64,96,76,134,74,173,116,10,42,27,169,142,39,95,1,125,145,127,128,129,18,181,148,133,103,92,136,137,43,194,146,9,31,147,144,121,162,171,141,193,78,151,152,130,113,155,17,21,108,159,109,135,140,106,65,94,166,80,93,178,170,75,172,79,117,102,110,177,40,179,58,161,182,22,195,83,186,54,119,72,71,56,5,149,19,184,70,104,143,160,];False
6947;7921;14868;[198,174,190,32,189,87,6,61,38,163,199,49,12,185,167,15,16,156,147,196,192,150,20,23,176,3,157,183,37,138,126,98,25,99,34,35,152,28,8,154,13,46,188,55,44,45,131,47,68,123,50,86,52,91,69,88,53,59,11,57,132,7,175,62,120,2,89,67,48,63,29,164,4,73,41,114,112,165,153,26,77,60,24,0,84,85,66,118,124,51,90,191,197,168,14,187,101,81,36,33,100,111,122,115,139,105,180,107,158,30,64,96,76,134,74,173,116,10,42,27,169,142,39,95,1,125,145,127,128,129,18,181,148,133,103,92,136,137,43,194,146,9,31,82,144,121,162,171,149,193,78,151,97,130,113,155,17,21,108,159,109,135,140,106,65,94,166,80,93,178,170,75,172,79,117,102,110,177,40,179,58,161,182,22,195,83,186,54,119,72,71,56,5,141,19,184,70,104,143,160,];False
6887;7979;14866;[198,174,190,32,189,87,6,61,38,163,199,49,12,185,167,15,16,156,147,196,192,150,20,23,176,3,157,183,37,138,126,115,25,99,34,35,152,28,8,154,13,46,188,55,44,45,131,180,68,123,50,86,52,91,69,88,53,59,11,57,132,7,175,62,120,2,89,67,48,63,29,164,4,73,41,114,112,165,153,26,77,60,24,0,84,85,66,118,124,51,90,191,197,168,14,187,101,81,36,33,100,111,122,98,139,105,47,107,158,30,64,96,76,134,74,173,116,10,42,27,169,142,39,95,1,125,145,127,128,129,18,181,148,133,103,92,136,137,43,194,146,9,31,82,144,121,162,171,149,193,78,151,97,130,113,155,17,21,108,159,109,135,140,106,65,94,166,80,93,178,170,75,172,79,117,102,110,177,40,179,58,161,182,22,195,83,186,54,119,72,71,56,5,141,19,184,70,104,143,160,];False
6940;7923;14863;[198,174,190,32,189,87,6,61,38,163,199,49,12,185,167,15,16,156,147,196,192,150,20,23,176,3,157,183,37,138,126,115,25,99,34,35,152,28,8,154,13,46,188,55,44,45,131,47,68,123,50,86,52,91,69,88,53,59,11,57,132,7,175,62,120,2,89,67,48,63,29,164,4,73,41,114,112,165,153,26,77,60,24,0,179,85,66,118,124,51,90,191,197,168,14,187,101,81,36,33,100,111,122,98,139,105,180,107,158,30,64,96,76,134,74,173,116,10,42,27,169,142,39,95,1,125,145,127,128,129,18,181,148,133,103,92,136,137,43,194,146,9,31,82,144,121,162,171,141,193,78,151,97,130,113,155,17,21,108,159,109,135,140,106,65,94,166,80,93,178,170,75,172,79,117,102,110,177,40,84,58,161,182,22,195,83,186,54,119,72,71,56,5,149,19,184,70,104,143,160,];False
6919;7944;14863;[198,174,190,32,189,87,6,61,38,163,199,49,12,185,167,15,16,156,147,196,192,150,20,23,176,3,157,183,37,138,126,115,25,99,34,35,152,28,8,154,13,46,188,55,44,45,131,47,68,123,50,86,52,91,69,88,53,59,11,57,132,7,175,62,120,2,89,67,48,63,29,164,4,73,41,114,112,165,153,26,77,60,24,0,84,85,66,118,124,51,90,191,197,168,14,187,101,81,36,33,100,111,122,98,139,105,180,107,158,30,64,96,76,134,74,173,116,10,42,27,169,142,39,95,1,125,145,127,128,129,18,181,148,133,103,92,136,159,43,194,146,9,31,82,144,121,162,171,149,193,78,151,97,130,113,155,17,21,108,137,109,135,140,106,65,94,166,80,93,178,170,75,172,79,117,102,110,177,40,179,58,161,182,22,195,83,186,54,119,72,71,56,5,141,19,184,70,104,143,160,];False
6937;7922;14859;[198,174,190,32,189,87,6,61,38,163,199,49,12,185,167,15,16,156,147,196,192,150,20,23,176,3,157,183,37,138,126,115,93,99,34,35,152,28,8,154,13,46,188,55,44,45,131,47,68,123,50,86,52,91,69,88,53,59,11,57,132,7,175,62,120,2,89,67,48,63,29,164,4,73,41,114,112,165,153,26,77,60,24,0,84,85,66,118,124,51,90,191,197,168,14,187,101,81,36,33,100,111,122,98,139,105,180,107,158,30,64,96,76,134,74,173,116,10,42,27,169,142,39,95,1,125,145,127,128,129,18,181,148,133,103,92,136,137,43,194,146,9,31,82,144,121,162,171,141,193,78,151,97,130,113,155,17,21,108,159,109,135,140,106,65,94,166,80,25,178,170,75,172,79,117,102,110,177,40,179,58,161,182,22,195,83,186,54,119,72,71,56,5,149,19,184,70,104,143,160,];False
6943;7914;14857;[198,174,190,32,189,87,6,61,38,163,199,49,12,185,167,15,16,156,147,196,192,150,20,23,176,3,157,183,37,138,126,115,25,99,34,35,152,28,8,154,13,172,188,55,44,45,131,47,68,123,50,86,52,91,69,88,53,59,11,57,132,7,175,62,120,2,89,67,48,63,29,164,4,73,41,114,112,165,153,26,77,60,24,0,84,85,66,118,124,51,90,191,197,168,14,187,101,81,36,33,100,111,122,98,139,105,180,107,158,30,64,96,76,134,74,173,116,10,42,27,169,142,39,95,1,125,145,127,128,129,18,181,148,133,103,92,136,137,43,194,146,9,31,82,144,121,162,171,149,193,78,151,97,130,113,155,17,21,108,159,109,135,140,106,65,94,166,80,93,178,170,75,46,79,117,102,110,177,40,179,58,161,182,22,195,83,186,54,119,72,71,56,5,141,19,184,70,104,143,160,];False
6856;7997;14853;[198,174,190,32,189,87,6,61,38,163,199,49,12,185,167,15,16,156,147,196,192,150,20,23,176,3,157,183,37,138,126,115,25,127,34,35,152,28,8,154,13,46,188,55,44,45,131,47,68,123,50,86,52,91,69,88,53,59,11,57,132,7,175,62,120,2,89,67,48,63,29,164,4,73,41,114,112,165,153,26,77,60,24,0,84,85,66,118,124,51,90,191,197,168,14,187,101,81,36,33,100,111,122,98,139,105,180,107,158,30,64,96,76,134,74,173,116,10,42,27,169,142,39,95,1,125,145,99,128,129,18,181,148,133,103,92,136,137,43,194,146,9,31,82,144,121,162,171,141,193,78,151,97,130,113,155,17,21,108,159,109,135,140,106,65,94,166,80,93,178,170,75,172,79,117,102,110,177,40,179,58,161,182,22,195,83,186,54,119,72,71,56,5,149,19,184,70,104,143,160,];False
6926;7916;14842;[198,174,190,32,189,87,6,61,38,163,199,49,12,185,167,15,16,156,147,196,192,150,20,23,176,3,157,183,37,138,126,115,25,99,34,35,152,28,8,154,13,46,188,55,44,45,131,47,68,123,50,86,52,91,69,88,53,59,11,57,132,194,175,62,120,2,89,67,48,63,29,164,4,73,41,114,112,165,153,26,77,60,24,0,84,85,66,118,124,51,90,191,197,168,14,187,101,27,36,33,100,111,122,98,139,105,180,107,158,30,64,96,76,134,74,173,116,10,42,81,169,142,39,95,1,125,145,127,128,129,18,181,148,133,103,92,136,137,43,7,146,9,31,82,144,121,162,171,149,193,78,151,97,130,113,155,17,21,108,159,109,135,140,106,65,94,166,80,93,178,170,75,172,79,117,102,110,177,40,179,58,161,182,22,195,83,186,54,119,72,71,56,5,141,19,184,70,104,143,160,];False
6938;7900;14838;[198,174,190,32,189,87,6,61,38,163,199,49,12,185,167,15,16,156,147,196,192,150,20,23,176,3,157,183,37,138,126,115,25,99,34,35,152,28,8,154,13,46,188,55,44,45,131,47,68,123,50,86,52,91,69,88,53,59,11,57,132,7,175,62,120,2,89,67,48,63,29,164,4,73,41,114,112,165,153,26,77,60,24,0,84,85,66,118,124,51,90,191,197,168,14,187,101,81,36,33,100,111,122,98,139,105,180,107,158,30,64,96,76,134,74,173,116,10,42,27,169,142,39,95,1,125,145,127,128,129,18,181,148,133,103,92,136,137,43,194,146,9,31,82,144,121,162,171,149,193,78,151,97,130,113,155,17,21,108,159,109,135,140,106,65,94,166,80,93,178,170,75,172,79,117,102,110,177,40,179,58,161,182,22,195,83,186,54,119,72,71,56,5,141,19,184,70,104,143,160,];True
6908;7930;14838;[198,174,190,32,189,87,6,61,38,163,199,49,5,185,167,15,16,156,147,196,192,150,20,23,176,3,157,183,37,138,126,115,25,99,34,35,152,28,8,154,13,46,188,55,44,45,131,47,68,123,50,86,52,91,69,88,53,59,11,57,132,7,175,62,120,2,89,67,48,63,29,164,4,73,41,114,112,165,153,26,77,60,24,0,84,85,66,118,124,51,90,191,197,168,14,187,101,81,36,33,100,111,122,98,139,105,180,107,158,30,64,96,76,134,74,173,116,10,42,27,169,142,39,95,1,125,145,127,128,129,18,181,148,133,103,92,136,137,43,194,146,9,31,82,144,121,162,171,141,193,78,151,97,130,113,155,17,21,108,159,109,135,140,106,65,94,166,80,93,178,170,75,172,79,117,102,110,177,40,179,58,161,182,22,195,83,186,54,119,72,71,56,12,149,19,184,70,104,143,160,];False
6859;7976;14835;[198,174,190,25,189,118,6,61,38,199,163,49,12,185,167,15,16,156,82,196,192,150,20,23,176,3,157,183,37,138,126,115,32,99,34,35,132,28,8,154,13,46,188,55,44,45,131,47,68,123,50,86,52,91,69,88,53,59,11,57,97,7,175,62,120,2,89,67,48,63,29,164,4,73,41,114,112,77,153,26,165,60,24,0,84,85,66,87,124,51,90,191,197,168,14,187,101,81,36,33,100,111,122,98,139,105,180,195,158,30,64,96,76,134,74,173,116,10,42,27,169,142,39,95,1,125,145,127,128,129,18,181,148,133,103,92,136,137,43,194,146,9,31,147,144,121,162,171,141,193,78,151,152,130,113,155,17,21,108,159,109,135,140,106,65,94,166,80,93,178,170,75,172,79,117,102,110,177,40,179,58,161,182,22,107,83,186,54,119,72,71,56,5,149,19,184,70,104,143,160,];False
6924;7901;14825;[198,174,190,32,189,87,6,61,38,163,199,49,12,185,167,15,16,156,147,196,192,150,20,23,176,3,157,183,37,138,126,115,25,99,34,35,152,28,8,154,13,46,188,55,44,45,131,47,68,123,50,86,52,91,69,88,53,59,11,57,132,7,175,62,120,2,89,67,48,63,31,164,4,73,41,114,112,165,153,26,77,60,24,0,84,85,66,118,124,51,90,191,197,168,14,187,101,81,36,33,100,111,122,98,139,105,180,107,158,30,64,96,76,134,74,173,116,10,42,27,169,142,39,95,1,125,145,127,128,129,18,181,148,133,103,92,136,137,43,194,146,9,29,82,144,121,162,171,149,193,78,151,97,130,113,155,17,21,108,159,109,135,140,106,65,94,166,80,93,178,170,75,172,79,117,102,110,177,40,179,58,161,182,22,195,83,186,54,119,72,71,56,5,141,19,184,70,104,143,160,];True
6884;7941;14825;[198,174,190,32,189,87,6,61,38,163,199,49,12,185,167,15,16,156,147,196,192,150,20,23,176,3,157,183,37,138,126,115,25,99,34,35,108,28,8,154,13,46,188,55,44,45,131,47,68,123,50,86,52,91,69,88,53,59,11,57,132,7,175,62,120,2,89,67,48,63,29,164,4,73,41,114,112,165,153,26,77,60,24,0,84,85,66,118,124,51,90,191,197,168,14,187,101,81,36,33,100,111,122,98,139,105,180,107,158,30,64,96,76,134,74,173,116,10,42,27,169,142,39,95,1,125,145,127,128,129,18,181,148,133,103,92,136,137,43,194,146,9,31,82,144,121,162,171,149,193,78,151,97,130,113,155,17,21,152,159,109,135,140,106,65,94,166,80,93,178,170,75,172,79,117,102,110,177,40,179,58,161,182,22,195,83,186,54,119,72,71,56,5,141,19,184,70,104,143,160,];False
6891;7929;14820;[198,174,190,32,189,87,6,61,38,163,199,49,12,185,167,15,16,156,147,196,192,150,20,23,176,3,157,183,37,138,126,115,25,99,34,35,152,28,8,154,13,46,188,55,44,45,131,47,68,123,50,86,52,91,69,88,53,59,11,57,132,7,175,62,120,74,89,67,48,63,29,164,4,73,41,114,112,165,153,26,77,60,24,0,84,85,66,118,124,51,90,191,197,168,14,187,101,81,36,33,100,111,122,98,139,105,180,107,158,30,64,96,76,134,2,173,116,10,42,27,169,142,39,95,1,125,145,127,128,129,18,181,148,133,103,92,136,137,43,194,146,9,31,82,144,121,162,171,149,193,78,151,97,130,113,155,17,21,108,159,109,135,140,106,65,94,166,80,93,178,170,75,172,79,117,102,110,177,40,179,58,161,182,22,195,83,186,54,119,72,71,56,5,141,19,184,70,104,143,160,];False
6905;7906;14811;[198,174,190,32,189,87,6,61,38,163,199,49,12,185,167,15,16,156,147,196,192,150,20,23,176,3,157,183,37,138,126,115,25,99,34,35,152,28,8,154,13,46,188,55,44,45,131,47,68,123,50,86,52,91,69,88,53,59,11,57,132,7,175,62,120,2,89,67,48,63,29,164,4,73,41,114,112,165,153,26,77,60,24,0,84,85,66,118,124,51,90,191,197,168,14,187,101,81,36,33,100,111,122,98,139,105,180,107,158,30,64,96,76,134,74,173,116,10,42,27,169,142,39,95,1,125,145,127,128,129,18,181,148,133,103,92,136,137,43,194,146,9,31,82,144,121,162,171,141,193,78,151,97,130,113,155,17,21,108,159,109,135,140,106,65,94,166,80,93,178,170,75,172,79,117,102,110,177,40,179,58,161,182,22,195,83,186,54,119,72,71,56,5,149,19,184,70,104,143,160,];False
6891;7917;14808;[198,174,190,32,189,87,6,61,38,163,199,49,12,185,167,15,16,156,147,196,192,150,20,23,176,3,157,183,37,138,126,115,25,99,34,35,152,28,8,154,13,46,188,55,44,45,131,47,68,123,50,86,52,91,69,88,53,59,11,57,132,7,175,62,120,2,89,67,48,63,29,164,4,73,41,114,0,165,153,26,77,60,24,112,84,85,66,118,124,51,90,191,197,168,14,187,101,81,36,33,100,111,122,98,139,105,180,107,158,30,64,96,76,134,74,173,116,10,42,27,169,142,39,95,1,125,145,127,128,129,18,181,148,133,103,92,136,137,43,194,146,9,31,82,144,121,162,171,149,193,78,151,97,130,113,155,17,21,108,159,109,135,140,106,65,94,166,80,93,178,170,75,172,79,117,102,110,177,40,179,58,161,182,22,195,83,186,54,119,72,71,56,5,141,19,184,70,104,143,160,];False
6872;7904;14776;[198,174,190,32,189,87,6,61,38,163,199,49,12,185,167,15,16,156,147,196,192,150,20,23,176,3,157,183,37,138,126,115,25,99,34,35,152,28,8,154,13,46,188,55,44,45,131,47,68,123,50,86,52,91,69,88,53,59,11,57,132,7,175,62,120,2,89,67,48,63,29,164,4,73,41,114,112,165,153,26,77,60,24,0,84,85,66,118,124,51,90,191,197,168,14,187,101,27,36,33,100,111,122,98,139,105,180,107,158,30,64,96,76,134,74,173,116,10,42,81,169,142,39,95,1,125,145,127,128,129,18,181,148,133,103,92,136,137,43,194,146,9,31,82,144,121,162,171,149,193,78,151,97,130,113,155,17,21,108,159,109,135,140,106,65,94,166,80,93,178,170,75,172,79,117,102,110,177,40,179,58,161,182,22,195,83,186,54,119,72,71,56,5,141,19,184,70,104,143,160,];True
6844;7928;14772;[198,174,190,32,189,87,6,61,38,163,199,49,12,185,167,15,16,156,147,196,192,150,20,23,176,3,157,183,37,138,126,115,25,99,34,35,152,28,8,154,13,46,188,55,44,45,131,47,68,123,50,86,52,91,69,88,53,59,11,57,132,7,175,62,120,2,89,67,48,63,29,164,4,73,41,114,112,165,153,26,77,60,24,0,84,85,66,118,124,51,90,191,197,168,14,187,101,81,36,33,100,111,122,98,139,105,180,107,158,30,64,96,76,134,74,173,116,10,42,27,169,142,1,95,39,125,145,127,128,129,18,181,148,133,103,92,136,137,43,194,146,9,31,82,144,121,162,171,149,193,78,151,97,130,113,155,17,21,108,159,109,135,140,106,65,94,166,80,93,178,170,75,172,79,117,102,110,177,40,179,58,161,182,22,195,83,186,54,119,72,71,56,5,141,19,184,70,104,143,160,];False
6851;7912;14763;[198,174,190,32,189,195,6,61,38,163,199,49,12,185,167,15,16,156,147,196,192,150,20,23,176,3,157,183,37,138,126,115,25,99,34,35,152,28,8,154,13,46,188,55,44,45,131,47,68,123,50,86,52,91,69,88,53,59,11,57,132,7,175,62,120,2,89,67,48,63,29,164,4,73,41,114,112,165,153,26,77,60,24,0,84,85,66,118,124,51,90,191,197,168,14,187,101,81,36,33,100,111,122,98,139,105,180,107,158,30,64,96,76,134,74,173,116,10,42,27,169,142,39,95,1,125,145,127,128,129,18,181,148,133,103,92,136,137,43,194,146,9,31,82,144,121,162,171,141,193,78,151,97,130,113,155,17,21,108,159,109,135,140,106,65,94,166,80,93,178,170,75,172,79,117,102,110,177,40,179,58,161,182,22,87,83,186,54,119,72,71,56,5,149,19,184,70,104,143,160,];True
6809;7928;14737;[198,174,190,32,189,87,6,61,38,163,199,49,12,185,167,15,16,156,147,196,192,150,20,23,176,3,157,183,37,138,126,115,25,74,34,35,152,28,8,154,13,46,188,55,44,45,131,47,68,123,50,86,52,91,69,88,53,59,11,57,132,7,175,62,120,2,89,67,48,63,29,164,4,73,41,114,112,165,153,26,77,60,24,0,84,85,66,118,124,51,90,191,197,168,14,187,101,27,36,33,100,111,122,98,139,105,180,107,158,30,64,96,76,134,99,173,116,10,42,81,169,142,39,95,1,125,145,127,128,129,18,181,148,133,103,92,136,137,43,194,146,9,31,82,144,121,162,171,149,193,78,151,97,130,113,155,17,21,108,159,109,135,140,106,65,94,166,80,93,178,170,75,172,79,117,102,110,177,40,179,58,161,182,22,195,83,186,54,119,72,71,56,5,141,19,184,70,104,143,160,];True
